/* Organism #5 Fitness: 35717.732000 Time: 0 */
genomestart 5
trait 1 0.000000 1.000000 0.814490 0.091676 0.882725 0.000000 0.420667 0.000000 
node 1 1 1 1
node 2 1 1 1
node 3 1 1 1
node 4 1 1 1
node 5 1 1 1
node 6 1 1 1
node 7 1 1 1
node 8 1 1 1
node 9 1 1 1
node 10 1 1 1
node 11 1 1 1
node 12 1 1 1
node 13 1 1 1
node 14 1 1 1
node 15 1 1 1
node 16 1 1 1
node 17 1 1 1
node 18 1 1 1
node 19 1 1 1
node 20 1 1 1
node 21 1 1 1
node 22 1 1 1
node 23 1 1 1
node 24 1 1 1
node 25 1 1 1
node 26 1 1 1
node 27 1 1 1
node 28 1 1 1
node 29 1 1 1
node 30 1 1 3
node 31 1 0 2
node 32 1 0 2
node 33 1 0 2
gene 1 1 31 1.47678 0 1 1.47678 1
gene 1 1 32 -3.2032 0 2 -3.2032 1
gene 1 1 33 -0.482074 0 3 -0.482074 1
gene 1 2 31 -1.19192 0 4 -1.19192 1
gene 1 2 32 -0.860436 0 5 -0.860436 1
gene 1 2 33 -1.43499 0 6 -1.43499 1
gene 1 3 31 0.431498 0 7 0.431498 1
gene 1 3 32 -2.16479 0 8 -2.16479 1
gene 1 3 33 -0.567656 0 9 -0.567656 1
gene 1 4 31 -0.928441 0 10 -0.928441 1
gene 1 4 32 0.167263 0 11 0.167263 1
gene 1 4 33 -1.07068 0 12 -1.07068 1
gene 1 5 31 0.653936 0 13 0.653936 1
gene 1 5 32 0.347142 0 14 0.347142 1
gene 1 5 33 -1.62148 0 15 -1.62148 1
gene 1 6 31 -0.784684 0 16 -0.784684 1
gene 1 6 32 -0.93556 0 17 -0.93556 1
gene 1 6 33 0.349879 0 18 0.349879 1
gene 1 7 31 0.229271 0 19 0.229271 1
gene 1 7 32 0.599336 0 20 0.599336 1
gene 1 7 33 0.163661 0 21 0.163661 1
gene 1 8 31 -0.959228 0 22 -0.959228 1
gene 1 8 32 3.85067 0 23 3.85067 1
gene 1 8 33 0.0728706 0 24 0.0728706 1
gene 1 9 31 -0.430958 0 25 -0.430958 1
gene 1 9 32 1.42045 0 26 1.42045 1
gene 1 9 33 -1.92483 0 27 -1.92483 1
gene 1 10 31 -0.290899 0 28 -0.290899 1
gene 1 10 32 -0.384138 0 29 -0.384138 1
gene 1 10 33 0.581466 0 30 0.581466 1
gene 1 11 31 -0.934729 0 31 -0.934729 1
gene 1 11 32 0.639518 0 32 0.639518 1
gene 1 11 33 1.82422 0 33 1.82422 1
gene 1 12 31 0.264692 0 34 0.264692 1
gene 1 12 32 -0.96299 0 35 -0.96299 1
gene 1 12 33 0.206953 0 36 0.206953 1
gene 1 13 31 -1.69389 0 37 -1.69389 1
gene 1 13 32 -0.318368 0 38 -0.318368 1
gene 1 13 33 0.168721 0 39 0.168721 1
gene 1 14 31 1.32444 0 40 1.32444 1
gene 1 14 32 0.854987 0 41 0.854987 1
gene 1 14 33 -1.07872 0 42 -1.07872 1
gene 1 15 31 0.027946 0 43 0.027946 1
gene 1 15 32 0.44784 0 44 0.44784 1
gene 1 15 33 -0.462133 0 45 -0.462133 1
gene 1 16 31 2.34333 0 46 2.34333 1
gene 1 16 32 -1.81818 0 47 -1.81818 1
gene 1 16 33 -0.492917 0 48 -0.492917 1
gene 1 17 31 0.788986 0 49 0.788986 1
gene 1 17 32 0.357332 0 50 0.357332 1
gene 1 17 33 0.396148 0 51 0.396148 1
gene 1 18 31 0.957509 0 52 0.957509 1
gene 1 18 32 1.74932 0 53 1.74932 1
gene 1 18 33 -0.633158 0 54 -0.633158 1
gene 1 19 31 1.78985 0 55 1.78985 1
gene 1 19 32 0.810154 0 56 0.810154 1
gene 1 19 33 0.923781 0 57 0.923781 1
gene 1 20 31 -0.78762 0 58 -0.78762 1
gene 1 20 32 -0.654707 0 59 -0.654707 1
gene 1 20 33 0.897872 0 60 0.897872 1
gene 1 21 31 -1.39698 0 61 -1.39698 1
gene 1 21 32 1.57957 0 62 1.57957 1
gene 1 21 33 -0.773695 0 63 -0.773695 1
gene 1 22 31 1.06612 0 64 1.06612 1
gene 1 22 32 0.706213 0 65 0.706213 1
gene 1 22 33 -0.347688 0 66 -0.347688 1
gene 1 23 31 -0.642881 0 67 -0.642881 1
gene 1 23 32 1.13429 0 68 1.13429 1
gene 1 23 33 -1.31967 0 69 -1.31967 1
gene 1 24 31 -4.85903 0 70 -4.85903 1
gene 1 24 32 2.6596 0 71 2.6596 1
gene 1 24 33 0.700282 0 72 0.700282 1
gene 1 25 31 1.0527 0 73 1.0527 1
gene 1 25 32 1.0878 0 74 1.0878 1
gene 1 25 33 0.33088 0 75 0.33088 1
gene 1 26 31 0.817547 0 76 0.817547 1
gene 1 26 32 -0.274819 0 77 -0.274819 1
gene 1 26 33 -1.32872 0 78 -1.32872 1
gene 1 27 31 1.77895 0 79 1.77895 1
gene 1 27 32 -1.38849 0 80 -1.38849 1
gene 1 27 33 0.0400148 0 81 0.0400148 1
gene 1 28 31 2.26337 0 82 2.26337 1
gene 1 28 32 -0.604065 0 83 -0.604065 1
gene 1 28 33 1.66675 0 84 1.66675 1
gene 1 29 31 -3.54058 0 85 -3.54058 1
gene 1 29 32 -0.716344 0 86 -0.716344 1
gene 1 29 33 -0.613856 0 87 -0.613856 1
gene 1 30 31 1.67284 0 88 1.67284 1
gene 1 30 32 1.42905 0 89 1.42905 1
gene 1 30 33 -0.797568 0 90 -0.797568 1
genomeend 5


