/* Organism #0 Fitness: 16159.672000 Time: 0 */
genomestart 0
trait 1 0.000000 0.059019 0.822679 0.038692 0.906345 0.734294 1.000000 0.787238 
node 1 1 1 1
node 2 1 1 1
node 3 1 1 1
node 4 1 1 1
node 5 1 1 1
node 6 1 1 1
node 7 1 1 1
node 8 1 1 1
node 9 1 1 1
node 10 1 1 1
node 11 1 1 1
node 12 1 1 1
node 13 1 1 1
node 14 1 1 1
node 15 1 1 1
node 16 1 1 1
node 17 1 1 1
node 18 1 1 1
node 19 1 1 1
node 20 1 1 1
node 21 1 1 1
node 22 1 1 1
node 23 1 1 1
node 24 1 1 1
node 25 1 1 1
node 26 1 1 1
node 27 1 1 1
node 28 1 1 1
node 29 1 1 1
node 30 1 1 3
node 31 1 0 2
node 32 1 0 2
node 33 1 0 2
gene 1 1 31 1.80636 0 1 1.80636 1
gene 1 1 32 -2.75301 0 2 -2.75301 1
gene 1 1 33 0.572493 0 3 0.572493 1
gene 1 2 31 -0.676662 0 4 -0.676662 1
gene 1 2 32 -2.59367 0 5 -2.59367 1
gene 1 2 33 0.116316 0 6 0.116316 1
gene 1 3 31 -2.23574 0 7 -2.23574 1
gene 1 3 32 1.85103 0 8 1.85103 1
gene 1 3 33 0.606876 0 9 0.606876 1
gene 1 4 31 -2.12314 0 10 -2.12314 1
gene 1 4 32 -0.327962 0 11 -0.327962 1
gene 1 4 33 3.00972 0 12 3.00972 1
gene 1 5 31 1.10176 0 13 1.10176 1
gene 1 5 32 -3.06788 0 14 -3.06788 1
gene 1 5 33 -1.25361 0 15 -1.25361 1
gene 1 6 31 5 0 16 5 1
gene 1 6 32 0.989855 0 17 0.989855 1
gene 1 6 33 2.33918 0 18 2.33918 1
gene 1 7 31 1.90492 0 19 1.90492 1
gene 1 7 32 -1.19396 0 20 -1.19396 1
gene 1 7 33 -0.393245 0 21 -0.393245 1
gene 1 8 31 -4.72705 0 22 -4.72705 1
gene 1 8 32 -3.14835 0 23 -3.14835 1
gene 1 8 33 -2.39719 0 24 -2.39719 1
gene 1 9 31 0.218996 0 25 0.218996 1
gene 1 9 32 -2.85885 0 26 -2.85885 1
gene 1 9 33 1.32038 0 27 1.32038 1
gene 1 10 31 2.42061 0 28 2.42061 1
gene 1 10 32 1.37694 0 29 1.37694 1
gene 1 10 33 2.26305 0 30 2.26305 1
gene 1 11 31 1.91442 0 31 1.91442 1
gene 1 11 32 -0.274733 0 32 -0.274733 1
gene 1 11 33 -1.72741 0 33 -1.72741 1
gene 1 12 31 2.81213 0 34 2.81213 1
gene 1 12 32 0.161678 0 35 0.161678 1
gene 1 12 33 3.61572 0 36 3.61572 1
gene 1 13 31 -0.829251 0 37 -0.829251 1
gene 1 13 32 5 0 38 5 1
gene 1 13 33 4.55082 0 39 4.55082 1
gene 1 14 31 -1.25175 0 40 -1.25175 1
gene 1 14 32 -4.65222 0 41 -4.65222 1
gene 1 14 33 -0.128567 0 42 -0.128567 1
gene 1 15 31 -1.41966 0 43 -1.41966 1
gene 1 15 32 -1.11733 0 44 -1.11733 1
gene 1 15 33 1.09267 0 45 1.09267 1
gene 1 16 31 -3.77483 0 46 -3.77483 1
gene 1 16 32 -4.03286 0 47 -4.03286 1
gene 1 16 33 4.3195 0 48 4.3195 1
gene 1 17 31 -1.27809 0 49 -1.27809 1
gene 1 17 32 0.427966 0 50 0.427966 1
gene 1 17 33 0.714409 0 51 0.714409 1
gene 1 18 31 -3.48954 0 52 -3.48954 1
gene 1 18 32 -5 0 53 -5 1
gene 1 18 33 1.50751 0 54 1.50751 1
gene 1 19 31 -4.15474 0 55 -4.15474 1
gene 1 19 32 -1.78884 0 56 -1.78884 1
gene 1 19 33 0.792562 0 57 0.792562 1
gene 1 20 31 0.692722 0 58 0.692722 1
gene 1 20 32 0.54718 0 59 0.54718 1
gene 1 20 33 -1.2062 0 60 -1.2062 1
gene 1 21 31 2.78113 0 61 2.78113 1
gene 1 21 32 -2.42195 0 62 -2.42195 1
gene 1 21 33 -1.11808 0 63 -1.11808 1
gene 1 22 31 -1.01933 0 64 -1.01933 1
gene 1 22 32 -1.75929 0 65 -1.75929 1
gene 1 22 33 -0.672519 0 66 -0.672519 1
gene 1 23 31 2.08147 0 67 2.08147 1
gene 1 23 32 -1.17156 0 68 -1.17156 1
gene 1 23 33 0.971128 0 69 0.971128 1
gene 1 24 31 -3.6165 0 70 -3.6165 1
gene 1 24 32 2.86447 0 71 2.86447 1
gene 1 24 33 1.0221 0 72 1.0221 1
gene 1 25 31 -1.24838 0 73 -1.24838 1
gene 1 25 32 -1.19004 0 74 -1.19004 1
gene 1 25 33 -0.16723 0 75 -0.16723 1
gene 1 26 31 -0.330906 0 76 -0.330906 1
gene 1 26 32 0.439663 0 77 0.439663 1
gene 1 26 33 0.493414 0 78 0.493414 1
gene 1 27 31 0.296837 0 79 0.296837 1
gene 1 27 32 -0.541295 0 80 -0.541295 1
gene 1 27 33 0.213202 0 81 0.213202 1
gene 1 28 31 2.34826 0 82 2.34826 1
gene 1 28 32 0.197328 0 83 0.197328 1
gene 1 28 33 -0.929085 0 84 -0.929085 1
gene 1 29 31 0.805225 0 85 0.805225 1
gene 1 29 32 0.0183512 0 86 0.0183512 1
gene 1 29 33 -0.782462 0 87 -0.782462 1
gene 1 30 31 1.83001 0 88 1.83001 1
gene 1 30 32 -0.343338 0 89 -0.343338 1
gene 1 30 33 -0.646978 0 90 -0.646978 1
genomeend 0


