/* Organism #0 Fitness: 16333.832000 Time: 0 */
genomestart 0
trait 1 0.925005 0.126858 1.000000 0.400882 0.046702 0.000000 0.237723 0.000000 
node 1 1 1 1
node 2 1 1 1
node 3 1 1 1
node 4 1 1 1
node 5 1 1 1
node 6 1 1 1
node 7 1 1 1
node 8 1 1 1
node 9 1 1 1
node 10 1 1 1
node 11 1 1 1
node 12 1 1 1
node 13 1 1 1
node 14 1 1 1
node 15 1 1 1
node 16 1 1 1
node 17 1 1 1
node 18 1 1 1
node 19 1 1 1
node 20 1 1 1
node 21 1 1 1
node 22 1 1 1
node 23 1 1 1
node 24 1 1 1
node 25 1 1 1
node 26 1 1 1
node 27 1 1 1
node 28 1 1 1
node 29 1 1 1
node 30 1 1 3
node 31 1 0 2
node 32 1 0 2
node 33 1 0 2
gene 1 1 31 -0.754391 0 1 -0.754391 1
gene 1 1 32 2.02024 0 2 2.02024 1
gene 1 1 33 -0.66322 0 3 -0.66322 1
gene 1 2 31 -1.25316 0 4 -1.25316 1
gene 1 2 32 -0.0697636 0 5 -0.0697636 1
gene 1 2 33 -0.418102 0 6 -0.418102 1
gene 1 3 31 -0.832953 0 7 -0.832953 1
gene 1 3 32 -3.10285 0 8 -3.10285 1
gene 1 3 33 -1.45913 0 9 -1.45913 1
gene 1 4 31 1.04362 0 10 1.04362 1
gene 1 4 32 -4.36439 0 11 -4.36439 1
gene 1 4 33 -1.426 0 12 -1.426 1
gene 1 5 31 3.17934 0 13 3.17934 1
gene 1 5 32 -0.790909 0 14 -0.790909 1
gene 1 5 33 -0.6712 0 15 -0.6712 1
gene 1 6 31 2.49835 0 16 2.49835 1
gene 1 6 32 -1.4251 0 17 -1.4251 1
gene 1 6 33 -1.72741 0 18 -1.72741 1
gene 1 7 31 1.19623 0 19 1.19623 1
gene 1 7 32 -0.168908 0 20 -0.168908 1
gene 1 7 33 1.11634 0 21 1.11634 1
gene 1 8 31 0.593877 0 22 0.593877 1
gene 1 8 32 -1.68696 0 23 -1.68696 1
gene 1 8 33 0.624956 0 24 0.624956 1
gene 1 9 31 -2.46588 0 25 -2.46588 1
gene 1 9 32 0.847498 0 26 0.847498 1
gene 1 9 33 0.454039 0 27 0.454039 1
gene 1 10 31 -1.79862 0 28 -1.79862 1
gene 1 10 32 2.06249 0 29 2.06249 1
gene 1 10 33 -0.332466 0 30 -0.332466 1
gene 1 11 31 4.79203 0 31 4.79203 1
gene 1 11 32 0.947505 0 32 0.947505 1
gene 1 11 33 1.81411 0 33 1.81411 1
gene 1 12 31 1.57019 0 34 1.57019 1
gene 1 12 32 -2.41034 0 35 -2.41034 1
gene 1 12 33 0.471066 0 36 0.471066 1
gene 1 13 31 -1.60137 0 37 -1.60137 1
gene 1 13 32 -0.714492 0 38 -0.714492 1
gene 1 13 33 -3.61653 0 39 -3.61653 1
gene 1 14 31 -4.86542 0 40 -4.86542 1
gene 1 14 32 -3.13218 0 41 -3.13218 1
gene 1 14 33 -1.72241 0 42 -1.72241 1
gene 1 15 31 -5 0 43 -5 1
gene 1 15 32 1.85061 0 44 1.85061 1
gene 1 15 33 2.87932 0 45 2.87932 1
gene 1 16 31 -3.34959 0 46 -3.34959 1
gene 1 16 32 -3.13826 0 47 -3.13826 1
gene 1 16 33 -1.39675 0 48 -1.39675 1
gene 1 17 31 2.07045 0 49 2.07045 1
gene 1 17 32 1.48695 0 50 1.48695 1
gene 1 17 33 -0.881361 0 51 -0.881361 1
gene 1 18 31 -2.7892 0 52 -2.7892 1
gene 1 18 32 -5 0 53 -5 1
gene 1 18 33 0.289501 0 54 0.289501 1
gene 1 19 31 -3.78874 0 55 -3.78874 1
gene 1 19 32 -2.78868 0 56 -2.78868 1
gene 1 19 33 -1.27092 0 57 -1.27092 1
gene 1 20 31 0.129953 0 58 0.129953 1
gene 1 20 32 -2.8604 0 59 -2.8604 1
gene 1 20 33 -0.968456 0 60 -0.968456 1
gene 1 21 31 2.37346 0 61 2.37346 1
gene 1 21 32 -5 0 62 -5 1
gene 1 21 33 1.72625 0 63 1.72625 1
gene 1 22 31 -1.752 0 64 -1.752 1
gene 1 22 32 0.139191 0 65 0.139191 1
gene 1 22 33 -5 0 66 -5 1
gene 1 23 31 1.60524 0 67 1.60524 1
gene 1 23 32 -1.66755 0 68 -1.66755 1
gene 1 23 33 3.30808 0 69 3.30808 1
gene 1 24 31 4.14888 0 70 4.14888 1
gene 1 24 32 -0.462312 0 71 -0.462312 1
gene 1 24 33 3.25902 0 72 3.25902 1
gene 1 25 31 3.90531 0 73 3.90531 1
gene 1 25 32 0.0127222 0 74 0.0127222 1
gene 1 25 33 0.528606 0 75 0.528606 1
gene 1 26 31 1.3328 0 76 1.3328 1
gene 1 26 32 0.3538 0 77 0.3538 1
gene 1 26 33 0.944856 0 78 0.944856 1
gene 1 27 31 -0.421883 0 79 -0.421883 1
gene 1 27 32 0.215032 0 80 0.215032 1
gene 1 27 33 -0.469681 0 81 -0.469681 1
gene 1 28 31 -3.48315 0 82 -3.48315 1
gene 1 28 32 -0.598875 0 83 -0.598875 1
gene 1 28 33 0.12544 0 84 0.12544 1
gene 1 29 31 -0.190549 0 85 -0.190549 1
gene 1 29 32 -0.638756 0 86 -0.638756 1
gene 1 29 33 -0.126379 0 87 -0.126379 1
gene 1 30 31 0.287728 0 88 0.287728 1
gene 1 30 32 0.644457 0 89 0.644457 1
gene 1 30 33 -2.09487 0 90 -2.09487 1
genomeend 0


