/* Organism #4 Fitness: 15029.894000 Time: 0 */
genomestart 4
trait 1 0.000000 0.000000 0.000000 0.000000 1.000000 0.000000 0.969219 0.073230 
node 1 1 1 1
node 2 1 1 1
node 3 1 1 1
node 4 1 1 1
node 5 1 1 1
node 6 1 1 1
node 7 1 1 1
node 8 1 1 1
node 9 1 1 1
node 10 1 1 1
node 11 1 1 1
node 12 1 1 1
node 13 1 1 1
node 14 1 1 1
node 15 1 1 1
node 16 1 1 1
node 17 1 1 1
node 18 1 1 1
node 19 1 1 1
node 20 1 1 1
node 21 1 1 1
node 22 1 1 1
node 23 1 1 1
node 24 1 1 1
node 25 1 1 1
node 26 1 1 3
node 27 1 0 2
node 28 1 0 2
node 29 1 0 2
gene 1 1 27 -0.331009 0 1 -0.331009 1
gene 1 1 28 -2.86501 0 2 -2.86501 1
gene 1 1 29 -1.68292 0 3 -1.68292 1
gene 1 2 27 1.35542 0 4 1.35542 1
gene 1 2 28 3.87272 0 5 3.87272 1
gene 1 2 29 1.08441 0 6 1.08441 1
gene 1 3 27 -4.93823 0 7 -4.93823 1
gene 1 3 28 2.34852 0 8 2.34852 1
gene 1 3 29 -2.57033 0 9 -2.57033 1
gene 1 4 27 -1.68088 0 10 -1.68088 1
gene 1 4 28 1.33787 0 11 1.33787 1
gene 1 4 29 2.37084 0 12 2.37084 1
gene 1 5 27 -1.20296 0 13 -1.20296 1
gene 1 5 28 1.71377 0 14 1.71377 1
gene 1 5 29 -2.12855 0 15 -2.12855 1
gene 1 6 27 -4.53934 0 16 -4.53934 1
gene 1 6 28 1.00745 0 17 1.00745 1
gene 1 6 29 -0.551795 0 18 -0.551795 1
gene 1 7 27 0.179426 0 19 0.179426 1
gene 1 7 28 0.45008 0 20 0.45008 1
gene 1 7 29 4.63019 0 21 4.63019 1
gene 1 8 27 3.50503 0 22 3.50503 1
gene 1 8 28 -4.67733 0 23 -4.67733 1
gene 1 8 29 -2.69576 0 24 -2.69576 1
gene 1 9 27 -1.20083 0 25 -1.20083 1
gene 1 9 28 -1.43172 0 26 -1.43172 1
gene 1 9 29 -1.27876 0 27 -1.27876 1
gene 1 10 27 3.07841 0 28 3.07841 1
gene 1 10 28 1.32272 0 29 1.32272 1
gene 1 10 29 0.646222 0 30 0.646222 1
gene 1 11 27 0.52449 0 31 0.52449 1
gene 1 11 28 1.6042 0 32 1.6042 1
gene 1 11 29 -0.717692 0 33 -0.717692 1
gene 1 12 27 -2.43789 0 34 -2.43789 1
gene 1 12 28 4.39238 0 35 4.39238 1
gene 1 12 29 2.5715 0 36 2.5715 1
gene 1 13 27 -4.52247 0 37 -4.52247 1
gene 1 13 28 4.12322 0 38 4.12322 1
gene 1 13 29 0.208369 0 39 0.208369 1
gene 1 14 27 -1.14957 0 40 -1.14957 1
gene 1 14 28 -4.96242 0 41 -4.96242 1
gene 1 14 29 1.39446 0 42 1.39446 1
gene 1 15 27 3.18845 0 43 3.18845 1
gene 1 15 28 -2.54301 0 44 -2.54301 1
gene 1 15 29 -0.0129414 0 45 -0.0129414 1
gene 1 16 27 -2.77555 0 46 -2.77555 1
gene 1 16 28 1.00045 0 47 1.00045 1
gene 1 16 29 -0.497976 0 48 -0.497976 1
gene 1 17 27 1.27956 0 49 1.27956 1
gene 1 17 28 0.632811 0 50 0.632811 1
gene 1 17 29 4.67095 0 51 4.67095 1
gene 1 18 27 -0.978248 0 52 -0.978248 1
gene 1 18 28 3.55847 0 53 3.55847 1
gene 1 18 29 -3.29452 0 54 -3.29452 1
gene 1 19 27 -4.46559 0 55 -4.46559 1
gene 1 19 28 1.44797 0 56 1.44797 1
gene 1 19 29 -3.17231 0 57 -3.17231 1
gene 1 20 27 -1.64871 0 58 -1.64871 1
gene 1 20 28 0.177298 0 59 0.177298 1
gene 1 20 29 0.773035 0 60 0.773035 1
gene 1 21 27 4.03114 0 61 4.03114 1
gene 1 21 28 2.31507 0 62 2.31507 1
gene 1 21 29 -1.20737 0 63 -1.20737 1
gene 1 22 27 1.2234 0 64 1.2234 1
gene 1 22 28 -2.82601 0 65 -2.82601 1
gene 1 22 29 2.5988 0 66 2.5988 1
gene 1 23 27 2.78121 0 67 2.78121 1
gene 1 23 28 -0.421022 0 68 -0.421022 1
gene 1 23 29 -0.454783 0 69 -0.454783 1
gene 1 24 27 -0.733114 0 70 -0.733114 1
gene 1 24 28 -0.227589 0 71 -0.227589 1
gene 1 24 29 -0.284685 0 72 -0.284685 1
gene 1 25 27 -0.79456 0 73 -0.79456 1
gene 1 25 28 -0.983885 0 74 -0.983885 1
gene 1 25 29 0.783187 0 75 0.783187 1
gene 1 26 27 -0.237358 0 76 -0.237358 1
gene 1 26 28 -4.54153 0 77 -4.54153 1
gene 1 26 29 -0.691258 0 78 -0.691258 1
genomeend 4


