/* Organism #1 Fitness: 14772.934000 Time: 0 */
genomestart 1
trait 1 0.964885 0.000000 0.000000 0.726912 0.000000 0.599481 0.620291 0.000000 
node 1 1 1 1
node 2 1 1 1
node 3 1 1 1
node 4 1 1 1
node 5 1 1 1
node 6 1 1 1
node 7 1 1 1
node 8 1 1 1
node 9 1 1 1
node 10 1 1 1
node 11 1 1 1
node 12 1 1 1
node 13 1 1 1
node 14 1 1 1
node 15 1 1 1
node 16 1 1 1
node 17 1 1 1
node 18 1 1 1
node 19 1 1 1
node 20 1 1 1
node 21 1 1 1
node 22 1 1 1
node 23 1 1 1
node 24 1 1 1
node 25 1 1 1
node 26 1 1 3
node 27 1 0 2
node 28 1 0 2
node 29 1 0 2
gene 1 1 27 -3.14194 0 1 -3.14194 1
gene 1 1 28 -0.450683 0 2 -0.450683 1
gene 1 1 29 0.435832 0 3 0.435832 1
gene 1 2 27 -1.60369 0 4 -1.60369 1
gene 1 2 28 5 0 5 5 1
gene 1 2 29 0.252175 0 6 0.252175 1
gene 1 3 27 0.563698 0 7 0.563698 1
gene 1 3 28 4.66562 0 8 4.66562 1
gene 1 3 29 3.78596 0 9 3.78596 1
gene 1 4 27 1.61238 0 10 1.61238 1
gene 1 4 28 5 0 11 5 1
gene 1 4 29 -0.331689 0 12 -0.331689 1
gene 1 5 27 0.0169819 0 13 0.0169819 1
gene 1 5 28 2.70338 0 14 2.70338 1
gene 1 5 29 0.139498 0 15 0.139498 1
gene 1 6 27 2.20331 0 16 2.20331 1
gene 1 6 28 -4.26592 0 17 -4.26592 1
gene 1 6 29 1.01463 0 18 1.01463 1
gene 1 7 27 5 0 19 5 1
gene 1 7 28 -1.747 0 20 -1.747 1
gene 1 7 29 0.697175 0 21 0.697175 1
gene 1 8 27 -0.457953 0 22 -0.457953 1
gene 1 8 28 -4.49128 0 23 -4.49128 1
gene 1 8 29 -0.0454745 0 24 -0.0454745 1
gene 1 9 27 -2.50232 0 25 -2.50232 1
gene 1 9 28 -3.74984 0 26 -3.74984 1
gene 1 9 29 -2.89912 0 27 -2.89912 1
gene 1 10 27 -0.55023 0 28 -0.55023 1
gene 1 10 28 2.6794 0 29 2.6794 1
gene 1 10 29 0.110194 0 30 0.110194 1
gene 1 11 27 0.673882 0 31 0.673882 1
gene 1 11 28 -1.61214 0 32 -1.61214 1
gene 1 11 29 -0.84274 0 33 -0.84274 1
gene 1 12 27 -0.371432 0 34 -0.371432 1
gene 1 12 28 0.227663 0 35 0.227663 1
gene 1 12 29 0.580566 0 36 0.580566 1
gene 1 13 27 -1.16161 0 37 -1.16161 1
gene 1 13 28 -2.50666 0 38 -2.50666 1
gene 1 13 29 -1.07044 0 39 -1.07044 1
gene 1 14 27 -2.42868 0 40 -2.42868 1
gene 1 14 28 0.820515 0 41 0.820515 1
gene 1 14 29 -0.429337 0 42 -0.429337 1
gene 1 15 27 0.897242 0 43 0.897242 1
gene 1 15 28 -5 0 44 -5 1
gene 1 15 29 1.62863 0 45 1.62863 1
gene 1 16 27 0.957601 0 46 0.957601 1
gene 1 16 28 2.07537 0 47 2.07537 1
gene 1 16 29 1.49906 0 48 1.49906 1
gene 1 17 27 -0.982063 0 49 -0.982063 1
gene 1 17 28 -1.52774 0 50 -1.52774 1
gene 1 17 29 -2.59864 0 51 -2.59864 1
gene 1 18 27 4.11606 0 52 4.11606 1
gene 1 18 28 -2.07276 0 53 -2.07276 1
gene 1 18 29 -4.51213 0 54 -4.51213 1
gene 1 19 27 2.443 0 55 2.443 1
gene 1 19 28 0.310582 0 56 0.310582 1
gene 1 19 29 2.27344 0 57 2.27344 1
gene 1 20 27 0.155078 0 58 0.155078 1
gene 1 20 28 -1.89054 0 59 -1.89054 1
gene 1 20 29 -2.06862 0 60 -2.06862 1
gene 1 21 27 0.516105 0 61 0.516105 1
gene 1 21 28 -1.94256 0 62 -1.94256 1
gene 1 21 29 -2.25022 0 63 -2.25022 1
gene 1 22 27 0.825081 0 64 0.825081 1
gene 1 22 28 -0.669292 0 65 -0.669292 1
gene 1 22 29 -0.168422 0 66 -0.168422 1
gene 1 23 27 -1.03428 0 67 -1.03428 1
gene 1 23 28 0.351433 0 68 0.351433 1
gene 1 23 29 0.309199 0 69 0.309199 1
gene 1 24 27 0.658064 0 70 0.658064 1
gene 1 24 28 -0.103714 0 71 -0.103714 1
gene 1 24 29 -1.56522 0 72 -1.56522 1
gene 1 25 27 -0.205698 0 73 -0.205698 1
gene 1 25 28 -0.754845 0 74 -0.754845 1
gene 1 25 29 0.576352 0 75 0.576352 1
gene 1 26 27 -5 0 76 -5 1
gene 1 26 28 -3.0535 0 77 -3.0535 1
gene 1 26 29 0.19495 0 78 0.19495 1
genomeend 1


