/* Organism #12 Fitness: 13914.008000 Time: 0 */
genomestart 12
trait 1 0.000000 0.000000 0.000000 0.029832 0.000000 0.668439 0.147693 0.000000 
node 1 1 1 1
node 2 1 1 1
node 3 1 1 1
node 4 1 1 1
node 5 1 1 1
node 6 1 1 1
node 7 1 1 1
node 8 1 1 1
node 9 1 1 1
node 10 1 1 1
node 11 1 1 1
node 12 1 1 1
node 13 1 1 1
node 14 1 1 1
node 15 1 1 1
node 16 1 1 1
node 17 1 1 1
node 18 1 1 1
node 19 1 1 1
node 20 1 1 1
node 21 1 1 1
node 22 1 1 1
node 23 1 1 1
node 24 1 1 1
node 25 1 1 1
node 26 1 1 3
node 27 1 0 2
node 28 1 0 2
node 29 1 0 2
gene 1 1 27 -4.77416 0 1 -4.77416 1
gene 1 1 28 2.61817 0 2 2.61817 1
gene 1 1 29 -3.15039 0 3 -3.15039 1
gene 1 2 27 -2.69407 0 4 -2.69407 1
gene 1 2 28 3.24161 0 5 3.24161 1
gene 1 2 29 4.47193 0 6 4.47193 1
gene 1 3 27 -1.30017 0 7 -1.30017 1
gene 1 3 28 -0.26486 0 8 -0.26486 1
gene 1 3 29 1.47265 0 9 1.47265 1
gene 1 4 27 2.01903 0 10 2.01903 1
gene 1 4 28 -3.89003 0 11 -3.89003 1
gene 1 4 29 -0.927021 0 12 -0.927021 1
gene 1 5 27 2.03854 0 13 2.03854 1
gene 1 5 28 1.20362 0 14 1.20362 1
gene 1 5 29 1.78341 0 15 1.78341 1
gene 1 6 27 1.48365 0 16 1.48365 1
gene 1 6 28 -1.50744 0 17 -1.50744 1
gene 1 6 29 -2.41022 0 18 -2.41022 1
gene 1 7 27 4.35967 0 19 4.35967 1
gene 1 7 28 0.477356 0 20 0.477356 1
gene 1 7 29 3.0552 0 21 3.0552 1
gene 1 8 27 -0.433397 0 22 -0.433397 1
gene 1 8 28 1.10384 0 23 1.10384 1
gene 1 8 29 1.368 0 24 1.368 1
gene 1 9 27 4.23924 0 25 4.23924 1
gene 1 9 28 -2.09879 0 26 -2.09879 1
gene 1 9 29 0.984916 0 27 0.984916 1
gene 1 10 27 -0.315888 0 28 -0.315888 1
gene 1 10 28 1.81097 0 29 1.81097 1
gene 1 10 29 -3.6042 0 30 -3.6042 1
gene 1 11 27 0.424172 0 31 0.424172 1
gene 1 11 28 -5 0 32 -5 1
gene 1 11 29 0.167054 0 33 0.167054 1
gene 1 12 27 1.73578 0 34 1.73578 1
gene 1 12 28 1.07816 0 35 1.07816 1
gene 1 12 29 0.779589 0 36 0.779589 1
gene 1 13 27 0.984821 0 37 0.984821 1
gene 1 13 28 1.58818 0 38 1.58818 1
gene 1 13 29 0.0588686 0 39 0.0588686 1
gene 1 14 27 -0.612259 0 40 -0.612259 1
gene 1 14 28 -1.01713 0 41 -1.01713 1
gene 1 14 29 2.17758 0 42 2.17758 1
gene 1 15 27 0.305428 0 43 0.305428 1
gene 1 15 28 0.465534 0 44 0.465534 1
gene 1 15 29 3.59269 0 45 3.59269 1
gene 1 16 27 0.194736 0 46 0.194736 1
gene 1 16 28 0.596529 0 47 0.596529 1
gene 1 16 29 1.39463 0 48 1.39463 1
gene 1 17 27 1.64093 0 49 1.64093 1
gene 1 17 28 -3.40666 0 50 -3.40666 1
gene 1 17 29 -1.07644 0 51 -1.07644 1
gene 1 18 27 4.95679 0 52 4.95679 1
gene 1 18 28 2.35511 0 53 2.35511 1
gene 1 18 29 -1.88376 0 54 -1.88376 1
gene 1 19 27 -0.142255 0 55 -0.142255 1
gene 1 19 28 -1.73231 0 56 -1.73231 1
gene 1 19 29 1.21594 0 57 1.21594 1
gene 1 20 27 -0.243372 0 58 -0.243372 1
gene 1 20 28 -1.26267 0 59 -1.26267 1
gene 1 20 29 0.0165868 0 60 0.0165868 1
gene 1 21 27 1.44507 0 61 1.44507 1
gene 1 21 28 -2.46675 0 62 -2.46675 1
gene 1 21 29 1.69988 0 63 1.69988 1
gene 1 22 27 -3.24545 0 64 -3.24545 1
gene 1 22 28 -0.735136 0 65 -0.735136 1
gene 1 22 29 0.8035 0 66 0.8035 1
gene 1 23 27 -1.55803 0 67 -1.55803 1
gene 1 23 28 0.913076 0 68 0.913076 1
gene 1 23 29 1.35548 0 69 1.35548 1
gene 1 24 27 -0.560942 0 70 -0.560942 1
gene 1 24 28 0.360824 0 71 0.360824 1
gene 1 24 29 -0.0224444 0 72 -0.0224444 1
gene 1 25 27 0.410256 0 73 0.410256 1
gene 1 25 28 0.991215 0 74 0.991215 1
gene 1 25 29 -0.691822 0 75 -0.691822 1
gene 1 26 27 -5 0 76 -5 1
gene 1 26 28 -1.70098 0 77 -1.70098 1
gene 1 26 29 -0.677962 0 78 -0.677962 1
genomeend 12


