/* Organism #18 Fitness: 14309.548000 Time: 0 */
genomestart 18
trait 1 0.887185 0.000000 0.000000 0.198433 1.000000 1.000000 0.000000 0.531373 
node 1 1 1 1
node 2 1 1 1
node 3 1 1 1
node 4 1 1 1
node 5 1 1 1
node 6 1 1 1
node 7 1 1 1
node 8 1 1 1
node 9 1 1 1
node 10 1 1 1
node 11 1 1 1
node 12 1 1 1
node 13 1 1 1
node 14 1 1 1
node 15 1 1 1
node 16 1 1 1
node 17 1 1 1
node 18 1 1 1
node 19 1 1 1
node 20 1 1 1
node 21 1 1 1
node 22 1 1 1
node 23 1 1 1
node 24 1 1 1
node 25 1 1 1
node 26 1 1 3
node 27 1 0 2
node 28 1 0 2
node 29 1 0 2
gene 1 1 27 5 0 1 5 1
gene 1 1 28 -3.65571 0 2 -3.65571 1
gene 1 1 29 -1.70722 0 3 -1.70722 1
gene 1 2 27 -3.22173 0 4 -3.22173 1
gene 1 2 28 4.43888 0 5 4.43888 1
gene 1 2 29 0.820121 0 6 0.820121 1
gene 1 3 27 0.883056 0 7 0.883056 1
gene 1 3 28 1.85805 0 8 1.85805 1
gene 1 3 29 -5 0 9 -5 1
gene 1 4 27 -0.531667 0 10 -0.531667 1
gene 1 4 28 1.69865 0 11 1.69865 1
gene 1 4 29 -2.13423 0 12 -2.13423 1
gene 1 5 27 1.10255 0 13 1.10255 1
gene 1 5 28 1.86801 0 14 1.86801 1
gene 1 5 29 0.023712 0 15 0.023712 1
gene 1 6 27 -2.10278 0 16 -2.10278 1
gene 1 6 28 0.945835 0 17 0.945835 1
gene 1 6 29 4.02704 0 18 4.02704 1
gene 1 7 27 0.0218125 0 19 0.0218125 1
gene 1 7 28 -2.34834 0 20 -2.34834 1
gene 1 7 29 -1.29072 0 21 -1.29072 1
gene 1 8 27 1.52819 0 22 1.52819 1
gene 1 8 28 -1.82137 0 23 -1.82137 1
gene 1 8 29 0.174821 0 24 0.174821 1
gene 1 9 27 -3.52701 0 25 -3.52701 1
gene 1 9 28 -5 0 26 -5 1
gene 1 9 29 4.83805 0 27 4.83805 1
gene 1 10 27 2.67163 0 28 2.67163 1
gene 1 10 28 0.758024 0 29 0.758024 1
gene 1 10 29 -2.94611 0 30 -2.94611 1
gene 1 11 27 2.03291 0 31 2.03291 1
gene 1 11 28 0.89737 0 32 0.89737 1
gene 1 11 29 -2.70756 0 33 -2.70756 1
gene 1 12 27 -0.474034 0 34 -0.474034 1
gene 1 12 28 1.68289 0 35 1.68289 1
gene 1 12 29 1.92307 0 36 1.92307 1
gene 1 13 27 -0.194941 0 37 -0.194941 1
gene 1 13 28 -2.72974 0 38 -2.72974 1
gene 1 13 29 0.89757 0 39 0.89757 1
gene 1 14 27 2.30041 0 40 2.30041 1
gene 1 14 28 0.818565 0 41 0.818565 1
gene 1 14 29 -2.09115 0 42 -2.09115 1
gene 1 15 27 -2.1094 0 43 -2.1094 1
gene 1 15 28 1.73809 0 44 1.73809 1
gene 1 15 29 -1.0425 0 45 -1.0425 1
gene 1 16 27 -3.14427 0 46 -3.14427 1
gene 1 16 28 -0.046382 0 47 -0.046382 1
gene 1 16 29 -2.71798 0 48 -2.71798 1
gene 1 17 27 -0.813185 0 49 -0.813185 1
gene 1 17 28 0.0700092 0 50 0.0700092 1
gene 1 17 29 3.49808 0 51 3.49808 1
gene 1 18 27 -4.43166 0 52 -4.43166 1
gene 1 18 28 5 0 53 5 1
gene 1 18 29 -2.60232 0 54 -2.60232 1
gene 1 19 27 0.819933 0 55 0.819933 1
gene 1 19 28 0.805889 0 56 0.805889 1
gene 1 19 29 0.149404 0 57 0.149404 1
gene 1 20 27 -3.90288 0 58 -3.90288 1
gene 1 20 28 0.110924 0 59 0.110924 1
gene 1 20 29 -3.5928 0 60 -3.5928 1
gene 1 21 27 0.526194 0 61 0.526194 1
gene 1 21 28 -1.06267 0 62 -1.06267 1
gene 1 21 29 -1.01266 0 63 -1.01266 1
gene 1 22 27 1.4002 0 64 1.4002 1
gene 1 22 28 -0.746348 0 65 -0.746348 1
gene 1 22 29 -0.480353 0 66 -0.480353 1
gene 1 23 27 0.0245431 0 67 0.0245431 1
gene 1 23 28 -1.72786 0 68 -1.72786 1
gene 1 23 29 0.658016 0 69 0.658016 1
gene 1 24 27 0.809449 0 70 0.809449 1
gene 1 24 28 0.922517 0 71 0.922517 1
gene 1 24 29 0.805857 0 72 0.805857 1
gene 1 25 27 0.235653 0 73 0.235653 1
gene 1 25 28 0.302943 0 74 0.302943 1
gene 1 25 29 0.0465629 0 75 0.0465629 1
gene 1 26 27 -0.160182 0 76 -0.160182 1
gene 1 26 28 -4.88069 0 77 -4.88069 1
gene 1 26 29 0.131487 0 78 0.131487 1
genomeend 18


