/* Organism #4 Fitness: 14360.268000 Time: 0 */
genomestart 4
trait 1 0.000000 0.000000 0.000000 1.000000 0.402299 0.098438 0.654721 0.000000 
node 1 1 1 1
node 2 1 1 1
node 3 1 1 1
node 4 1 1 1
node 5 1 1 1
node 6 1 1 1
node 7 1 1 1
node 8 1 1 1
node 9 1 1 1
node 10 1 1 1
node 11 1 1 1
node 12 1 1 1
node 13 1 1 1
node 14 1 1 1
node 15 1 1 1
node 16 1 1 1
node 17 1 1 1
node 18 1 1 1
node 19 1 1 1
node 20 1 1 1
node 21 1 1 1
node 22 1 1 1
node 23 1 1 1
node 24 1 1 1
node 25 1 1 1
node 26 1 1 3
node 27 1 0 2
node 28 1 0 2
node 29 1 0 2
gene 1 1 27 -3.662 0 1 -3.662 1
gene 1 1 28 -1.25671 0 2 -1.25671 1
gene 1 1 29 -3.8339 0 3 -3.8339 1
gene 1 2 27 -0.180994 0 4 -0.180994 1
gene 1 2 28 2.86681 0 5 2.86681 1
gene 1 2 29 -3.38442 0 6 -3.38442 1
gene 1 3 27 -0.188511 0 7 -0.188511 1
gene 1 3 28 2.9652 0 8 2.9652 1
gene 1 3 29 -1.10251 0 9 -1.10251 1
gene 1 4 27 2.08941 0 10 2.08941 1
gene 1 4 28 2.55557 0 11 2.55557 1
gene 1 4 29 -1.43499 0 12 -1.43499 1
gene 1 5 27 3.12916 0 13 3.12916 1
gene 1 5 28 2.03044 0 14 2.03044 1
gene 1 5 29 -0.702333 0 15 -0.702333 1
gene 1 6 27 2.10453 0 16 2.10453 1
gene 1 6 28 0.832537 0 17 0.832537 1
gene 1 6 29 1.07239 0 18 1.07239 1
gene 1 7 27 5 0 19 5 1
gene 1 7 28 -2.05996 0 20 -2.05996 1
gene 1 7 29 0.00144037 0 21 0.00144037 1
gene 1 8 27 -0.231701 0 22 -0.231701 1
gene 1 8 28 -0.435358 0 23 -0.435358 1
gene 1 8 29 -2.42267 0 24 -2.42267 1
gene 1 9 27 3.25728 0 25 3.25728 1
gene 1 9 28 -4.15375 0 26 -4.15375 1
gene 1 9 29 -1.46475 0 27 -1.46475 1
gene 1 10 27 1.19456 0 28 1.19456 1
gene 1 10 28 2.23192 0 29 2.23192 1
gene 1 10 29 2.1163 0 30 2.1163 1
gene 1 11 27 0.274985 0 31 0.274985 1
gene 1 11 28 -3.47355 0 32 -3.47355 1
gene 1 11 29 1.07397 0 33 1.07397 1
gene 1 12 27 -0.430312 0 34 -0.430312 1
gene 1 12 28 2.04834 0 35 2.04834 1
gene 1 12 29 3.34344 0 36 3.34344 1
gene 1 13 27 0.876907 0 37 0.876907 1
gene 1 13 28 -1.43494 0 38 -1.43494 1
gene 1 13 29 0.905191 0 39 0.905191 1
gene 1 14 27 3.96149 0 40 3.96149 1
gene 1 14 28 0.624451 0 41 0.624451 1
gene 1 14 29 0.999282 0 42 0.999282 1
gene 1 15 27 0.65727 0 43 0.65727 1
gene 1 15 28 0.301853 0 44 0.301853 1
gene 1 15 29 -1.15013 0 45 -1.15013 1
gene 1 16 27 -0.623401 0 46 -0.623401 1
gene 1 16 28 -3.57898 0 47 -3.57898 1
gene 1 16 29 0.0127642 0 48 0.0127642 1
gene 1 17 27 1.63594 0 49 1.63594 1
gene 1 17 28 -0.688216 0 50 -0.688216 1
gene 1 17 29 -0.906672 0 51 -0.906672 1
gene 1 18 27 4.60488 0 52 4.60488 1
gene 1 18 28 -1.56288 0 53 -1.56288 1
gene 1 18 29 1.97158 0 54 1.97158 1
gene 1 19 27 -0.241959 0 55 -0.241959 1
gene 1 19 28 0.314564 0 56 0.314564 1
gene 1 19 29 1.57387 0 57 1.57387 1
gene 1 20 27 -0.867521 0 58 -0.867521 1
gene 1 20 28 -1.17382 0 59 -1.17382 1
gene 1 20 29 3.87559 0 60 3.87559 1
gene 1 21 27 0.374891 0 61 0.374891 1
gene 1 21 28 -1.7431 0 62 -1.7431 1
gene 1 21 29 -2.21715 0 63 -2.21715 1
gene 1 22 27 0.289589 0 64 0.289589 1
gene 1 22 28 0.34648 0 65 0.34648 1
gene 1 22 29 0.40342 0 66 0.40342 1
gene 1 23 27 0.0617211 0 67 0.0617211 1
gene 1 23 28 0.202386 0 68 0.202386 1
gene 1 23 29 0.651869 0 69 0.651869 1
gene 1 24 27 3.82575 0 70 3.82575 1
gene 1 24 28 0.886773 0 71 0.886773 1
gene 1 24 29 0.723635 0 72 0.723635 1
gene 1 25 27 -0.74162 0 73 -0.74162 1
gene 1 25 28 -0.325417 0 74 -0.325417 1
gene 1 25 29 -0.311501 0 75 -0.311501 1
gene 1 26 27 -4.44171 0 76 -4.44171 1
gene 1 26 28 -0.507579 0 77 -0.507579 1
gene 1 26 29 0.0445166 0 78 0.0445166 1
genomeend 4


