/* Organism #1 Fitness: 15011.326000 Time: 0 */
genomestart 1
trait 1 0.100000 0.000000 0.000000 0.911886 0.000000 0.000000 0.254618 0.000000 
node 1 1 1 1
node 2 1 1 1
node 3 1 1 1
node 4 1 1 1
node 5 1 1 1
node 6 1 1 1
node 7 1 1 1
node 8 1 1 1
node 9 1 1 1
node 10 1 1 1
node 11 1 1 1
node 12 1 1 1
node 13 1 1 1
node 14 1 1 1
node 15 1 1 1
node 16 1 1 1
node 17 1 1 1
node 18 1 1 1
node 19 1 1 1
node 20 1 1 1
node 21 1 1 1
node 22 1 1 1
node 23 1 1 1
node 24 1 1 1
node 25 1 1 1
node 26 1 1 3
node 27 1 0 2
node 28 1 0 2
node 29 1 0 2
gene 1 1 27 -5 0 1 -5 1
gene 1 1 28 -2.70251 0 2 -2.70251 1
gene 1 1 29 0.4356 0 3 0.4356 1
gene 1 2 27 -3.18566 0 4 -3.18566 1
gene 1 2 28 4.74293 0 5 4.74293 1
gene 1 2 29 2.60665 0 6 2.60665 1
gene 1 3 27 0.723235 0 7 0.723235 1
gene 1 3 28 2.75836 0 8 2.75836 1
gene 1 3 29 -0.531687 0 9 -0.531687 1
gene 1 4 27 1.05915 0 10 1.05915 1
gene 1 4 28 4.22003 0 11 4.22003 1
gene 1 4 29 0.407761 0 12 0.407761 1
gene 1 5 27 1.01752 0 13 1.01752 1
gene 1 5 28 2.0073 0 14 2.0073 1
gene 1 5 29 1.09391 0 15 1.09391 1
gene 1 6 27 2.8455 0 16 2.8455 1
gene 1 6 28 -0.84157 0 17 -0.84157 1
gene 1 6 29 -4.29021 0 18 -4.29021 1
gene 1 7 27 4.53227 0 19 4.53227 1
gene 1 7 28 0.538524 0 20 0.538524 1
gene 1 7 29 -0.328672 0 21 -0.328672 1
gene 1 8 27 0.19921 0 22 0.19921 1
gene 1 8 28 -1.1648 0 23 -1.1648 1
gene 1 8 29 -2.56939 0 24 -2.56939 1
gene 1 9 27 -0.83213 0 25 -0.83213 1
gene 1 9 28 0.381123 0 26 0.381123 1
gene 1 9 29 -0.12157 0 27 -0.12157 1
gene 1 10 27 2.86007 0 28 2.86007 1
gene 1 10 28 3.36426 0 29 3.36426 1
gene 1 10 29 2.13 0 30 2.13 1
gene 1 11 27 -2.13523 0 31 -2.13523 1
gene 1 11 28 0.660648 0 32 0.660648 1
gene 1 11 29 -3.99037 0 33 -3.99037 1
gene 1 12 27 -0.0299519 0 34 -0.0299519 1
gene 1 12 28 0.106192 0 35 0.106192 1
gene 1 12 29 2.96722 0 36 2.96722 1
gene 1 13 27 -1.67324 0 37 -1.67324 1
gene 1 13 28 -0.243933 0 38 -0.243933 1
gene 1 13 29 0.295888 0 39 0.295888 1
gene 1 14 27 2.42538 0 40 2.42538 1
gene 1 14 28 4.27791 0 41 4.27791 1
gene 1 14 29 2.07547 0 42 2.07547 1
gene 1 15 27 -2.43004 0 43 -2.43004 1
gene 1 15 28 -1.05575 0 44 -1.05575 1
gene 1 15 29 -1.92858 0 45 -1.92858 1
gene 1 16 27 -1.56793 0 46 -1.56793 1
gene 1 16 28 1.05058 0 47 1.05058 1
gene 1 16 29 -2.88069 0 48 -2.88069 1
gene 1 17 27 0.139409 0 49 0.139409 1
gene 1 17 28 3.41312 0 50 3.41312 1
gene 1 17 29 -1.49339 0 51 -1.49339 1
gene 1 18 27 4.56622 0 52 4.56622 1
gene 1 18 28 0.440469 0 53 0.440469 1
gene 1 18 29 -1.02035 0 54 -1.02035 1
gene 1 19 27 2.38398 0 55 2.38398 1
gene 1 19 28 -0.0787032 0 56 -0.0787032 1
gene 1 19 29 -3.69536 0 57 -3.69536 1
gene 1 20 27 -0.874008 0 58 -0.874008 1
gene 1 20 28 -0.76989 0 59 -0.76989 1
gene 1 20 29 2.19383 0 60 2.19383 1
gene 1 21 27 0.300698 0 61 0.300698 1
gene 1 21 28 -3.40442 0 62 -3.40442 1
gene 1 21 29 -1.27768 0 63 -1.27768 1
gene 1 22 27 -0.403449 0 64 -0.403449 1
gene 1 22 28 -0.755635 0 65 -0.755635 1
gene 1 22 29 0.113979 0 66 0.113979 1
gene 1 23 27 -2.11338 0 67 -2.11338 1
gene 1 23 28 0.713361 0 68 0.713361 1
gene 1 23 29 0.475968 0 69 0.475968 1
gene 1 24 27 0.523617 0 70 0.523617 1
gene 1 24 28 -0.51754 0 71 -0.51754 1
gene 1 24 29 1.52043 0 72 1.52043 1
gene 1 25 27 0.0866137 0 73 0.0866137 1
gene 1 25 28 -2.74794 0 74 -2.74794 1
gene 1 25 29 -1.38736 0 75 -1.38736 1
gene 1 26 27 -5 0 76 -5 1
gene 1 26 28 -5 0 77 -5 1
gene 1 26 29 -0.72325 0 78 -0.72325 1
genomeend 1


