/* Organism #1 Fitness: 14504.602000 Time: 0 */
genomestart 1
trait 1 0.192041 0.000000 0.000000 0.000000 0.000000 0.270627 0.000000 0.000000 
node 1 1 1 1
node 2 1 1 1
node 3 1 1 1
node 4 1 1 1
node 5 1 1 1
node 6 1 1 1
node 7 1 1 1
node 8 1 1 1
node 9 1 1 1
node 10 1 1 1
node 11 1 1 1
node 12 1 1 1
node 13 1 1 1
node 14 1 1 1
node 15 1 1 1
node 16 1 1 1
node 17 1 1 1
node 18 1 1 1
node 19 1 1 1
node 20 1 1 1
node 21 1 1 1
node 22 1 1 1
node 23 1 1 1
node 24 1 1 1
node 25 1 1 1
node 26 1 1 3
node 27 1 0 2
node 28 1 0 2
node 29 1 0 2
gene 1 1 27 -1.92287 0 1 -1.92287 1
gene 1 1 28 -3.78641 0 2 -3.78641 1
gene 1 1 29 0.533759 0 3 0.533759 1
gene 1 2 27 -0.198034 0 4 -0.198034 1
gene 1 2 28 4.41516 0 5 4.41516 1
gene 1 2 29 3.26568 0 6 3.26568 1
gene 1 3 27 -3.84045 0 7 -3.84045 1
gene 1 3 28 1.86179 0 8 1.86179 1
gene 1 3 29 -2.21679 0 9 -2.21679 1
gene 1 4 27 1.2779 0 10 1.2779 1
gene 1 4 28 2.54922 0 11 2.54922 1
gene 1 4 29 -2.1128 0 12 -2.1128 1
gene 1 5 27 1.28796 0 13 1.28796 1
gene 1 5 28 1.0228 0 14 1.0228 1
gene 1 5 29 0.92882 0 15 0.92882 1
gene 1 6 27 -3.20414 0 16 -3.20414 1
gene 1 6 28 -0.220598 0 17 -0.220598 1
gene 1 6 29 -0.3616 0 18 -0.3616 1
gene 1 7 27 0.287814 0 19 0.287814 1
gene 1 7 28 0.0698531 0 20 0.0698531 1
gene 1 7 29 -1.2109 0 21 -1.2109 1
gene 1 8 27 -1.92032 0 22 -1.92032 1
gene 1 8 28 -4.86916 0 23 -4.86916 1
gene 1 8 29 3.05012 0 24 3.05012 1
gene 1 9 27 -0.192948 0 25 -0.192948 1
gene 1 9 28 0.531131 0 26 0.531131 1
gene 1 9 29 -3.08533 0 27 -3.08533 1
gene 1 10 27 -5 0 28 -5 1
gene 1 10 28 -0.132784 0 29 -0.132784 1
gene 1 10 29 0.329544 0 30 0.329544 1
gene 1 11 27 -0.511547 0 31 -0.511547 1
gene 1 11 28 0.435893 0 32 0.435893 1
gene 1 11 29 -0.0934781 0 33 -0.0934781 1
gene 1 12 27 -1.84645 0 34 -1.84645 1
gene 1 12 28 -4.2807 0 35 -4.2807 1
gene 1 12 29 1.16516 0 36 1.16516 1
gene 1 13 27 1.29375 0 37 1.29375 1
gene 1 13 28 -0.566389 0 38 -0.566389 1
gene 1 13 29 -1.28056 0 39 -1.28056 1
gene 1 14 27 1.04075 0 40 1.04075 1
gene 1 14 28 -1.01683 0 41 -1.01683 1
gene 1 14 29 2.31344 0 42 2.31344 1
gene 1 15 27 -1.64949 0 43 -1.64949 1
gene 1 15 28 -0.637492 0 44 -0.637492 1
gene 1 15 29 1.22101 0 45 1.22101 1
gene 1 16 27 0.615741 0 46 0.615741 1
gene 1 16 28 4.16736 0 47 4.16736 1
gene 1 16 29 -1.49776 0 48 -1.49776 1
gene 1 17 27 -2.08065 0 49 -2.08065 1
gene 1 17 28 2.5084 0 50 2.5084 1
gene 1 17 29 -1.36592 0 51 -1.36592 1
gene 1 18 27 -1.13362 0 52 -1.13362 1
gene 1 18 28 3.09217 0 53 3.09217 1
gene 1 18 29 3.08974 0 54 3.08974 1
gene 1 19 27 -5 0 55 -5 1
gene 1 19 28 0.916795 0 56 0.916795 1
gene 1 19 29 -1.07137 0 57 -1.07137 1
gene 1 20 27 -0.772523 0 58 -0.772523 1
gene 1 20 28 0.160798 0 59 0.160798 1
gene 1 20 29 1.51945 0 60 1.51945 1
gene 1 21 27 1.68442 0 61 1.68442 1
gene 1 21 28 -0.426464 0 62 -0.426464 1
gene 1 21 29 -0.109185 0 63 -0.109185 1
gene 1 22 27 -0.0574703 0 64 -0.0574703 1
gene 1 22 28 -0.598174 0 65 -0.598174 1
gene 1 22 29 0.164451 0 66 0.164451 1
gene 1 23 27 -0.348657 0 67 -0.348657 1
gene 1 23 28 -1.44966 0 68 -1.44966 1
gene 1 23 29 0.757353 0 69 0.757353 1
gene 1 24 27 0.357682 0 70 0.357682 1
gene 1 24 28 0.465289 0 71 0.465289 1
gene 1 24 29 -0.146056 0 72 -0.146056 1
gene 1 25 27 0.778342 0 73 0.778342 1
gene 1 25 28 -0.419659 0 74 -0.419659 1
gene 1 25 29 -0.29014 0 75 -0.29014 1
gene 1 26 27 -1.01794 0 76 -1.01794 1
gene 1 26 28 -5 0 77 -5 1
gene 1 26 29 0.437157 0 78 0.437157 1
genomeend 1


