/* Organism #3 Fitness: 12363.124000 Time: 0 */
genomestart 3
trait 1 1.000000 0.000000 0.697363 0.000000 1.000000 1.000000 0.381860 0.213557 
node 1 1 1 1
node 2 1 1 1
node 3 1 1 1
node 4 1 1 1
node 5 1 1 1
node 6 1 1 1
node 7 1 1 1
node 8 1 1 1
node 9 1 1 1
node 10 1 1 1
node 11 1 1 1
node 12 1 1 1
node 13 1 1 1
node 14 1 1 1
node 15 1 1 1
node 16 1 1 1
node 17 1 1 1
node 18 1 1 1
node 19 1 1 1
node 20 1 1 1
node 21 1 1 1
node 22 1 1 1
node 23 1 1 1
node 24 1 1 1
node 25 1 1 1
node 26 1 1 1
node 27 1 1 1
node 28 1 1 1
node 29 1 1 1
node 30 1 1 1
node 31 1 1 1
node 32 1 1 1
node 33 1 1 1
node 34 1 1 1
node 35 1 1 3
node 36 1 0 2
node 37 1 0 2
node 38 1 0 2
node 39 1 0 2
gene 1 1 36 -3.38691 0 1 -3.38691 1
gene 1 1 37 -3.93205 0 2 -3.93205 1
gene 1 1 38 3.10582 0 3 3.10582 1
gene 1 1 39 0.182945 0 4 0.182945 1
gene 1 2 36 -0.401159 0 5 -0.401159 1
gene 1 2 37 0.906717 0 6 0.906717 1
gene 1 2 38 1.21299 0 7 1.21299 1
gene 1 2 39 -2.49565 0 8 -2.49565 1
gene 1 3 36 4.02124 0 9 4.02124 1
gene 1 3 37 0.132046 0 10 0.132046 1
gene 1 3 38 -0.50998 0 11 -0.50998 1
gene 1 3 39 0.905259 0 12 0.905259 1
gene 1 4 36 0.334993 0 13 0.334993 1
gene 1 4 37 1.83047 0 14 1.83047 1
gene 1 4 38 -0.917263 0 15 -0.917263 1
gene 1 4 39 0.848396 0 16 0.848396 1
gene 1 5 36 3.0206 0 17 3.0206 1
gene 1 5 37 -1.91485 0 18 -1.91485 1
gene 1 5 38 0.845897 0 19 0.845897 1
gene 1 5 39 3.61106 0 20 3.61106 1
gene 1 6 36 1.36735 0 21 1.36735 1
gene 1 6 37 1.05973 0 22 1.05973 1
gene 1 6 38 -0.239423 0 23 -0.239423 1
gene 1 6 39 3.19015 0 24 3.19015 1
gene 1 7 36 4.06489 0 25 4.06489 1
gene 1 7 37 -3.47555 0 26 -3.47555 1
gene 1 7 38 -0.4167 0 27 -0.4167 1
gene 1 7 39 2.41852 0 28 2.41852 1
gene 1 8 36 0.108295 0 29 0.108295 1
gene 1 8 37 0.0595174 0 30 0.0595174 1
gene 1 8 38 1.91886 0 31 1.91886 1
gene 1 8 39 -0.130076 0 32 -0.130076 1
gene 1 9 36 -1.76295 0 33 -1.76295 1
gene 1 9 37 -2.18616 0 34 -2.18616 1
gene 1 9 38 -1.64749 0 35 -1.64749 1
gene 1 9 39 1.59914 0 36 1.59914 1
gene 1 10 36 1.0335 0 37 1.0335 1
gene 1 10 37 1.36227 0 38 1.36227 1
gene 1 10 38 -0.345707 0 39 -0.345707 1
gene 1 10 39 0.0726205 0 40 0.0726205 1
gene 1 11 36 0.528775 0 41 0.528775 1
gene 1 11 37 1.79745 0 42 1.79745 1
gene 1 11 38 0.133902 0 43 0.133902 1
gene 1 11 39 -1.30783 0 44 -1.30783 1
gene 1 12 36 0.333355 0 45 0.333355 1
gene 1 12 37 1.13257 0 46 1.13257 1
gene 1 12 38 -5 0 47 -5 1
gene 1 12 39 -2.49424 0 48 -2.49424 1
gene 1 13 36 -0.958995 0 49 -0.958995 1
gene 1 13 37 1.0944 0 50 1.0944 1
gene 1 13 38 1.98054 0 51 1.98054 1
gene 1 13 39 1.29834 0 52 1.29834 1
gene 1 14 36 -1.24935 0 53 -1.24935 1
gene 1 14 37 -3.22843 0 54 -3.22843 1
gene 1 14 38 1.32935 0 55 1.32935 1
gene 1 14 39 0.938242 0 56 0.938242 1
gene 1 15 36 -2.07301 0 57 -2.07301 1
gene 1 15 37 -1.8936 0 58 -1.8936 1
gene 1 15 38 0.239547 0 59 0.239547 1
gene 1 15 39 -1.55377 0 60 -1.55377 1
gene 1 16 36 -1.50584 0 61 -1.50584 1
gene 1 16 37 -1.67759 0 62 -1.67759 1
gene 1 16 38 2.61342 0 63 2.61342 1
gene 1 16 39 -1.40377 0 64 -1.40377 1
gene 1 17 36 1.67388 0 65 1.67388 1
gene 1 17 37 -2.88895 0 66 -2.88895 1
gene 1 17 38 -1.467 0 67 -1.467 1
gene 1 17 39 -1.20003 0 68 -1.20003 1
gene 1 18 36 5 0 69 5 1
gene 1 18 37 -1.08534 0 70 -1.08534 1
gene 1 18 38 2.44711 0 71 2.44711 1
gene 1 18 39 1.41569 0 72 1.41569 1
gene 1 19 36 1.10259 0 73 1.10259 1
gene 1 19 37 -3.27321 0 74 -3.27321 1
gene 1 19 38 -5 0 75 -5 1
gene 1 19 39 4.31776 0 76 4.31776 1
gene 1 20 36 -2.30619 0 77 -2.30619 1
gene 1 20 37 -1.17268 0 78 -1.17268 1
gene 1 20 38 0.622749 0 79 0.622749 1
gene 1 20 39 -0.723288 0 80 -0.723288 1
gene 1 21 36 -0.208155 0 81 -0.208155 1
gene 1 21 37 1.5962 0 82 1.5962 1
gene 1 21 38 -3.52696 0 83 -3.52696 1
gene 1 21 39 -0.115743 0 84 -0.115743 1
gene 1 22 36 -1.51987 0 85 -1.51987 1
gene 1 22 37 0.0998903 0 86 0.0998903 1
gene 1 22 38 -0.431739 0 87 -0.431739 1
gene 1 22 39 1.9261 0 88 1.9261 1
gene 1 23 36 -0.803746 0 89 -0.803746 1
gene 1 23 37 -0.614385 0 90 -0.614385 1
gene 1 23 38 -3.00129 0 91 -3.00129 1
gene 1 23 39 -0.844326 0 92 -0.844326 1
gene 1 24 36 1.42239 0 93 1.42239 1
gene 1 24 37 -2.63386 0 94 -2.63386 1
gene 1 24 38 0.177256 0 95 0.177256 1
gene 1 24 39 0.463649 0 96 0.463649 1
gene 1 25 36 -5 0 97 -5 1
gene 1 25 37 4.48014 0 98 4.48014 1
gene 1 25 38 3.44424 0 99 3.44424 1
gene 1 25 39 0.141926 0 100 0.141926 1
gene 1 26 36 -0.229126 0 101 -0.229126 1
gene 1 26 37 5 0 102 5 1
gene 1 26 38 2.08465 0 103 2.08465 1
gene 1 26 39 1.60364 0 104 1.60364 1
gene 1 27 36 -1.96372 0 105 -1.96372 1
gene 1 27 37 -2.72608 0 106 -2.72608 1
gene 1 27 38 -1.07581 0 107 -1.07581 1
gene 1 27 39 0.548718 0 108 0.548718 1
gene 1 28 36 3.92665 0 109 3.92665 1
gene 1 28 37 0.929417 0 110 0.929417 1
gene 1 28 38 -2.26165 0 111 -2.26165 1
gene 1 28 39 0.462623 0 112 0.462623 1
gene 1 29 36 -1.36079 0 113 -1.36079 1
gene 1 29 37 -0.178273 0 114 -0.178273 1
gene 1 29 38 0.73767 0 115 0.73767 1
gene 1 29 39 -0.0898902 0 116 -0.0898902 1
gene 1 30 36 -0.466802 0 117 -0.466802 1
gene 1 30 37 -1.14526 0 118 -1.14526 1
gene 1 30 38 0.251473 0 119 0.251473 1
gene 1 30 39 0.680133 0 120 0.680133 1
gene 1 31 36 -0.467813 0 121 -0.467813 1
gene 1 31 37 0.755626 0 122 0.755626 1
gene 1 31 38 -1.01212 0 123 -1.01212 1
gene 1 31 39 -0.88338 0 124 -0.88338 1
gene 1 32 36 0.417418 0 125 0.417418 1
gene 1 32 37 -0.393171 0 126 -0.393171 1
gene 1 32 38 0.25976 0 127 0.25976 1
gene 1 32 39 -0.599071 0 128 -0.599071 1
gene 1 33 36 0.339398 0 129 0.339398 1
gene 1 33 37 1.49153 0 130 1.49153 1
gene 1 33 38 -0.14478 0 131 -0.14478 1
gene 1 33 39 -0.0168693 0 132 -0.0168693 1
gene 1 34 36 3.73863 0 133 3.73863 1
gene 1 34 37 1.17005 0 134 1.17005 1
gene 1 34 38 -0.162906 0 135 -0.162906 1
gene 1 34 39 1.50202 0 136 1.50202 1
gene 1 35 36 -4.85569 0 137 -4.85569 1
gene 1 35 37 -0.784683 0 138 -0.784683 1
gene 1 35 38 -2.39644 0 139 -2.39644 1
gene 1 35 39 0.743292 0 140 0.743292 1
genomeend 3


