/* Organism #11 Fitness: 11511.004000 Time: 0 */
genomestart 11
trait 1 0.100000 0.000000 0.000000 0.000000 0.000000 0.000000 0.000000 0.000000 
node 1 1 1 1
node 2 1 1 1
node 3 1 1 1
node 4 1 1 1
node 5 1 1 1
node 6 1 1 1
node 7 1 1 1
node 8 1 1 1
node 9 1 1 1
node 10 1 1 1
node 11 1 1 1
node 12 1 1 1
node 13 1 1 1
node 14 1 1 1
node 15 1 1 1
node 16 1 1 1
node 17 1 1 1
node 18 1 1 1
node 19 1 1 1
node 20 1 1 1
node 21 1 1 1
node 22 1 1 1
node 23 1 1 1
node 24 1 1 1
node 25 1 1 1
node 26 1 1 1
node 27 1 1 1
node 28 1 1 1
node 29 1 1 1
node 30 1 1 1
node 31 1 1 1
node 32 1 1 1
node 33 1 1 1
node 34 1 1 1
node 35 1 1 3
node 36 1 0 2
node 37 1 0 2
node 38 1 0 2
node 39 1 0 2
gene 1 1 36 -0.322937 0 1 -0.322937 1
gene 1 1 37 -1.67812 0 2 -1.67812 1
gene 1 1 38 -0.789735 0 3 -0.789735 1
gene 1 1 39 -1.12969 0 4 -1.12969 1
gene 1 2 36 1.24705 0 5 1.24705 1
gene 1 2 37 0.955562 0 6 0.955562 1
gene 1 2 38 0.936327 0 7 0.936327 1
gene 1 2 39 -0.171228 0 8 -0.171228 1
gene 1 3 36 0.169903 0 9 0.169903 1
gene 1 3 37 -1.68611 0 10 -1.68611 1
gene 1 3 38 -0.566936 0 11 -0.566936 1
gene 1 3 39 -2.1012 0 12 -2.1012 1
gene 1 4 36 4.32625 0 13 4.32625 1
gene 1 4 37 0.507326 0 14 0.507326 1
gene 1 4 38 1.84772 0 15 1.84772 1
gene 1 4 39 -1.54765 0 16 -1.54765 1
gene 1 5 36 -0.0113137 0 17 -0.0113137 1
gene 1 5 37 1.08767 0 18 1.08767 1
gene 1 5 38 -2.03056 0 19 -2.03056 1
gene 1 5 39 0.325181 0 20 0.325181 1
gene 1 6 36 1.83106 0 21 1.83106 1
gene 1 6 37 0.769155 0 22 0.769155 1
gene 1 6 38 0.139154 0 23 0.139154 1
gene 1 6 39 -0.546477 0 24 -0.546477 1
gene 1 7 36 2.6337 0 25 2.6337 1
gene 1 7 37 -2.16017 0 26 -2.16017 1
gene 1 7 38 0.107105 0 27 0.107105 1
gene 1 7 39 -2.08661 0 28 -2.08661 1
gene 1 8 36 -1.67583 0 29 -1.67583 1
gene 1 8 37 -2.71399 0 30 -2.71399 1
gene 1 8 38 3.14453 0 31 3.14453 1
gene 1 8 39 0.640983 0 32 0.640983 1
gene 1 9 36 2.70628 0 33 2.70628 1
gene 1 9 37 1.17208 0 34 1.17208 1
gene 1 9 38 -0.564801 0 35 -0.564801 1
gene 1 9 39 -0.350322 0 36 -0.350322 1
gene 1 10 36 -0.649241 0 37 -0.649241 1
gene 1 10 37 -2.37602 0 38 -2.37602 1
gene 1 10 38 -0.648951 0 39 -0.648951 1
gene 1 10 39 -0.675613 0 40 -0.675613 1
gene 1 11 36 0.498755 0 41 0.498755 1
gene 1 11 37 -2.59127 0 42 -2.59127 1
gene 1 11 38 -1.24583 0 43 -1.24583 1
gene 1 11 39 1.12495 0 44 1.12495 1
gene 1 12 36 -0.829694 0 45 -0.829694 1
gene 1 12 37 4.27248 0 46 4.27248 1
gene 1 12 38 0.711586 0 47 0.711586 1
gene 1 12 39 -0.585298 0 48 -0.585298 1
gene 1 13 36 2.98418 0 49 2.98418 1
gene 1 13 37 -1.52297 0 50 -1.52297 1
gene 1 13 38 2.28525 0 51 2.28525 1
gene 1 13 39 0.052401 0 52 0.052401 1
gene 1 14 36 0.0761244 0 53 0.0761244 1
gene 1 14 37 -0.710878 0 54 -0.710878 1
gene 1 14 38 -1.06125 0 55 -1.06125 1
gene 1 14 39 1.13627 0 56 1.13627 1
gene 1 15 36 -0.641894 0 57 -0.641894 1
gene 1 15 37 -2.18921 0 58 -2.18921 1
gene 1 15 38 -3.27539 0 59 -3.27539 1
gene 1 15 39 -1.64945 0 60 -1.64945 1
gene 1 16 36 -1.73817 0 61 -1.73817 1
gene 1 16 37 -0.0442691 0 62 -0.0442691 1
gene 1 16 38 3.26593 0 63 3.26593 1
gene 1 16 39 0.185455 0 64 0.185455 1
gene 1 17 36 3.01264 0 65 3.01264 1
gene 1 17 37 -0.397413 0 66 -0.397413 1
gene 1 17 38 0.106699 0 67 0.106699 1
gene 1 17 39 -0.881367 0 68 -0.881367 1
gene 1 18 36 5 0 69 5 1
gene 1 18 37 -4.829 0 70 -4.829 1
gene 1 18 38 -1.58854 0 71 -1.58854 1
gene 1 18 39 -1.003 0 72 -1.003 1
gene 1 19 36 -1.23178 0 73 -1.23178 1
gene 1 19 37 -4.8475 0 74 -4.8475 1
gene 1 19 38 -4.63027 0 75 -4.63027 1
gene 1 19 39 2.13971 0 76 2.13971 1
gene 1 20 36 -1.59556 0 77 -1.59556 1
gene 1 20 37 -0.860514 0 78 -0.860514 1
gene 1 20 38 -0.67573 0 79 -0.67573 1
gene 1 20 39 0.216139 0 80 0.216139 1
gene 1 21 36 0.768395 0 81 0.768395 1
gene 1 21 37 5 0 82 5 1
gene 1 21 38 -0.794962 0 83 -0.794962 1
gene 1 21 39 1.09334 0 84 1.09334 1
gene 1 22 36 -1.61706 0 85 -1.61706 1
gene 1 22 37 1.61053 0 86 1.61053 1
gene 1 22 38 -1.10149 0 87 -1.10149 1
gene 1 22 39 -1.5451 0 88 -1.5451 1
gene 1 23 36 -0.781151 0 89 -0.781151 1
gene 1 23 37 -0.738231 0 90 -0.738231 1
gene 1 23 38 -0.20265 0 91 -0.20265 1
gene 1 23 39 -0.402514 0 92 -0.402514 1
gene 1 24 36 -2.37511 0 93 -2.37511 1
gene 1 24 37 0.992848 0 94 0.992848 1
gene 1 24 38 1.36823 0 95 1.36823 1
gene 1 24 39 1.71011 0 96 1.71011 1
gene 1 25 36 -4.61024 0 97 -4.61024 1
gene 1 25 37 4.83109 0 98 4.83109 1
gene 1 25 38 1.04496 0 99 1.04496 1
gene 1 25 39 -1.7907 0 100 -1.7907 1
gene 1 26 36 0.410831 0 101 0.410831 1
gene 1 26 37 -0.46229 0 102 -0.46229 1
gene 1 26 38 -0.200833 0 103 -0.200833 1
gene 1 26 39 0.49952 0 104 0.49952 1
gene 1 27 36 2.07386 0 105 2.07386 1
gene 1 27 37 -0.473214 0 106 -0.473214 1
gene 1 27 38 0.43742 0 107 0.43742 1
gene 1 27 39 2.15389 0 108 2.15389 1
gene 1 28 36 -0.493256 0 109 -0.493256 1
gene 1 28 37 -0.923151 0 110 -0.923151 1
gene 1 28 38 -2.71555 0 111 -2.71555 1
gene 1 28 39 2.5251 0 112 2.5251 1
gene 1 29 36 -1.39818 0 113 -1.39818 1
gene 1 29 37 -0.244284 0 114 -0.244284 1
gene 1 29 38 -0.204922 0 115 -0.204922 1
gene 1 29 39 -1.57219 0 116 -1.57219 1
gene 1 30 36 -0.64837 0 117 -0.64837 1
gene 1 30 37 -0.889342 0 118 -0.889342 1
gene 1 30 38 -1.37811 0 119 -1.37811 1
gene 1 30 39 0.547981 0 120 0.547981 1
gene 1 31 36 -0.996791 0 121 -0.996791 1
gene 1 31 37 0.781832 0 122 0.781832 1
gene 1 31 38 0.0399254 0 123 0.0399254 1
gene 1 31 39 0.590076 0 124 0.590076 1
gene 1 32 36 0.152639 0 125 0.152639 1
gene 1 32 37 -0.45478 0 126 -0.45478 1
gene 1 32 38 -1.60031 0 127 -1.60031 1
gene 1 32 39 -3.73868 0 128 -3.73868 1
gene 1 33 36 2.17912 0 129 2.17912 1
gene 1 33 37 1.27584 0 130 1.27584 1
gene 1 33 38 0.57352 0 131 0.57352 1
gene 1 33 39 -1.79809 0 132 -1.79809 1
gene 1 34 36 1.74604 0 133 1.74604 1
gene 1 34 37 -1.15872 0 134 -1.15872 1
gene 1 34 38 2.01676 0 135 2.01676 1
gene 1 34 39 0.283403 0 136 0.283403 1
gene 1 35 36 -4.46128 0 137 -4.46128 1
gene 1 35 37 -0.755004 0 138 -0.755004 1
gene 1 35 38 -0.338445 0 139 -0.338445 1
gene 1 35 39 -0.323909 0 140 -0.323909 1
genomeend 11


