/* Organism #12 Fitness: 7881.082000 Time: 0 */
genomestart 12
trait 1 0.161450 0.462062 0.346151 0.729832 0.000000 0.399106 0.000000 0.000000 
node 1 1 1 1
node 2 1 1 1
node 3 1 1 1
node 4 1 1 1
node 5 1 1 1
node 6 1 1 1
node 7 1 1 1
node 8 1 1 1
node 9 1 1 1
node 10 1 1 1
node 11 1 1 1
node 12 1 1 1
node 13 1 1 1
node 14 1 1 1
node 15 1 1 1
node 16 1 1 1
node 17 1 1 1
node 18 1 1 1
node 19 1 1 1
node 20 1 1 1
node 21 1 1 1
node 22 1 1 1
node 23 1 1 1
node 24 1 1 1
node 25 1 1 1
node 26 1 1 1
node 27 1 1 1
node 28 1 1 1
node 29 1 1 1
node 30 1 1 1
node 31 1 1 1
node 32 1 1 1
node 33 1 1 1
node 34 1 1 1
node 35 1 1 3
node 36 1 0 2
node 37 1 0 2
node 38 1 0 2
node 39 1 0 2
gene 1 1 36 -2.3483 0 1 -2.3483 1
gene 1 1 37 -3.22497 0 2 -3.22497 1
gene 1 1 38 -0.275296 0 3 -0.275296 1
gene 1 1 39 -1.30502 0 4 -1.30502 1
gene 1 2 36 -4.81437 0 5 -4.81437 1
gene 1 2 37 4.06293 0 6 4.06293 1
gene 1 2 38 -2.69726 0 7 -2.69726 1
gene 1 2 39 -1.30907 0 8 -1.30907 1
gene 1 3 36 0.927548 0 9 0.927548 1
gene 1 3 37 2.54306 0 10 2.54306 1
gene 1 3 38 3.27889 0 11 3.27889 1
gene 1 3 39 -2.10829 0 12 -2.10829 1
gene 1 4 36 1.60442 0 13 1.60442 1
gene 1 4 37 3.91479 0 14 3.91479 1
gene 1 4 38 1.17631 0 15 1.17631 1
gene 1 4 39 1.53587 0 16 1.53587 1
gene 1 5 36 -2.73199 0 17 -2.73199 1
gene 1 5 37 0.797103 0 18 0.797103 1
gene 1 5 38 -2.50216 0 19 -2.50216 1
gene 1 5 39 -2.65175 0 20 -2.65175 1
gene 1 6 36 -1.79811 0 21 -1.79811 1
gene 1 6 37 -0.368825 0 22 -0.368825 1
gene 1 6 38 2.40106 0 23 2.40106 1
gene 1 6 39 -1.14159 0 24 -1.14159 1
gene 1 7 36 -4.31478 0 25 -4.31478 1
gene 1 7 37 -1.3859 0 26 -1.3859 1
gene 1 7 38 3.52586 0 27 3.52586 1
gene 1 7 39 1.40425 0 28 1.40425 1
gene 1 8 36 -3.91805 0 29 -3.91805 1
gene 1 8 37 1.11072 0 30 1.11072 1
gene 1 8 38 1.5318 0 31 1.5318 1
gene 1 8 39 3.54421 0 32 3.54421 1
gene 1 9 36 0.343475 0 33 0.343475 1
gene 1 9 37 1.31505 0 34 1.31505 1
gene 1 9 38 0.826461 0 35 0.826461 1
gene 1 9 39 -1.20323 0 36 -1.20323 1
gene 1 10 36 0.760774 0 37 0.760774 1
gene 1 10 37 2.06107 0 38 2.06107 1
gene 1 10 38 -1.0748 0 39 -1.0748 1
gene 1 10 39 0.156524 0 40 0.156524 1
gene 1 11 36 -4.49036 0 41 -4.49036 1
gene 1 11 37 0.964681 0 42 0.964681 1
gene 1 11 38 0.371295 0 43 0.371295 1
gene 1 11 39 -3.3349 0 44 -3.3349 1
gene 1 12 36 0.512928 0 45 0.512928 1
gene 1 12 37 -1.19439 0 46 -1.19439 1
gene 1 12 38 0.171559 0 47 0.171559 1
gene 1 12 39 0.246326 0 48 0.246326 1
gene 1 13 36 1.91725 0 49 1.91725 1
gene 1 13 37 0.767371 0 50 0.767371 1
gene 1 13 38 1.89295 0 51 1.89295 1
gene 1 13 39 0.0981137 0 52 0.0981137 1
gene 1 14 36 -3.16707 0 53 -3.16707 1
gene 1 14 37 -5 0 54 -5 1
gene 1 14 38 0.958202 0 55 0.958202 1
gene 1 14 39 -0.677477 0 56 -0.677477 1
gene 1 15 36 -1.84342 0 57 -1.84342 1
gene 1 15 37 -1.97451 0 58 -1.97451 1
gene 1 15 38 -0.661671 0 59 -0.661671 1
gene 1 15 39 0.470795 0 60 0.470795 1
gene 1 16 36 -1.2901 0 61 -1.2901 1
gene 1 16 37 0.249709 0 62 0.249709 1
gene 1 16 38 -0.867528 0 63 -0.867528 1
gene 1 16 39 -3.76338 0 64 -3.76338 1
gene 1 17 36 0.738457 0 65 0.738457 1
gene 1 17 37 -4.57888 0 66 -4.57888 1
gene 1 17 38 -0.460254 0 67 -0.460254 1
gene 1 17 39 -0.306185 0 68 -0.306185 1
gene 1 18 36 -1.77488 0 69 -1.77488 1
gene 1 18 37 -4.53259 0 70 -4.53259 1
gene 1 18 38 -0.754788 0 71 -0.754788 1
gene 1 18 39 -2.77809 0 72 -2.77809 1
gene 1 19 36 -2.64119 0 73 -2.64119 1
gene 1 19 37 -5 0 74 -5 1
gene 1 19 38 -4.95537 0 75 -4.95537 1
gene 1 19 39 1.57844 0 76 1.57844 1
gene 1 20 36 -1.47349 0 77 -1.47349 1
gene 1 20 37 -0.830838 0 78 -0.830838 1
gene 1 20 38 0.476122 0 79 0.476122 1
gene 1 20 39 0.599201 0 80 0.599201 1
gene 1 21 36 -1.56711 0 81 -1.56711 1
gene 1 21 37 1.39682 0 82 1.39682 1
gene 1 21 38 1.17343 0 83 1.17343 1
gene 1 21 39 -0.114544 0 84 -0.114544 1
gene 1 22 36 5 0 85 5 1
gene 1 22 37 -4.1826 0 86 -4.1826 1
gene 1 22 38 -0.411001 0 87 -0.411001 1
gene 1 22 39 -0.113141 0 88 -0.113141 1
gene 1 23 36 -5 0 89 -5 1
gene 1 23 37 -2.58924 0 90 -2.58924 1
gene 1 23 38 0.0315813 0 91 0.0315813 1
gene 1 23 39 0.369305 0 92 0.369305 1
gene 1 24 36 -2.272 0 93 -2.272 1
gene 1 24 37 -1.39751 0 94 -1.39751 1
gene 1 24 38 1.4477 0 95 1.4477 1
gene 1 24 39 -4.33639 0 96 -4.33639 1
gene 1 25 36 3.1243 0 97 3.1243 1
gene 1 25 37 -0.581002 0 98 -0.581002 1
gene 1 25 38 0.66287 0 99 0.66287 1
gene 1 25 39 -0.650296 0 100 -0.650296 1
gene 1 26 36 0.850477 0 101 0.850477 1
gene 1 26 37 0.0497761 0 102 0.0497761 1
gene 1 26 38 0.124624 0 103 0.124624 1
gene 1 26 39 -0.325639 0 104 -0.325639 1
gene 1 27 36 -1.62994 0 105 -1.62994 1
gene 1 27 37 0.704889 0 106 0.704889 1
gene 1 27 38 -1.46646 0 107 -1.46646 1
gene 1 27 39 -1.02943 0 108 -1.02943 1
gene 1 28 36 -3.44508 0 109 -3.44508 1
gene 1 28 37 0.768914 0 110 0.768914 1
gene 1 28 38 0.957084 0 111 0.957084 1
gene 1 28 39 0.444945 0 112 0.444945 1
gene 1 29 36 0.38163 0 113 0.38163 1
gene 1 29 37 1.60375 0 114 1.60375 1
gene 1 29 38 -0.328674 0 115 -0.328674 1
gene 1 29 39 -2.28279 0 116 -2.28279 1
gene 1 30 36 1.87347 0 117 1.87347 1
gene 1 30 37 -0.00536288 0 118 -0.00536288 1
gene 1 30 38 2.83636 0 119 2.83636 1
gene 1 30 39 -0.332545 0 120 -0.332545 1
gene 1 31 36 1.15835 0 121 1.15835 1
gene 1 31 37 -3.22807 0 122 -3.22807 1
gene 1 31 38 1.16496 0 123 1.16496 1
gene 1 31 39 0.512059 0 124 0.512059 1
gene 1 32 36 0.266297 0 125 0.266297 1
gene 1 32 37 0.686039 0 126 0.686039 1
gene 1 32 38 -1.05251 0 127 -1.05251 1
gene 1 32 39 0.865596 0 128 0.865596 1
gene 1 33 36 0.699967 0 129 0.699967 1
gene 1 33 37 0.910439 0 130 0.910439 1
gene 1 33 38 0.346483 0 131 0.346483 1
gene 1 33 39 0.217861 0 132 0.217861 1
gene 1 34 36 0.862272 0 133 0.862272 1
gene 1 34 37 -0.225351 0 134 -0.225351 1
gene 1 34 38 -1.46792 0 135 -1.46792 1
gene 1 34 39 -0.476962 0 136 -0.476962 1
gene 1 35 36 -2.7427 0 137 -2.7427 1
gene 1 35 37 2.62322 0 138 2.62322 1
gene 1 35 38 -0.330927 0 139 -0.330927 1
gene 1 35 39 -1.91876 0 140 -1.91876 1
genomeend 12


