/* Organism #4 Fitness: 11399.918000 Time: 0 */
genomestart 4
trait 1 1.000000 0.000000 1.000000 0.000000 1.000000 0.000000 1.000000 0.048467 
node 1 1 1 1
node 2 1 1 1
node 3 1 1 1
node 4 1 1 1
node 5 1 1 1
node 6 1 1 1
node 7 1 1 1
node 8 1 1 1
node 9 1 1 1
node 10 1 1 1
node 11 1 1 1
node 12 1 1 1
node 13 1 1 1
node 14 1 1 1
node 15 1 1 1
node 16 1 1 1
node 17 1 1 1
node 18 1 1 1
node 19 1 1 1
node 20 1 1 1
node 21 1 1 1
node 22 1 1 1
node 23 1 1 1
node 24 1 1 1
node 25 1 1 1
node 26 1 1 1
node 27 1 1 1
node 28 1 1 1
node 29 1 1 1
node 30 1 1 1
node 31 1 1 1
node 32 1 1 1
node 33 1 1 1
node 34 1 1 1
node 35 1 1 3
node 36 1 0 2
node 37 1 0 2
node 38 1 0 2
node 39 1 0 2
gene 1 1 36 -0.145502 0 1 -0.145502 1
gene 1 1 37 -1.24457 0 2 -1.24457 1
gene 1 1 38 0.0870461 0 3 0.0870461 1
gene 1 1 39 1.34373 0 4 1.34373 1
gene 1 2 36 -2.14578 0 5 -2.14578 1
gene 1 2 37 -3.39481 0 6 -3.39481 1
gene 1 2 38 -1.66904 0 7 -1.66904 1
gene 1 2 39 0.637713 0 8 0.637713 1
gene 1 3 36 -0.0639614 0 9 -0.0639614 1
gene 1 3 37 -0.801767 0 10 -0.801767 1
gene 1 3 38 -1.76509 0 11 -1.76509 1
gene 1 3 39 -1.36907 0 12 -1.36907 1
gene 1 4 36 0.958141 0 13 0.958141 1
gene 1 4 37 0.280096 0 14 0.280096 1
gene 1 4 38 -1.02294 0 15 -1.02294 1
gene 1 4 39 -1.98516 0 16 -1.98516 1
gene 1 5 36 5 0 17 5 1
gene 1 5 37 -0.0571184 0 18 -0.0571184 1
gene 1 5 38 1.99388 0 19 1.99388 1
gene 1 5 39 -0.42852 0 20 -0.42852 1
gene 1 6 36 0.294352 0 21 0.294352 1
gene 1 6 37 -0.502009 0 22 -0.502009 1
gene 1 6 38 -0.718216 0 23 -0.718216 1
gene 1 6 39 0.190096 0 24 0.190096 1
gene 1 7 36 4.12062 0 25 4.12062 1
gene 1 7 37 -0.590473 0 26 -0.590473 1
gene 1 7 38 1.60593 0 27 1.60593 1
gene 1 7 39 0.168878 0 28 0.168878 1
gene 1 8 36 -1.1622 0 29 -1.1622 1
gene 1 8 37 -0.385182 0 30 -0.385182 1
gene 1 8 38 -0.650267 0 31 -0.650267 1
gene 1 8 39 2.86692 0 32 2.86692 1
gene 1 9 36 -0.207803 0 33 -0.207803 1
gene 1 9 37 -3.88509 0 34 -3.88509 1
gene 1 9 38 0.965606 0 35 0.965606 1
gene 1 9 39 1.58147 0 36 1.58147 1
gene 1 10 36 0.873476 0 37 0.873476 1
gene 1 10 37 -3.83204 0 38 -3.83204 1
gene 1 10 38 0.258816 0 39 0.258816 1
gene 1 10 39 0.710611 0 40 0.710611 1
gene 1 11 36 -2.15219 0 41 -2.15219 1
gene 1 11 37 -0.691845 0 42 -0.691845 1
gene 1 11 38 1.094 0 43 1.094 1
gene 1 11 39 -0.195995 0 44 -0.195995 1
gene 1 12 36 -2.23923 0 45 -2.23923 1
gene 1 12 37 -3.492 0 46 -3.492 1
gene 1 12 38 -0.905276 0 47 -0.905276 1
gene 1 12 39 -0.0726356 0 48 -0.0726356 1
gene 1 13 36 3.13866 0 49 3.13866 1
gene 1 13 37 3.77751 0 50 3.77751 1
gene 1 13 38 5 0 51 5 1
gene 1 13 39 2.36166 0 52 2.36166 1
gene 1 14 36 -0.576789 0 53 -0.576789 1
gene 1 14 37 -1.73357 0 54 -1.73357 1
gene 1 14 38 -1.8308 0 55 -1.8308 1
gene 1 14 39 -0.86305 0 56 -0.86305 1
gene 1 15 36 1.36613 0 57 1.36613 1
gene 1 15 37 3.91485 0 58 3.91485 1
gene 1 15 38 -0.525461 0 59 -0.525461 1
gene 1 15 39 -2.01778 0 60 -2.01778 1
gene 1 16 36 -1.4406 0 61 -1.4406 1
gene 1 16 37 -3.36643 0 62 -3.36643 1
gene 1 16 38 3.01467 0 63 3.01467 1
gene 1 16 39 1.3838 0 64 1.3838 1
gene 1 17 36 2.67668 0 65 2.67668 1
gene 1 17 37 -0.47163 0 66 -0.47163 1
gene 1 17 38 2.16494 0 67 2.16494 1
gene 1 17 39 -3.44895 0 68 -3.44895 1
gene 1 18 36 4.82209 0 69 4.82209 1
gene 1 18 37 -3.89263 0 70 -3.89263 1
gene 1 18 38 -3.80871 0 71 -3.80871 1
gene 1 18 39 2.38962 0 72 2.38962 1
gene 1 19 36 -0.287208 0 73 -0.287208 1
gene 1 19 37 0.153154 0 74 0.153154 1
gene 1 19 38 -1.19119 0 75 -1.19119 1
gene 1 19 39 0.012236 0 76 0.012236 1
gene 1 20 36 -0.700803 0 77 -0.700803 1
gene 1 20 37 -0.121295 0 78 -0.121295 1
gene 1 20 38 3.41331 0 79 3.41331 1
gene 1 20 39 -3.98815 0 80 -3.98815 1
gene 1 21 36 -1.64232 0 81 -1.64232 1
gene 1 21 37 1.12071 0 82 1.12071 1
gene 1 21 38 -2.49142 0 83 -2.49142 1
gene 1 21 39 -1.11232 0 84 -1.11232 1
gene 1 22 36 -3.03129 0 85 -3.03129 1
gene 1 22 37 -0.0338225 0 86 -0.0338225 1
gene 1 22 38 -0.203801 0 87 -0.203801 1
gene 1 22 39 -2.20152 0 88 -2.20152 1
gene 1 23 36 0.947149 0 89 0.947149 1
gene 1 23 37 -1.34701 0 90 -1.34701 1
gene 1 23 38 -2.58449 0 91 -2.58449 1
gene 1 23 39 -0.810763 0 92 -0.810763 1
gene 1 24 36 0.104527 0 93 0.104527 1
gene 1 24 37 1.58787 0 94 1.58787 1
gene 1 24 38 1.93022 0 95 1.93022 1
gene 1 24 39 0.475985 0 96 0.475985 1
gene 1 25 36 0.268779 0 97 0.268779 1
gene 1 25 37 1.73799 0 98 1.73799 1
gene 1 25 38 3.47219 0 99 3.47219 1
gene 1 25 39 1.85681 0 100 1.85681 1
gene 1 26 36 -0.125969 0 101 -0.125969 1
gene 1 26 37 0.571236 0 102 0.571236 1
gene 1 26 38 1.77459 0 103 1.77459 1
gene 1 26 39 1.6353 0 104 1.6353 1
gene 1 27 36 3.51429 0 105 3.51429 1
gene 1 27 37 0.14941 0 106 0.14941 1
gene 1 27 38 1.98003 0 107 1.98003 1
gene 1 27 39 -0.679597 0 108 -0.679597 1
gene 1 28 36 0.126605 0 109 0.126605 1
gene 1 28 37 5 0 110 5 1
gene 1 28 38 -0.592073 0 111 -0.592073 1
gene 1 28 39 -0.716335 0 112 -0.716335 1
gene 1 29 36 -2.58662 0 113 -2.58662 1
gene 1 29 37 1.53022 0 114 1.53022 1
gene 1 29 38 0.0907908 0 115 0.0907908 1
gene 1 29 39 -1.43223 0 116 -1.43223 1
gene 1 30 36 0.215943 0 117 0.215943 1
gene 1 30 37 -0.403577 0 118 -0.403577 1
gene 1 30 38 1.24288 0 119 1.24288 1
gene 1 30 39 0.772693 0 120 0.772693 1
gene 1 31 36 1.16942 0 121 1.16942 1
gene 1 31 37 0.823191 0 122 0.823191 1
gene 1 31 38 0.461896 0 123 0.461896 1
gene 1 31 39 -0.156168 0 124 -0.156168 1
gene 1 32 36 0.0898431 0 125 0.0898431 1
gene 1 32 37 1.32498 0 126 1.32498 1
gene 1 32 38 -0.650621 0 127 -0.650621 1
gene 1 32 39 -1.03389 0 128 -1.03389 1
gene 1 33 36 -2.03535 0 129 -2.03535 1
gene 1 33 37 -0.934759 0 130 -0.934759 1
gene 1 33 38 1.89835 0 131 1.89835 1
gene 1 33 39 0.294699 0 132 0.294699 1
gene 1 34 36 -2.2865 0 133 -2.2865 1
gene 1 34 37 0.306497 0 134 0.306497 1
gene 1 34 38 0.195289 0 135 0.195289 1
gene 1 34 39 0.430546 0 136 0.430546 1
gene 1 35 36 -4.67441 0 137 -4.67441 1
gene 1 35 37 -0.949674 0 138 -0.949674 1
gene 1 35 38 -5 0 139 -5 1
gene 1 35 39 -0.51783 0 140 -0.51783 1
genomeend 4


