/* Organism #16 Fitness: 10541.236000 Time: 0 */
genomestart 16
trait 1 0.000000 0.677174 1.000000 0.745993 0.206697 0.419804 0.265924 0.528065 
node 1 1 1 1
node 2 1 1 1
node 3 1 1 1
node 4 1 1 1
node 5 1 1 1
node 6 1 1 1
node 7 1 1 1
node 8 1 1 1
node 9 1 1 1
node 10 1 1 1
node 11 1 1 1
node 12 1 1 1
node 13 1 1 1
node 14 1 1 1
node 15 1 1 1
node 16 1 1 1
node 17 1 1 1
node 18 1 1 1
node 19 1 1 1
node 20 1 1 1
node 21 1 1 1
node 22 1 1 1
node 23 1 1 1
node 24 1 1 1
node 25 1 1 1
node 26 1 1 1
node 27 1 1 1
node 28 1 1 1
node 29 1 1 1
node 30 1 1 1
node 31 1 1 1
node 32 1 1 1
node 33 1 1 1
node 34 1 1 1
node 35 1 1 3
node 36 1 0 2
node 37 1 0 2
node 38 1 0 2
node 39 1 0 2
gene 1 1 36 -3.48545 0 1 -3.48545 1
gene 1 1 37 -2.8639 0 2 -2.8639 1
gene 1 1 38 0.0581355 0 3 0.0581355 1
gene 1 1 39 5 0 4 5 1
gene 1 2 36 2.57422 0 5 2.57422 1
gene 1 2 37 1.71729 0 6 1.71729 1
gene 1 2 38 -1.26076 0 7 -1.26076 1
gene 1 2 39 0.661892 0 8 0.661892 1
gene 1 3 36 -0.506128 0 9 -0.506128 1
gene 1 3 37 5 0 10 5 1
gene 1 3 38 -1.99393 0 11 -1.99393 1
gene 1 3 39 -1.94409 0 12 -1.94409 1
gene 1 4 36 -1.35175 0 13 -1.35175 1
gene 1 4 37 2.28004 0 14 2.28004 1
gene 1 4 38 -0.191827 0 15 -0.191827 1
gene 1 4 39 -3.66707 0 16 -3.66707 1
gene 1 5 36 -1.30942 0 17 -1.30942 1
gene 1 5 37 0.160243 0 18 0.160243 1
gene 1 5 38 -2.21463 0 19 -2.21463 1
gene 1 5 39 0.202819 0 20 0.202819 1
gene 1 6 36 -2.61338 0 21 -2.61338 1
gene 1 6 37 1.62238 0 22 1.62238 1
gene 1 6 38 -2.91372 0 23 -2.91372 1
gene 1 6 39 -1.61308 0 24 -1.61308 1
gene 1 7 36 -0.218812 0 25 -0.218812 1
gene 1 7 37 -1.69069 0 26 -1.69069 1
gene 1 7 38 3.15311 0 27 3.15311 1
gene 1 7 39 0.729651 0 28 0.729651 1
gene 1 8 36 2.63242 0 29 2.63242 1
gene 1 8 37 -3.28791 0 30 -3.28791 1
gene 1 8 38 3.70275 0 31 3.70275 1
gene 1 8 39 -0.0411244 0 32 -0.0411244 1
gene 1 9 36 -2.09457 0 33 -2.09457 1
gene 1 9 37 3.07861 0 34 3.07861 1
gene 1 9 38 2.39726 0 35 2.39726 1
gene 1 9 39 2.61805 0 36 2.61805 1
gene 1 10 36 -1.7575 0 37 -1.7575 1
gene 1 10 37 -0.0867793 0 38 -0.0867793 1
gene 1 10 38 2.62923 0 39 2.62923 1
gene 1 10 39 -0.090982 0 40 -0.090982 1
gene 1 11 36 -1.85916 0 41 -1.85916 1
gene 1 11 37 2.1666 0 42 2.1666 1
gene 1 11 38 -3.21616 0 43 -3.21616 1
gene 1 11 39 -4.72741 0 44 -4.72741 1
gene 1 12 36 1.86782 0 45 1.86782 1
gene 1 12 37 3.59901 0 46 3.59901 1
gene 1 12 38 0.0109701 0 47 0.0109701 1
gene 1 12 39 1.956 0 48 1.956 1
gene 1 13 36 -1.91479 0 49 -1.91479 1
gene 1 13 37 1.18741 0 50 1.18741 1
gene 1 13 38 -1.57416 0 51 -1.57416 1
gene 1 13 39 -1.97272 0 52 -1.97272 1
gene 1 14 36 -0.9793 0 53 -0.9793 1
gene 1 14 37 2.21954 0 54 2.21954 1
gene 1 14 38 -0.415735 0 55 -0.415735 1
gene 1 14 39 1.6371 0 56 1.6371 1
gene 1 15 36 5 0 57 5 1
gene 1 15 37 -2.44179 0 58 -2.44179 1
gene 1 15 38 2.4604 0 59 2.4604 1
gene 1 15 39 0.834946 0 60 0.834946 1
gene 1 16 36 -0.591373 0 61 -0.591373 1
gene 1 16 37 -4.31073 0 62 -4.31073 1
gene 1 16 38 -3.74127 0 63 -3.74127 1
gene 1 16 39 -2.28909 0 64 -2.28909 1
gene 1 17 36 -4.33429 0 65 -4.33429 1
gene 1 17 37 3.33285 0 66 3.33285 1
gene 1 17 38 0.989362 0 67 0.989362 1
gene 1 17 39 -2.20501 0 68 -2.20501 1
gene 1 18 36 -3.64729 0 69 -3.64729 1
gene 1 18 37 2.76887 0 70 2.76887 1
gene 1 18 38 -0.129964 0 71 -0.129964 1
gene 1 18 39 -3.62621 0 72 -3.62621 1
gene 1 19 36 -2.82182 0 73 -2.82182 1
gene 1 19 37 0.62398 0 74 0.62398 1
gene 1 19 38 -4.73017 0 75 -4.73017 1
gene 1 19 39 -3.16658 0 76 -3.16658 1
gene 1 20 36 -0.069391 0 77 -0.069391 1
gene 1 20 37 0.772972 0 78 0.772972 1
gene 1 20 38 -2.71045 0 79 -2.71045 1
gene 1 20 39 0.340896 0 80 0.340896 1
gene 1 21 36 1.49584 0 81 1.49584 1
gene 1 21 37 0.823979 0 82 0.823979 1
gene 1 21 38 2.77988 0 83 2.77988 1
gene 1 21 39 -0.41027 0 84 -0.41027 1
gene 1 22 36 -1.95722 0 85 -1.95722 1
gene 1 22 37 -2.81088 0 86 -2.81088 1
gene 1 22 38 3.13133 0 87 3.13133 1
gene 1 22 39 -2.69972 0 88 -2.69972 1
gene 1 23 36 -1.86734 0 89 -1.86734 1
gene 1 23 37 1.55486 0 90 1.55486 1
gene 1 23 38 4.43248 0 91 4.43248 1
gene 1 23 39 -1.63693 0 92 -1.63693 1
gene 1 24 36 -0.919103 0 93 -0.919103 1
gene 1 24 37 0.19427 0 94 0.19427 1
gene 1 24 38 -0.00404336 0 95 -0.00404336 1
gene 1 24 39 -1.95982 0 96 -1.95982 1
gene 1 25 36 -0.569021 0 97 -0.569021 1
gene 1 25 37 -5 0 98 -5 1
gene 1 25 38 -1.27241 0 99 -1.27241 1
gene 1 25 39 -0.508503 0 100 -0.508503 1
gene 1 26 36 -0.550027 0 101 -0.550027 1
gene 1 26 37 0.297648 0 102 0.297648 1
gene 1 26 38 0.53912 0 103 0.53912 1
gene 1 26 39 2.31416 0 104 2.31416 1
gene 1 27 36 2.24337 0 105 2.24337 1
gene 1 27 37 0.668151 0 106 0.668151 1
gene 1 27 38 -2.46493 0 107 -2.46493 1
gene 1 27 39 1.51669 0 108 1.51669 1
gene 1 28 36 0.149772 0 109 0.149772 1
gene 1 28 37 1.49225 0 110 1.49225 1
gene 1 28 38 1.54285 0 111 1.54285 1
gene 1 28 39 2.11312 0 112 2.11312 1
gene 1 29 36 4.39111 0 113 4.39111 1
gene 1 29 37 0.858482 0 114 0.858482 1
gene 1 29 38 2.4546 0 115 2.4546 1
gene 1 29 39 1.39105 0 116 1.39105 1
gene 1 30 36 3.02634 0 117 3.02634 1
gene 1 30 37 -0.61299 0 118 -0.61299 1
gene 1 30 38 -2.20694 0 119 -2.20694 1
gene 1 30 39 -1.56647 0 120 -1.56647 1
gene 1 31 36 -0.996478 0 121 -0.996478 1
gene 1 31 37 -0.177848 0 122 -0.177848 1
gene 1 31 38 1.07544 0 123 1.07544 1
gene 1 31 39 0.643438 0 124 0.643438 1
gene 1 32 36 0.288799 0 125 0.288799 1
gene 1 32 37 -0.525676 0 126 -0.525676 1
gene 1 32 38 -0.497652 0 127 -0.497652 1
gene 1 32 39 1.04499 0 128 1.04499 1
gene 1 33 36 -0.708103 0 129 -0.708103 1
gene 1 33 37 -0.494383 0 130 -0.494383 1
gene 1 33 38 0.366234 0 131 0.366234 1
gene 1 33 39 -0.276323 0 132 -0.276323 1
gene 1 34 36 1.7507 0 133 1.7507 1
gene 1 34 37 1.41183 0 134 1.41183 1
gene 1 34 38 1.21872 0 135 1.21872 1
gene 1 34 39 -1.10348 0 136 -1.10348 1
gene 1 35 36 0.634012 0 137 0.634012 1
gene 1 35 37 -5 0 138 -5 1
gene 1 35 38 -0.588622 0 139 -0.588622 1
gene 1 35 39 1.87895 0 140 1.87895 1
genomeend 16


