/* Organism #4 Fitness: 6698.886000 Time: 0 */
genomestart 4
trait 1 0.044427 0.254672 0.000000 0.710165 1.000000 0.000000 0.513294 0.651420 
node 1 1 1 1
node 2 1 1 1
node 3 1 1 1
node 4 1 1 1
node 5 1 1 1
node 6 1 1 1
node 7 1 1 1
node 8 1 1 1
node 9 1 1 1
node 10 1 1 1
node 11 1 1 1
node 12 1 1 1
node 13 1 1 1
node 14 1 1 1
node 15 1 1 1
node 16 1 1 1
node 17 1 1 1
node 18 1 1 1
node 19 1 1 1
node 20 1 1 1
node 21 1 1 1
node 22 1 1 1
node 23 1 1 1
node 24 1 1 1
node 25 1 1 1
node 26 1 1 1
node 27 1 1 1
node 28 1 1 1
node 29 1 1 1
node 30 1 1 1
node 31 1 1 1
node 32 1 1 1
node 33 1 1 1
node 34 1 1 1
node 35 1 1 3
node 36 1 0 2
node 37 1 0 2
node 38 1 0 2
node 39 1 0 2
gene 1 1 36 2.06805 0 1 2.06805 1
gene 1 1 37 -5 0 2 -5 1
gene 1 1 38 -4.59668 0 3 -4.59668 1
gene 1 1 39 2.21782 0 4 2.21782 1
gene 1 2 36 0.617739 0 5 0.617739 1
gene 1 2 37 4.28969 0 6 4.28969 1
gene 1 2 38 0.494776 0 7 0.494776 1
gene 1 2 39 1.10329 0 8 1.10329 1
gene 1 3 36 1.60974 0 9 1.60974 1
gene 1 3 37 0.719166 0 10 0.719166 1
gene 1 3 38 0.601631 0 11 0.601631 1
gene 1 3 39 4.02383 0 12 4.02383 1
gene 1 4 36 -2.31096 0 13 -2.31096 1
gene 1 4 37 5 0 14 5 1
gene 1 4 38 0.188778 0 15 0.188778 1
gene 1 4 39 3.21945 0 16 3.21945 1
gene 1 5 36 -2.2966 0 17 -2.2966 1
gene 1 5 37 1.65721 0 18 1.65721 1
gene 1 5 38 -4.38789 0 19 -4.38789 1
gene 1 5 39 0.985476 0 20 0.985476 1
gene 1 6 36 3.7917 0 21 3.7917 1
gene 1 6 37 -0.72924 0 22 -0.72924 1
gene 1 6 38 0.91305 0 23 0.91305 1
gene 1 6 39 0.89084 0 24 0.89084 1
gene 1 7 36 -0.55466 0 25 -0.55466 1
gene 1 7 37 -0.937287 0 26 -0.937287 1
gene 1 7 38 -3.34735 0 27 -3.34735 1
gene 1 7 39 0.0667226 0 28 0.0667226 1
gene 1 8 36 -0.202557 0 29 -0.202557 1
gene 1 8 37 0.831717 0 30 0.831717 1
gene 1 8 38 3.04767 0 31 3.04767 1
gene 1 8 39 0.854166 0 32 0.854166 1
gene 1 9 36 -1.21296 0 33 -1.21296 1
gene 1 9 37 1.25982 0 34 1.25982 1
gene 1 9 38 -4.57799 0 35 -4.57799 1
gene 1 9 39 -2.04272 0 36 -2.04272 1
gene 1 10 36 0.246544 0 37 0.246544 1
gene 1 10 37 -1.93482 0 38 -1.93482 1
gene 1 10 38 -4.5892 0 39 -4.5892 1
gene 1 10 39 2.5744 0 40 2.5744 1
gene 1 11 36 1.36224 0 41 1.36224 1
gene 1 11 37 -1.05531 0 42 -1.05531 1
gene 1 11 38 -1.34117 0 43 -1.34117 1
gene 1 11 39 -1.31858 0 44 -1.31858 1
gene 1 12 36 -1.12911 0 45 -1.12911 1
gene 1 12 37 2.40576 0 46 2.40576 1
gene 1 12 38 -3.44379 0 47 -3.44379 1
gene 1 12 39 -4.57259 0 48 -4.57259 1
gene 1 13 36 -1.48053 0 49 -1.48053 1
gene 1 13 37 -2.01035 0 50 -2.01035 1
gene 1 13 38 -0.509404 0 51 -0.509404 1
gene 1 13 39 -0.862862 0 52 -0.862862 1
gene 1 14 36 0.0423175 0 53 0.0423175 1
gene 1 14 37 -1.17631 0 54 -1.17631 1
gene 1 14 38 3.32033 0 55 3.32033 1
gene 1 14 39 2.04277 0 56 2.04277 1
gene 1 15 36 0.532989 0 57 0.532989 1
gene 1 15 37 -2.40301 0 58 -2.40301 1
gene 1 15 38 -0.183631 0 59 -0.183631 1
gene 1 15 39 1.91899 0 60 1.91899 1
gene 1 16 36 0.683591 0 61 0.683591 1
gene 1 16 37 2.71051 0 62 2.71051 1
gene 1 16 38 -0.512887 0 63 -0.512887 1
gene 1 16 39 -3.98905 0 64 -3.98905 1
gene 1 17 36 -0.142536 0 65 -0.142536 1
gene 1 17 37 -2.99874 0 66 -2.99874 1
gene 1 17 38 -1.1063 0 67 -1.1063 1
gene 1 17 39 -0.562079 0 68 -0.562079 1
gene 1 18 36 -3.81208 0 69 -3.81208 1
gene 1 18 37 -3.85612 0 70 -3.85612 1
gene 1 18 38 -0.163025 0 71 -0.163025 1
gene 1 18 39 0.596227 0 72 0.596227 1
gene 1 19 36 -2.90648 0 73 -2.90648 1
gene 1 19 37 -4.76626 0 74 -4.76626 1
gene 1 19 38 -5 0 75 -5 1
gene 1 19 39 -4.66051 0 76 -4.66051 1
gene 1 20 36 -2.16415 0 77 -2.16415 1
gene 1 20 37 -1.83094 0 78 -1.83094 1
gene 1 20 38 2.31238 0 79 2.31238 1
gene 1 20 39 -0.455903 0 80 -0.455903 1
gene 1 21 36 -0.529947 0 81 -0.529947 1
gene 1 21 37 0.547945 0 82 0.547945 1
gene 1 21 38 1.48979 0 83 1.48979 1
gene 1 21 39 0.462668 0 84 0.462668 1
gene 1 22 36 -1.21136 0 85 -1.21136 1
gene 1 22 37 -3.30508 0 86 -3.30508 1
gene 1 22 38 -2.98129 0 87 -2.98129 1
gene 1 22 39 -0.713089 0 88 -0.713089 1
gene 1 23 36 -1.45417 0 89 -1.45417 1
gene 1 23 37 -0.298803 0 90 -0.298803 1
gene 1 23 38 -2.04217 0 91 -2.04217 1
gene 1 23 39 -0.350806 0 92 -0.350806 1
gene 1 24 36 -5 0 93 -5 1
gene 1 24 37 1.58529 0 94 1.58529 1
gene 1 24 38 4.23416 0 95 4.23416 1
gene 1 24 39 0.781792 0 96 0.781792 1
gene 1 25 36 -1.70935 0 97 -1.70935 1
gene 1 25 37 0.221065 0 98 0.221065 1
gene 1 25 38 -3.97192 0 99 -3.97192 1
gene 1 25 39 2.47692 0 100 2.47692 1
gene 1 26 36 0.422084 0 101 0.422084 1
gene 1 26 37 -0.980246 0 102 -0.980246 1
gene 1 26 38 -3.01799 0 103 -3.01799 1
gene 1 26 39 -4.01654 0 104 -4.01654 1
gene 1 27 36 2.7441 0 105 2.7441 1
gene 1 27 37 1.71456 0 106 1.71456 1
gene 1 27 38 -2.1711 0 107 -2.1711 1
gene 1 27 39 -3.48077 0 108 -3.48077 1
gene 1 28 36 1.98661 0 109 1.98661 1
gene 1 28 37 -1.94367 0 110 -1.94367 1
gene 1 28 38 -2.44891 0 111 -2.44891 1
gene 1 28 39 2.84744 0 112 2.84744 1
gene 1 29 36 1.11486 0 113 1.11486 1
gene 1 29 37 1.55276 0 114 1.55276 1
gene 1 29 38 0.481198 0 115 0.481198 1
gene 1 29 39 -0.478589 0 116 -0.478589 1
gene 1 30 36 -2.85078 0 117 -2.85078 1
gene 1 30 37 0.727418 0 118 0.727418 1
gene 1 30 38 1.06187 0 119 1.06187 1
gene 1 30 39 -0.294459 0 120 -0.294459 1
gene 1 31 36 0.705237 0 121 0.705237 1
gene 1 31 37 1.65249 0 122 1.65249 1
gene 1 31 38 -0.873419 0 123 -0.873419 1
gene 1 31 39 -0.00766247 0 124 -0.00766247 1
gene 1 32 36 0.209341 0 125 0.209341 1
gene 1 32 37 -1.03096 0 126 -1.03096 1
gene 1 32 38 -0.723447 0 127 -0.723447 1
gene 1 32 39 0.913815 0 128 0.913815 1
gene 1 33 36 -0.506719 0 129 -0.506719 1
gene 1 33 37 -0.555498 0 130 -0.555498 1
gene 1 33 38 -1.52974 0 131 -1.52974 1
gene 1 33 39 0.143992 0 132 0.143992 1
gene 1 34 36 -0.719008 0 133 -0.719008 1
gene 1 34 37 0.339032 0 134 0.339032 1
gene 1 34 38 0.720435 0 135 0.720435 1
gene 1 34 39 2.05317 0 136 2.05317 1
gene 1 35 36 -2.11914 0 137 -2.11914 1
gene 1 35 37 1.55026 0 138 1.55026 1
gene 1 35 38 -0.256735 0 139 -0.256735 1
gene 1 35 39 0.816987 0 140 0.816987 1
genomeend 4


