/* Organism #6 Fitness: 9677.184000 Time: 0 */
genomestart 6
trait 1 0.000000 0.000000 0.000000 0.465700 0.347726 0.000000 0.000000 0.000000 
node 1 1 1 1
node 2 1 1 1
node 3 1 1 1
node 4 1 1 1
node 5 1 1 1
node 6 1 1 1
node 7 1 1 1
node 8 1 1 1
node 9 1 1 1
node 10 1 1 1
node 11 1 1 1
node 12 1 1 1
node 13 1 1 1
node 14 1 1 1
node 15 1 1 1
node 16 1 1 1
node 17 1 1 1
node 18 1 1 1
node 19 1 1 1
node 20 1 1 1
node 21 1 1 1
node 22 1 1 1
node 23 1 1 1
node 24 1 1 1
node 25 1 1 1
node 26 1 1 1
node 27 1 1 1
node 28 1 1 1
node 29 1 1 1
node 30 1 1 1
node 31 1 1 1
node 32 1 1 1
node 33 1 1 1
node 34 1 1 1
node 35 1 1 3
node 36 1 0 2
node 37 1 0 2
node 38 1 0 2
node 39 1 0 2
gene 1 1 36 -1.99563 0 1 -1.99563 1
gene 1 1 37 -5 0 2 -5 1
gene 1 1 38 -3.03419 0 3 -3.03419 1
gene 1 1 39 0.399941 0 4 0.399941 1
gene 1 2 36 -4.58689 0 5 -4.58689 1
gene 1 2 37 4.01624 0 6 4.01624 1
gene 1 2 38 -4.28729 0 7 -4.28729 1
gene 1 2 39 0.115014 0 8 0.115014 1
gene 1 3 36 -0.38368 0 9 -0.38368 1
gene 1 3 37 1.12726 0 10 1.12726 1
gene 1 3 38 0.53147 0 11 0.53147 1
gene 1 3 39 -3.57916 0 12 -3.57916 1
gene 1 4 36 0.741151 0 13 0.741151 1
gene 1 4 37 -0.737285 0 14 -0.737285 1
gene 1 4 38 0.322324 0 15 0.322324 1
gene 1 4 39 3.76918 0 16 3.76918 1
gene 1 5 36 -0.339138 0 17 -0.339138 1
gene 1 5 37 3.39892 0 18 3.39892 1
gene 1 5 38 5 0 19 5 1
gene 1 5 39 -1.48973 0 20 -1.48973 1
gene 1 6 36 2.31783 0 21 2.31783 1
gene 1 6 37 1.94185 0 22 1.94185 1
gene 1 6 38 1.18052 0 23 1.18052 1
gene 1 6 39 3.73819 0 24 3.73819 1
gene 1 7 36 -0.989969 0 25 -0.989969 1
gene 1 7 37 -2.09068 0 26 -2.09068 1
gene 1 7 38 0.862274 0 27 0.862274 1
gene 1 7 39 -0.0102536 0 28 -0.0102536 1
gene 1 8 36 -1.6288 0 29 -1.6288 1
gene 1 8 37 -0.910874 0 30 -0.910874 1
gene 1 8 38 -2.1883 0 31 -2.1883 1
gene 1 8 39 -2.19844 0 32 -2.19844 1
gene 1 9 36 -0.774349 0 33 -0.774349 1
gene 1 9 37 4.18762 0 34 4.18762 1
gene 1 9 38 -0.612942 0 35 -0.612942 1
gene 1 9 39 0.776748 0 36 0.776748 1
gene 1 10 36 -2.91958 0 37 -2.91958 1
gene 1 10 37 4.53042 0 38 4.53042 1
gene 1 10 38 3.33518 0 39 3.33518 1
gene 1 10 39 0.468043 0 40 0.468043 1
gene 1 11 36 -0.18094 0 41 -0.18094 1
gene 1 11 37 1.90935 0 42 1.90935 1
gene 1 11 38 3.4397 0 43 3.4397 1
gene 1 11 39 2.04278 0 44 2.04278 1
gene 1 12 36 -1.41848 0 45 -1.41848 1
gene 1 12 37 1.43316 0 46 1.43316 1
gene 1 12 38 2.03189 0 47 2.03189 1
gene 1 12 39 -0.376563 0 48 -0.376563 1
gene 1 13 36 -4.48834 0 49 -4.48834 1
gene 1 13 37 -2.91548 0 50 -2.91548 1
gene 1 13 38 1.91447 0 51 1.91447 1
gene 1 13 39 -0.0319244 0 52 -0.0319244 1
gene 1 14 36 -0.961469 0 53 -0.961469 1
gene 1 14 37 -1.45151 0 54 -1.45151 1
gene 1 14 38 -0.533544 0 55 -0.533544 1
gene 1 14 39 -2.71555 0 56 -2.71555 1
gene 1 15 36 4.97825 0 57 4.97825 1
gene 1 15 37 -0.607539 0 58 -0.607539 1
gene 1 15 38 0.592621 0 59 0.592621 1
gene 1 15 39 5 0 60 5 1
gene 1 16 36 2.68436 0 61 2.68436 1
gene 1 16 37 0.886687 0 62 0.886687 1
gene 1 16 38 -1.8189 0 63 -1.8189 1
gene 1 16 39 -2.20951 0 64 -2.20951 1
gene 1 17 36 -4.81563 0 65 -4.81563 1
gene 1 17 37 3.92555 0 66 3.92555 1
gene 1 17 38 0.178508 0 67 0.178508 1
gene 1 17 39 -0.198544 0 68 -0.198544 1
gene 1 18 36 -4.25244 0 69 -4.25244 1
gene 1 18 37 0.329832 0 70 0.329832 1
gene 1 18 38 3.73096 0 71 3.73096 1
gene 1 18 39 1.62717 0 72 1.62717 1
gene 1 19 36 -4.81363 0 73 -4.81363 1
gene 1 19 37 3.81821 0 74 3.81821 1
gene 1 19 38 -0.382642 0 75 -0.382642 1
gene 1 19 39 -0.691081 0 76 -0.691081 1
gene 1 20 36 -1.72354 0 77 -1.72354 1
gene 1 20 37 -0.856165 0 78 -0.856165 1
gene 1 20 38 -2.55167 0 79 -2.55167 1
gene 1 20 39 -0.0589499 0 80 -0.0589499 1
gene 1 21 36 3.75919 0 81 3.75919 1
gene 1 21 37 0.939475 0 82 0.939475 1
gene 1 21 38 2.22814 0 83 2.22814 1
gene 1 21 39 -0.397683 0 84 -0.397683 1
gene 1 22 36 -1.82761 0 85 -1.82761 1
gene 1 22 37 -1.93152 0 86 -1.93152 1
gene 1 22 38 -1.73565 0 87 -1.73565 1
gene 1 22 39 -0.135141 0 88 -0.135141 1
gene 1 23 36 0.885391 0 89 0.885391 1
gene 1 23 37 -0.36245 0 90 -0.36245 1
gene 1 23 38 -4.77552 0 91 -4.77552 1
gene 1 23 39 4.33703 0 92 4.33703 1
gene 1 24 36 2.27658 0 93 2.27658 1
gene 1 24 37 -3.36282 0 94 -3.36282 1
gene 1 24 38 0.317451 0 95 0.317451 1
gene 1 24 39 -0.284962 0 96 -0.284962 1
gene 1 25 36 0.783875 0 97 0.783875 1
gene 1 25 37 -1.33012 0 98 -1.33012 1
gene 1 25 38 1.40056 0 99 1.40056 1
gene 1 25 39 -4.6238 0 100 -4.6238 1
gene 1 26 36 2.07752 0 101 2.07752 1
gene 1 26 37 2.33624 0 102 2.33624 1
gene 1 26 38 4.16312 0 103 4.16312 1
gene 1 26 39 3.02358 0 104 3.02358 1
gene 1 27 36 1.52476 0 105 1.52476 1
gene 1 27 37 -0.155776 0 106 -0.155776 1
gene 1 27 38 -0.437146 0 107 -0.437146 1
gene 1 27 39 2.10472 0 108 2.10472 1
gene 1 28 36 0.525077 0 109 0.525077 1
gene 1 28 37 1.10225 0 110 1.10225 1
gene 1 28 38 -0.763843 0 111 -0.763843 1
gene 1 28 39 -0.167092 0 112 -0.167092 1
gene 1 29 36 -0.965797 0 113 -0.965797 1
gene 1 29 37 0.433704 0 114 0.433704 1
gene 1 29 38 -1.56861 0 115 -1.56861 1
gene 1 29 39 3.22581 0 116 3.22581 1
gene 1 30 36 -1.36813 0 117 -1.36813 1
gene 1 30 37 0.528555 0 118 0.528555 1
gene 1 30 38 -1.53558 0 119 -1.53558 1
gene 1 30 39 4.38389 0 120 4.38389 1
gene 1 31 36 -0.84353 0 121 -0.84353 1
gene 1 31 37 -0.802391 0 122 -0.802391 1
gene 1 31 38 -0.946002 0 123 -0.946002 1
gene 1 31 39 -1.29841 0 124 -1.29841 1
gene 1 32 36 -0.819435 0 125 -0.819435 1
gene 1 32 37 -0.656665 0 126 -0.656665 1
gene 1 32 38 -0.459855 0 127 -0.459855 1
gene 1 32 39 0.292425 0 128 0.292425 1
gene 1 33 36 0.193005 0 129 0.193005 1
gene 1 33 37 -2.50895 0 130 -2.50895 1
gene 1 33 38 -1.51622 0 131 -1.51622 1
gene 1 33 39 -0.720071 0 132 -0.720071 1
gene 1 34 36 -0.319002 0 133 -0.319002 1
gene 1 34 37 -0.84442 0 134 -0.84442 1
gene 1 34 38 -1.37739 0 135 -1.37739 1
gene 1 34 39 -0.956776 0 136 -0.956776 1
gene 1 35 36 0.855284 0 137 0.855284 1
gene 1 35 37 -5 0 138 -5 1
gene 1 35 38 -0.0741535 0 139 -0.0741535 1
gene 1 35 39 -1.02202 0 140 -1.02202 1
genomeend 6


