/* Organism #61 Fitness: 10554.526000 Time: 0 */
genomestart 61
trait 1 0.535727 0.369313 0.000000 0.609652 0.000000 0.037284 0.854242 0.000000 
node 1 1 1 1
node 2 1 1 1
node 3 1 1 1
node 4 1 1 1
node 5 1 1 1
node 6 1 1 1
node 7 1 1 1
node 8 1 1 1
node 9 1 1 1
node 10 1 1 1
node 11 1 1 1
node 12 1 1 1
node 13 1 1 1
node 14 1 1 1
node 15 1 1 1
node 16 1 1 1
node 17 1 1 1
node 18 1 1 1
node 19 1 1 1
node 20 1 1 1
node 21 1 1 1
node 22 1 1 1
node 23 1 1 1
node 24 1 1 1
node 25 1 1 1
node 26 1 1 1
node 27 1 1 1
node 28 1 1 1
node 29 1 1 1
node 30 1 1 1
node 31 1 1 1
node 32 1 1 1
node 33 1 1 1
node 34 1 1 1
node 35 1 1 3
node 36 1 0 2
node 37 1 0 2
node 38 1 0 2
node 39 1 0 2
gene 1 1 36 -0.79841 0 1 -0.79841 1
gene 1 1 37 -2.42019 0 2 -2.42019 1
gene 1 1 38 3.36914 0 3 3.36914 1
gene 1 1 39 -0.459226 0 4 -0.459226 1
gene 1 2 36 1.86801 0 5 1.86801 1
gene 1 2 37 3.45186 0 6 3.45186 1
gene 1 2 38 -3.91505 0 7 -3.91505 1
gene 1 2 39 1.54554 0 8 1.54554 1
gene 1 3 36 -0.488117 0 9 -0.488117 1
gene 1 3 37 3.18693 0 10 3.18693 1
gene 1 3 38 -1.50662 0 11 -1.50662 1
gene 1 3 39 0.347525 0 12 0.347525 1
gene 1 4 36 -1.35163 0 13 -1.35163 1
gene 1 4 37 1.99377 0 14 1.99377 1
gene 1 4 38 2.37881 0 15 2.37881 1
gene 1 4 39 -3.67541 0 16 -3.67541 1
gene 1 5 36 1.5788 0 17 1.5788 1
gene 1 5 37 3.31493 0 18 3.31493 1
gene 1 5 38 3.45557 0 19 3.45557 1
gene 1 5 39 -0.0792796 0 20 -0.0792796 1
gene 1 6 36 -1.60487 0 21 -1.60487 1
gene 1 6 37 1.53214 0 22 1.53214 1
gene 1 6 38 -0.3832 0 23 -0.3832 1
gene 1 6 39 2.77888 0 24 2.77888 1
gene 1 7 36 3.12641 0 25 3.12641 1
gene 1 7 37 -0.372039 0 26 -0.372039 1
gene 1 7 38 4.35017 0 27 4.35017 1
gene 1 7 39 3.004 0 28 3.004 1
gene 1 8 36 1.88058 0 29 1.88058 1
gene 1 8 37 -5 0 30 -5 1
gene 1 8 38 -4.25382 0 31 -4.25382 1
gene 1 8 39 0.609803 0 32 0.609803 1
gene 1 9 36 3.22428 0 33 3.22428 1
gene 1 9 37 2.37036 0 34 2.37036 1
gene 1 9 38 -3.8471 0 35 -3.8471 1
gene 1 9 39 -3.0731 0 36 -3.0731 1
gene 1 10 36 4.08906 0 37 4.08906 1
gene 1 10 37 1.84589 0 38 1.84589 1
gene 1 10 38 4.28659 0 39 4.28659 1
gene 1 10 39 -2.89091 0 40 -2.89091 1
gene 1 11 36 0.0406651 0 41 0.0406651 1
gene 1 11 37 -4.6395 0 42 -4.6395 1
gene 1 11 38 -2.56072 0 43 -2.56072 1
gene 1 11 39 -1.85607 0 44 -1.85607 1
gene 1 12 36 2.86401 0 45 2.86401 1
gene 1 12 37 0.0206277 0 46 0.0206277 1
gene 1 12 38 5 0 47 5 1
gene 1 12 39 -2.67011 0 48 -2.67011 1
gene 1 13 36 0.70053 0 49 0.70053 1
gene 1 13 37 -1.1375 0 50 -1.1375 1
gene 1 13 38 1.03681 0 51 1.03681 1
gene 1 13 39 2.19416 0 52 2.19416 1
gene 1 14 36 3.71117 0 53 3.71117 1
gene 1 14 37 -2.02631 0 54 -2.02631 1
gene 1 14 38 0.563883 0 55 0.563883 1
gene 1 14 39 2.81204 0 56 2.81204 1
gene 1 15 36 2.7983 0 57 2.7983 1
gene 1 15 37 -4.00784 0 58 -4.00784 1
gene 1 15 38 5 0 59 5 1
gene 1 15 39 0.36052 0 60 0.36052 1
gene 1 16 36 -1.81233 0 61 -1.81233 1
gene 1 16 37 -3.30864 0 62 -3.30864 1
gene 1 16 38 -3.02221 0 63 -3.02221 1
gene 1 16 39 -0.0210633 0 64 -0.0210633 1
gene 1 17 36 -4.15856 0 65 -4.15856 1
gene 1 17 37 -1.52128 0 66 -1.52128 1
gene 1 17 38 -4.68029 0 67 -4.68029 1
gene 1 17 39 1.60698 0 68 1.60698 1
gene 1 18 36 -5 0 69 -5 1
gene 1 18 37 4.3844 0 70 4.3844 1
gene 1 18 38 -0.792587 0 71 -0.792587 1
gene 1 18 39 -2.30733 0 72 -2.30733 1
gene 1 19 36 -2.89063 0 73 -2.89063 1
gene 1 19 37 1.35109 0 74 1.35109 1
gene 1 19 38 -4.36514 0 75 -4.36514 1
gene 1 19 39 -4.5953 0 76 -4.5953 1
gene 1 20 36 1.60026 0 77 1.60026 1
gene 1 20 37 1.28834 0 78 1.28834 1
gene 1 20 38 -0.570527 0 79 -0.570527 1
gene 1 20 39 0.0191161 0 80 0.0191161 1
gene 1 21 36 2.89976 0 81 2.89976 1
gene 1 21 37 1.06053 0 82 1.06053 1
gene 1 21 38 -3.14535 0 83 -3.14535 1
gene 1 21 39 -0.886876 0 84 -0.886876 1
gene 1 22 36 4.46243 0 85 4.46243 1
gene 1 22 37 -0.465205 0 86 -0.465205 1
gene 1 22 38 2.09198 0 87 2.09198 1
gene 1 22 39 -3.90886 0 88 -3.90886 1
gene 1 23 36 1.38504 0 89 1.38504 1
gene 1 23 37 -1.00763 0 90 -1.00763 1
gene 1 23 38 -0.735631 0 91 -0.735631 1
gene 1 23 39 -2.45966 0 92 -2.45966 1
gene 1 24 36 1.11795 0 93 1.11795 1
gene 1 24 37 2.48856 0 94 2.48856 1
gene 1 24 38 3.23491 0 95 3.23491 1
gene 1 24 39 -0.496688 0 96 -0.496688 1
gene 1 25 36 -1.12016 0 97 -1.12016 1
gene 1 25 37 -5 0 98 -5 1
gene 1 25 38 -4.75121 0 99 -4.75121 1
gene 1 25 39 1.68981 0 100 1.68981 1
gene 1 26 36 0.405408 0 101 0.405408 1
gene 1 26 37 -2.31786 0 102 -2.31786 1
gene 1 26 38 2.0921 0 103 2.0921 1
gene 1 26 39 5 0 104 5 1
gene 1 27 36 -0.904775 0 105 -0.904775 1
gene 1 27 37 0.171618 0 106 0.171618 1
gene 1 27 38 5 0 107 5 1
gene 1 27 39 -2.48184 0 108 -2.48184 1
gene 1 28 36 -2.6558 0 109 -2.6558 1
gene 1 28 37 0.352901 0 110 0.352901 1
gene 1 28 38 2.95111 0 111 2.95111 1
gene 1 28 39 3.94366 0 112 3.94366 1
gene 1 29 36 3.81783 0 113 3.81783 1
gene 1 29 37 0.43296 0 114 0.43296 1
gene 1 29 38 1.14262 0 115 1.14262 1
gene 1 29 39 -1.02058 0 116 -1.02058 1
gene 1 30 36 0.448353 0 117 0.448353 1
gene 1 30 37 0.422102 0 118 0.422102 1
gene 1 30 38 -0.816448 0 119 -0.816448 1
gene 1 30 39 -0.200155 0 120 -0.200155 1
gene 1 31 36 1.63875 0 121 1.63875 1
gene 1 31 37 0.790004 0 122 0.790004 1
gene 1 31 38 -0.0600199 0 123 -0.0600199 1
gene 1 31 39 -0.738816 0 124 -0.738816 1
gene 1 32 36 -0.66408 0 125 -0.66408 1
gene 1 32 37 0.856068 0 126 0.856068 1
gene 1 32 38 -0.741684 0 127 -0.741684 1
gene 1 32 39 -0.838494 0 128 -0.838494 1
gene 1 33 36 0.616789 0 129 0.616789 1
gene 1 33 37 0.645966 0 130 0.645966 1
gene 1 33 38 0.32824 0 131 0.32824 1
gene 1 33 39 -1.11046 0 132 -1.11046 1
gene 1 34 36 0.59482 0 133 0.59482 1
gene 1 34 37 0.461103 0 134 0.461103 1
gene 1 34 38 0.208993 0 135 0.208993 1
gene 1 34 39 0.796477 0 136 0.796477 1
gene 1 35 36 0.717065 0 137 0.717065 1
gene 1 35 37 -4.30282 0 138 -4.30282 1
gene 1 35 38 -3.19766 0 139 -3.19766 1
gene 1 35 39 -0.086508 0 140 -0.086508 1
genomeend 61


