/* Organism #2 Fitness: 10374.502000 Time: 0 */
genomestart 2
trait 1 0.000000 0.000000 0.828062 0.000000 0.986393 1.000000 0.285850 0.426669 
node 1 1 1 1
node 2 1 1 1
node 3 1 1 1
node 4 1 1 1
node 5 1 1 1
node 6 1 1 1
node 7 1 1 1
node 8 1 1 1
node 9 1 1 1
node 10 1 1 1
node 11 1 1 1
node 12 1 1 1
node 13 1 1 1
node 14 1 1 1
node 15 1 1 1
node 16 1 1 1
node 17 1 1 1
node 18 1 1 1
node 19 1 1 1
node 20 1 1 1
node 21 1 1 1
node 22 1 1 1
node 23 1 1 1
node 24 1 1 1
node 25 1 1 1
node 26 1 1 1
node 27 1 1 1
node 28 1 1 1
node 29 1 1 1
node 30 1 1 1
node 31 1 1 1
node 32 1 1 1
node 33 1 1 1
node 34 1 1 1
node 35 1 1 3
node 36 1 0 2
node 37 1 0 2
node 38 1 0 2
node 39 1 0 2
gene 1 1 36 4.09478 0 1 4.09478 1
gene 1 1 37 -1.23809 0 2 -1.23809 1
gene 1 1 38 -3.74712 0 3 -3.74712 1
gene 1 1 39 3.86728 0 4 3.86728 1
gene 1 2 36 -1.25423 0 5 -1.25423 1
gene 1 2 37 2.18881 0 6 2.18881 1
gene 1 2 38 3.51867 0 7 3.51867 1
gene 1 2 39 -1.19674 0 8 -1.19674 1
gene 1 3 36 3.3963 0 9 3.3963 1
gene 1 3 37 3.15155 0 10 3.15155 1
gene 1 3 38 2.47441 0 11 2.47441 1
gene 1 3 39 0.122886 0 12 0.122886 1
gene 1 4 36 -3.62497 0 13 -3.62497 1
gene 1 4 37 2.19249 0 14 2.19249 1
gene 1 4 38 0.349056 0 15 0.349056 1
gene 1 4 39 0.60435 0 16 0.60435 1
gene 1 5 36 3.2676 0 17 3.2676 1
gene 1 5 37 5 0 18 5 1
gene 1 5 38 2.20382 0 19 2.20382 1
gene 1 5 39 -0.721405 0 20 -0.721405 1
gene 1 6 36 0.957412 0 21 0.957412 1
gene 1 6 37 4.51919 0 22 4.51919 1
gene 1 6 38 -2.26625 0 23 -2.26625 1
gene 1 6 39 -1.88246 0 24 -1.88246 1
gene 1 7 36 -0.401801 0 25 -0.401801 1
gene 1 7 37 -0.250464 0 26 -0.250464 1
gene 1 7 38 -4.0278 0 27 -4.0278 1
gene 1 7 39 -4.06571 0 28 -4.06571 1
gene 1 8 36 0.367669 0 29 0.367669 1
gene 1 8 37 -3.95775 0 30 -3.95775 1
gene 1 8 38 -1.48439 0 31 -1.48439 1
gene 1 8 39 3.86318 0 32 3.86318 1
gene 1 9 36 -2.89857 0 33 -2.89857 1
gene 1 9 37 3.14769 0 34 3.14769 1
gene 1 9 38 -1.38289 0 35 -1.38289 1
gene 1 9 39 1.84427 0 36 1.84427 1
gene 1 10 36 -3.12619 0 37 -3.12619 1
gene 1 10 37 -4.95556 0 38 -4.95556 1
gene 1 10 38 -0.75826 0 39 -0.75826 1
gene 1 10 39 0.835152 0 40 0.835152 1
gene 1 11 36 1.65098 0 41 1.65098 1
gene 1 11 37 4.37657 0 42 4.37657 1
gene 1 11 38 3.58296 0 43 3.58296 1
gene 1 11 39 -0.757065 0 44 -0.757065 1
gene 1 12 36 -1.62574 0 45 -1.62574 1
gene 1 12 37 -2.64509 0 46 -2.64509 1
gene 1 12 38 -0.415095 0 47 -0.415095 1
gene 1 12 39 4.27118 0 48 4.27118 1
gene 1 13 36 -4.14915 0 49 -4.14915 1
gene 1 13 37 3.28438 0 50 3.28438 1
gene 1 13 38 -2.35405 0 51 -2.35405 1
gene 1 13 39 -2.15923 0 52 -2.15923 1
gene 1 14 36 -0.0391484 0 53 -0.0391484 1
gene 1 14 37 -0.0312149 0 54 -0.0312149 1
gene 1 14 38 1.14308 0 55 1.14308 1
gene 1 14 39 3.21531 0 56 3.21531 1
gene 1 15 36 -0.333257 0 57 -0.333257 1
gene 1 15 37 1.59756 0 58 1.59756 1
gene 1 15 38 1.33549 0 59 1.33549 1
gene 1 15 39 4.33841 0 60 4.33841 1
gene 1 16 36 0.194068 0 61 0.194068 1
gene 1 16 37 -0.569273 0 62 -0.569273 1
gene 1 16 38 1.45339 0 63 1.45339 1
gene 1 16 39 3.27592 0 64 3.27592 1
gene 1 17 36 -4.37841 0 65 -4.37841 1
gene 1 17 37 4.15092 0 66 4.15092 1
gene 1 17 38 1.86202 0 67 1.86202 1
gene 1 17 39 -0.654955 0 68 -0.654955 1
gene 1 18 36 -4.74668 0 69 -4.74668 1
gene 1 18 37 0.546109 0 70 0.546109 1
gene 1 18 38 -2.01934 0 71 -2.01934 1
gene 1 18 39 -3.83801 0 72 -3.83801 1
gene 1 19 36 -4.74658 0 73 -4.74658 1
gene 1 19 37 -0.773252 0 74 -0.773252 1
gene 1 19 38 0.723976 0 75 0.723976 1
gene 1 19 39 -5 0 76 -5 1
gene 1 20 36 0.593453 0 77 0.593453 1
gene 1 20 37 2.29504 0 78 2.29504 1
gene 1 20 38 1.71928 0 79 1.71928 1
gene 1 20 39 1.99367 0 80 1.99367 1
gene 1 21 36 0.642448 0 81 0.642448 1
gene 1 21 37 -0.689851 0 82 -0.689851 1
gene 1 21 38 1.98187 0 83 1.98187 1
gene 1 21 39 -3.76464 0 84 -3.76464 1
gene 1 22 36 3.06276 0 85 3.06276 1
gene 1 22 37 0.10628 0 86 0.10628 1
gene 1 22 38 1.4704 0 87 1.4704 1
gene 1 22 39 2.07635 0 88 2.07635 1
gene 1 23 36 -0.639472 0 89 -0.639472 1
gene 1 23 37 -3.91792 0 90 -3.91792 1
gene 1 23 38 0.890979 0 91 0.890979 1
gene 1 23 39 -1.00883 0 92 -1.00883 1
gene 1 24 36 1.82033 0 93 1.82033 1
gene 1 24 37 3.02163 0 94 3.02163 1
gene 1 24 38 1.19342 0 95 1.19342 1
gene 1 24 39 5 0 96 5 1
gene 1 25 36 1.19125 0 97 1.19125 1
gene 1 25 37 -1.59753 0 98 -1.59753 1
gene 1 25 38 0.908652 0 99 0.908652 1
gene 1 25 39 -3.58469 0 100 -3.58469 1
gene 1 26 36 0.0282125 0 101 0.0282125 1
gene 1 26 37 3.3521 0 102 3.3521 1
gene 1 26 38 1.70642 0 103 1.70642 1
gene 1 26 39 0.375663 0 104 0.375663 1
gene 1 27 36 -1.97266 0 105 -1.97266 1
gene 1 27 37 -5 0 106 -5 1
gene 1 27 38 -0.0396992 0 107 -0.0396992 1
gene 1 27 39 2.29747 0 108 2.29747 1
gene 1 28 36 -2.67311 0 109 -2.67311 1
gene 1 28 37 -2.31019 0 110 -2.31019 1
gene 1 28 38 2.0306 0 111 2.0306 1
gene 1 28 39 3.94893 0 112 3.94893 1
gene 1 29 36 -2.60819 0 113 -2.60819 1
gene 1 29 37 0.388227 0 114 0.388227 1
gene 1 29 38 0.580363 0 115 0.580363 1
gene 1 29 39 0.721125 0 116 0.721125 1
gene 1 30 36 0.18563 0 117 0.18563 1
gene 1 30 37 3.38238 0 118 3.38238 1
gene 1 30 38 -1.43196 0 119 -1.43196 1
gene 1 30 39 -1.60516 0 120 -1.60516 1
gene 1 31 36 0.50001 0 121 0.50001 1
gene 1 31 37 -1.29872 0 122 -1.29872 1
gene 1 31 38 0.338467 0 123 0.338467 1
gene 1 31 39 -1.14101 0 124 -1.14101 1
gene 1 32 36 0.651498 0 125 0.651498 1
gene 1 32 37 0.192519 0 126 0.192519 1
gene 1 32 38 -0.239496 0 127 -0.239496 1
gene 1 32 39 0.23007 0 128 0.23007 1
gene 1 33 36 0.324743 0 129 0.324743 1
gene 1 33 37 0.745666 0 130 0.745666 1
gene 1 33 38 -1.99118 0 131 -1.99118 1
gene 1 33 39 0.408365 0 132 0.408365 1
gene 1 34 36 4.23664 0 133 4.23664 1
gene 1 34 37 0.176456 0 134 0.176456 1
gene 1 34 38 0.965597 0 135 0.965597 1
gene 1 34 39 0.491284 0 136 0.491284 1
gene 1 35 36 0.958317 0 137 0.958317 1
gene 1 35 37 -4.30816 0 138 -4.30816 1
gene 1 35 38 -0.164216 0 139 -0.164216 1
gene 1 35 39 -1.79202 0 140 -1.79202 1
genomeend 2


