/* Organism #2 Fitness: 12688.102000 Time: 0 */
genomestart 2
trait 1 0.000000 0.000000 0.746662 1.000000 0.000000 0.302170 0.000000 0.000000 
node 1 1 1 1
node 2 1 1 1
node 3 1 1 1
node 4 1 1 1
node 5 1 1 1
node 6 1 1 1
node 7 1 1 1
node 8 1 1 1
node 9 1 1 1
node 10 1 1 1
node 11 1 1 1
node 12 1 1 1
node 13 1 1 1
node 14 1 1 1
node 15 1 1 1
node 16 1 1 1
node 17 1 1 1
node 18 1 1 1
node 19 1 1 1
node 20 1 1 1
node 21 1 1 1
node 22 1 1 1
node 23 1 1 1
node 24 1 1 1
node 25 1 1 1
node 26 1 1 1
node 27 1 1 1
node 28 1 1 1
node 29 1 1 1
node 30 1 1 1
node 31 1 1 1
node 32 1 1 1
node 33 1 1 1
node 34 1 1 1
node 35 1 1 3
node 36 1 0 2
node 37 1 0 2
node 38 1 0 2
node 39 1 0 2
gene 1 1 36 0.692683 0 1 0.692683 1
gene 1 1 37 -0.911407 0 2 -0.911407 1
gene 1 1 38 2.05004 0 3 2.05004 1
gene 1 1 39 2.09765 0 4 2.09765 1
gene 1 2 36 -0.226685 0 5 -0.226685 1
gene 1 2 37 0.963813 0 6 0.963813 1
gene 1 2 38 -0.49174 0 7 -0.49174 1
gene 1 2 39 -1.4643 0 8 -1.4643 1
gene 1 3 36 0.525677 0 9 0.525677 1
gene 1 3 37 -2.8547 0 10 -2.8547 1
gene 1 3 38 0.763341 0 11 0.763341 1
gene 1 3 39 -3.37897 0 12 -3.37897 1
gene 1 4 36 0.203254 0 13 0.203254 1
gene 1 4 37 -0.771871 0 14 -0.771871 1
gene 1 4 38 -0.0864141 0 15 -0.0864141 1
gene 1 4 39 -0.885579 0 16 -0.885579 1
gene 1 5 36 4.98002 0 17 4.98002 1
gene 1 5 37 0.630305 0 18 0.630305 1
gene 1 5 38 -2.53481 0 19 -2.53481 1
gene 1 5 39 -2.76918 0 20 -2.76918 1
gene 1 6 36 0.850275 0 21 0.850275 1
gene 1 6 37 -0.294865 0 22 -0.294865 1
gene 1 6 38 -2.13634 0 23 -2.13634 1
gene 1 6 39 0.716508 0 24 0.716508 1
gene 1 7 36 3.61087 0 25 3.61087 1
gene 1 7 37 1.47302 0 26 1.47302 1
gene 1 7 38 -1.85375 0 27 -1.85375 1
gene 1 7 39 -0.0175142 0 28 -0.0175142 1
gene 1 8 36 -1.74437 0 29 -1.74437 1
gene 1 8 37 -2.58345 0 30 -2.58345 1
gene 1 8 38 -1.88049 0 31 -1.88049 1
gene 1 8 39 -1.39022 0 32 -1.39022 1
gene 1 9 36 -3.70809 0 33 -3.70809 1
gene 1 9 37 -4.0092 0 34 -4.0092 1
gene 1 9 38 -0.444812 0 35 -0.444812 1
gene 1 9 39 3.43285 0 36 3.43285 1
gene 1 10 36 1.58085 0 37 1.58085 1
gene 1 10 37 2.38915 0 38 2.38915 1
gene 1 10 38 0.942227 0 39 0.942227 1
gene 1 10 39 2.26735 0 40 2.26735 1
gene 1 11 36 2.27427 0 41 2.27427 1
gene 1 11 37 -0.249029 0 42 -0.249029 1
gene 1 11 38 -0.131225 0 43 -0.131225 1
gene 1 11 39 1.29401 0 44 1.29401 1
gene 1 12 36 -2.44402 0 45 -2.44402 1
gene 1 12 37 -4.69649 0 46 -4.69649 1
gene 1 12 38 -1.2067 0 47 -1.2067 1
gene 1 12 39 2.99227 0 48 2.99227 1
gene 1 13 36 -4.31735 0 49 -4.31735 1
gene 1 13 37 2.30101 0 50 2.30101 1
gene 1 13 38 0.182746 0 51 0.182746 1
gene 1 13 39 -0.500955 0 52 -0.500955 1
gene 1 14 36 -0.483556 0 53 -0.483556 1
gene 1 14 37 4.6124 0 54 4.6124 1
gene 1 14 38 0.217789 0 55 0.217789 1
gene 1 14 39 0.903053 0 56 0.903053 1
gene 1 15 36 0.0168944 0 57 0.0168944 1
gene 1 15 37 2.4996 0 58 2.4996 1
gene 1 15 38 0.805512 0 59 0.805512 1
gene 1 15 39 2.87165 0 60 2.87165 1
gene 1 16 36 1.32893 0 61 1.32893 1
gene 1 16 37 3.37649 0 62 3.37649 1
gene 1 16 38 -0.160128 0 63 -0.160128 1
gene 1 16 39 0.758445 0 64 0.758445 1
gene 1 17 36 3.60869 0 65 3.60869 1
gene 1 17 37 -3.21347 0 66 -3.21347 1
gene 1 17 38 -4.52429 0 67 -4.52429 1
gene 1 17 39 -1.40131 0 68 -1.40131 1
gene 1 18 36 3.51607 0 69 3.51607 1
gene 1 18 37 -3.75794 0 70 -3.75794 1
gene 1 18 38 0.874687 0 71 0.874687 1
gene 1 18 39 -0.514339 0 72 -0.514339 1
gene 1 19 36 -1.91973 0 73 -1.91973 1
gene 1 19 37 -1.56648 0 74 -1.56648 1
gene 1 19 38 -2.40061 0 75 -2.40061 1
gene 1 19 39 4.96704 0 76 4.96704 1
gene 1 20 36 -1.944 0 77 -1.944 1
gene 1 20 37 0.630806 0 78 0.630806 1
gene 1 20 38 -1.80159 0 79 -1.80159 1
gene 1 20 39 0.15002 0 80 0.15002 1
gene 1 21 36 0.473928 0 81 0.473928 1
gene 1 21 37 2.97838 0 82 2.97838 1
gene 1 21 38 1.50482 0 83 1.50482 1
gene 1 21 39 3.46223 0 84 3.46223 1
gene 1 22 36 -0.612444 0 85 -0.612444 1
gene 1 22 37 0.604659 0 86 0.604659 1
gene 1 22 38 1.41019 0 87 1.41019 1
gene 1 22 39 4.64983 0 88 4.64983 1
gene 1 23 36 -1.3367 0 89 -1.3367 1
gene 1 23 37 -2.79948 0 90 -2.79948 1
gene 1 23 38 0.996336 0 91 0.996336 1
gene 1 23 39 2.98142 0 92 2.98142 1
gene 1 24 36 3.50069 0 93 3.50069 1
gene 1 24 37 1.67377 0 94 1.67377 1
gene 1 24 38 -0.423379 0 95 -0.423379 1
gene 1 24 39 -3.41856 0 96 -3.41856 1
gene 1 25 36 -4.69899 0 97 -4.69899 1
gene 1 25 37 4.24107 0 98 4.24107 1
gene 1 25 38 1.59941 0 99 1.59941 1
gene 1 25 39 -5 0 100 -5 1
gene 1 26 36 -0.75084 0 101 -0.75084 1
gene 1 26 37 2.95862 0 102 2.95862 1
gene 1 26 38 1.45738 0 103 1.45738 1
gene 1 26 39 0.342597 0 104 0.342597 1
gene 1 27 36 -0.387354 0 105 -0.387354 1
gene 1 27 37 -5 0 106 -5 1
gene 1 27 38 3.95106 0 107 3.95106 1
gene 1 27 39 -2.8983 0 108 -2.8983 1
gene 1 28 36 1.3381 0 109 1.3381 1
gene 1 28 37 -1.0495 0 110 -1.0495 1
gene 1 28 38 3.01622 0 111 3.01622 1
gene 1 28 39 1.19198 0 112 1.19198 1
gene 1 29 36 1.66692 0 113 1.66692 1
gene 1 29 37 0.219161 0 114 0.219161 1
gene 1 29 38 -0.747846 0 115 -0.747846 1
gene 1 29 39 -0.203334 0 116 -0.203334 1
gene 1 30 36 -0.256869 0 117 -0.256869 1
gene 1 30 37 0.222342 0 118 0.222342 1
gene 1 30 38 -3.21484 0 119 -3.21484 1
gene 1 30 39 0.79925 0 120 0.79925 1
gene 1 31 36 -1.46901 0 121 -1.46901 1
gene 1 31 37 0.896445 0 122 0.896445 1
gene 1 31 38 0.166238 0 123 0.166238 1
gene 1 31 39 0.419679 0 124 0.419679 1
gene 1 32 36 -1.89304 0 125 -1.89304 1
gene 1 32 37 -0.913165 0 126 -0.913165 1
gene 1 32 38 -0.701909 0 127 -0.701909 1
gene 1 32 39 0.644356 0 128 0.644356 1
gene 1 33 36 0.18474 0 129 0.18474 1
gene 1 33 37 -0.748676 0 130 -0.748676 1
gene 1 33 38 -0.206615 0 131 -0.206615 1
gene 1 33 39 -0.679789 0 132 -0.679789 1
gene 1 34 36 0.414036 0 133 0.414036 1
gene 1 34 37 -0.672999 0 134 -0.672999 1
gene 1 34 38 -0.379682 0 135 -0.379682 1
gene 1 34 39 1.84322 0 136 1.84322 1
gene 1 35 36 -3.62804 0 137 -3.62804 1
gene 1 35 37 -1.94374 0 138 -1.94374 1
gene 1 35 38 1.53748 0 139 1.53748 1
gene 1 35 39 -0.501233 0 140 -0.501233 1
genomeend 2


