/* Organism #11 Fitness: 8435.832000 Time: 0 */
genomestart 11
trait 1 0.100000 0.096425 0.000000 0.104812 0.029720 0.000000 1.000000 1.000000 
node 1 1 1 1
node 2 1 1 1
node 3 1 1 1
node 4 1 1 1
node 5 1 1 1
node 6 1 1 1
node 7 1 1 1
node 8 1 1 1
node 9 1 1 1
node 10 1 1 1
node 11 1 1 1
node 12 1 1 1
node 13 1 1 1
node 14 1 1 1
node 15 1 1 1
node 16 1 1 1
node 17 1 1 1
node 18 1 1 1
node 19 1 1 1
node 20 1 1 1
node 21 1 1 1
node 22 1 1 1
node 23 1 1 1
node 24 1 1 1
node 25 1 1 1
node 26 1 1 1
node 27 1 1 1
node 28 1 1 3
node 29 1 0 2
node 30 1 0 2
node 31 1 0 2
node 32 1 0 2
node 33 1 0 2
gene 1 1 29 -2.27887 0 1 -2.27887 1
gene 1 1 30 1.47074 0 2 1.47074 1
gene 1 1 31 -1.03336 0 3 -1.03336 1
gene 1 1 32 1.07885 0 4 1.07885 1
gene 1 1 33 0.230036 0 5 0.230036 1
gene 1 2 29 -2.12903 0 6 -2.12903 1
gene 1 2 30 1.88468 0 7 1.88468 1
gene 1 2 31 -1.36368 0 8 -1.36368 1
gene 1 2 32 -1.1609 0 9 -1.1609 1
gene 1 2 33 0.901763 0 10 0.901763 1
gene 1 3 29 -1.38374 0 11 -1.38374 1
gene 1 3 30 -0.215322 0 12 -0.215322 1
gene 1 3 31 -2.09717 0 13 -2.09717 1
gene 1 3 32 1.36012 0 14 1.36012 1
gene 1 3 33 1.14618 0 15 1.14618 1
gene 1 4 29 1.77627 0 16 1.77627 1
gene 1 4 30 3.09693 0 17 3.09693 1
gene 1 4 31 -0.323318 0 18 -0.323318 1
gene 1 4 32 4.10355 0 19 4.10355 1
gene 1 4 33 -1.56951 0 20 -1.56951 1
gene 1 5 29 2.12851 0 21 2.12851 1
gene 1 5 30 0.0769416 0 22 0.0769416 1
gene 1 5 31 -2.88401 0 23 -2.88401 1
gene 1 5 32 1.25308 0 24 1.25308 1
gene 1 5 33 -0.624622 0 25 -0.624622 1
gene 1 6 29 1.79412 0 26 1.79412 1
gene 1 6 30 -0.981352 0 27 -0.981352 1
gene 1 6 31 0.254345 0 28 0.254345 1
gene 1 6 32 0.568077 0 29 0.568077 1
gene 1 6 33 -5 0 30 -5 1
gene 1 7 29 4.99537 0 31 4.99537 1
gene 1 7 30 -0.0674571 0 32 -0.0674571 1
gene 1 7 31 0.511703 0 33 0.511703 1
gene 1 7 32 -1.02004 0 34 -1.02004 1
gene 1 7 33 -0.0989601 0 35 -0.0989601 1
gene 1 8 29 -2.61708 0 36 -2.61708 1
gene 1 8 30 0.603995 0 37 0.603995 1
gene 1 8 31 1.46517 0 38 1.46517 1
gene 1 8 32 -1.42627 0 39 -1.42627 1
gene 1 8 33 1.21075 0 40 1.21075 1
gene 1 9 29 -1.42201 0 41 -1.42201 1
gene 1 9 30 -0.38385 0 42 -0.38385 1
gene 1 9 31 -2.09707 0 43 -2.09707 1
gene 1 9 32 3.19366 0 44 3.19366 1
gene 1 9 33 0.50191 0 45 0.50191 1
gene 1 10 29 0.0144182 0 46 0.0144182 1
gene 1 10 30 3.10942 0 47 3.10942 1
gene 1 10 31 2.93471 0 48 2.93471 1
gene 1 10 32 -0.685662 0 49 -0.685662 1
gene 1 10 33 0.0633467 0 50 0.0633467 1
gene 1 11 29 -1.77859 0 51 -1.77859 1
gene 1 11 30 0.44118 0 52 0.44118 1
gene 1 11 31 2.41986 0 53 2.41986 1
gene 1 11 32 0.108083 0 54 0.108083 1
gene 1 11 33 0.0453329 0 55 0.0453329 1
gene 1 12 29 0.946472 0 56 0.946472 1
gene 1 12 30 -0.0222944 0 57 -0.0222944 1
gene 1 12 31 0.49177 0 58 0.49177 1
gene 1 12 32 -2.52724 0 59 -2.52724 1
gene 1 12 33 0.120898 0 60 0.120898 1
gene 1 13 29 2.08821 0 61 2.08821 1
gene 1 13 30 0.208988 0 62 0.208988 1
gene 1 13 31 -1.79237 0 63 -1.79237 1
gene 1 13 32 -3.44145 0 64 -3.44145 1
gene 1 13 33 0.86546 0 65 0.86546 1
gene 1 14 29 -0.952819 0 66 -0.952819 1
gene 1 14 30 1.19376 0 67 1.19376 1
gene 1 14 31 -1.31661 0 68 -1.31661 1
gene 1 14 32 -0.558902 0 69 -0.558902 1
gene 1 14 33 -2.92697 0 70 -2.92697 1
gene 1 15 29 1.08559 0 71 1.08559 1
gene 1 15 30 -1.91543 0 72 -1.91543 1
gene 1 15 31 -0.100767 0 73 -0.100767 1
gene 1 15 32 1.24689 0 74 1.24689 1
gene 1 15 33 -2.02572 0 75 -2.02572 1
gene 1 16 29 1.15183 0 76 1.15183 1
gene 1 16 30 -0.546196 0 77 -0.546196 1
gene 1 16 31 1.09535 0 78 1.09535 1
gene 1 16 32 2.00856 0 79 2.00856 1
gene 1 16 33 -0.232616 0 80 -0.232616 1
gene 1 17 29 0.99144 0 81 0.99144 1
gene 1 17 30 -3.78373 0 82 -3.78373 1
gene 1 17 31 2.3923 0 83 2.3923 1
gene 1 17 32 -0.605113 0 84 -0.605113 1
gene 1 17 33 2.38531 0 85 2.38531 1
gene 1 18 29 4.42906 0 86 4.42906 1
gene 1 18 30 -0.533773 0 87 -0.533773 1
gene 1 18 31 0.797439 0 88 0.797439 1
gene 1 18 32 0.0762704 0 89 0.0762704 1
gene 1 18 33 -0.210054 0 90 -0.210054 1
gene 1 19 29 -0.726732 0 91 -0.726732 1
gene 1 19 30 -4.33917 0 92 -4.33917 1
gene 1 19 31 1.472 0 93 1.472 1
gene 1 19 32 1.35075 0 94 1.35075 1
gene 1 19 33 -5 0 95 -5 1
gene 1 20 29 -0.960937 0 96 -0.960937 1
gene 1 20 30 0.501566 0 97 0.501566 1
gene 1 20 31 0.976783 0 98 0.976783 1
gene 1 20 32 -1.64434 0 99 -1.64434 1
gene 1 20 33 -0.181277 0 100 -0.181277 1
gene 1 21 29 1.37375 0 101 1.37375 1
gene 1 21 30 -0.922865 0 102 -0.922865 1
gene 1 21 31 -1.82307 0 103 -1.82307 1
gene 1 21 32 1.09353 0 104 1.09353 1
gene 1 21 33 2.28323 0 105 2.28323 1
gene 1 22 29 -2.59902 0 106 -2.59902 1
gene 1 22 30 -2.57142 0 107 -2.57142 1
gene 1 22 31 -3.30764 0 108 -3.30764 1
gene 1 22 32 3.57458 0 109 3.57458 1
gene 1 22 33 -4.0111 0 110 -4.0111 1
gene 1 23 29 -2.18018 0 111 -2.18018 1
gene 1 23 30 -3.21945 0 112 -3.21945 1
gene 1 23 31 2.01418 0 113 2.01418 1
gene 1 23 32 0.0276889 0 114 0.0276889 1
gene 1 23 33 0.983576 0 115 0.983576 1
gene 1 24 29 0.755934 0 116 0.755934 1
gene 1 24 30 0.93679 0 117 0.93679 1
gene 1 24 31 -0.123895 0 118 -0.123895 1
gene 1 24 32 0.107221 0 119 0.107221 1
gene 1 24 33 -0.519728 0 120 -0.519728 1
gene 1 25 29 0.415673 0 121 0.415673 1
gene 1 25 30 0.282936 0 122 0.282936 1
gene 1 25 31 0.995146 0 123 0.995146 1
gene 1 25 32 0.733472 0 124 0.733472 1
gene 1 25 33 -0.978661 0 125 -0.978661 1
gene 1 26 29 0.788591 0 126 0.788591 1
gene 1 26 30 0.420407 0 127 0.420407 1
gene 1 26 31 1.59969 0 128 1.59969 1
gene 1 26 32 -0.975403 0 129 -0.975403 1
gene 1 26 33 0.29629 0 130 0.29629 1
gene 1 27 29 0.403053 0 131 0.403053 1
gene 1 27 30 0.47597 0 132 0.47597 1
gene 1 27 31 0.288185 0 133 0.288185 1
gene 1 27 32 -0.258559 0 134 -0.258559 1
gene 1 27 33 -1.14373 0 135 -1.14373 1
gene 1 28 29 -4.15956 0 136 -4.15956 1
gene 1 28 30 0.968611 0 137 0.968611 1
gene 1 28 31 0.489794 0 138 0.489794 1
gene 1 28 32 -0.080659 0 139 -0.080659 1
gene 1 28 33 -1.23954 0 140 -1.23954 1
genomeend 11


