/* Organism #3 Fitness: 8819.686000 Time: 0 */
genomestart 3
trait 1 0.100000 0.000000 0.000000 0.000000 0.000000 0.000000 0.000000 0.000000 
node 1 1 1 1
node 2 1 1 1
node 3 1 1 1
node 4 1 1 1
node 5 1 1 1
node 6 1 1 1
node 7 1 1 1
node 8 1 1 1
node 9 1 1 1
node 10 1 1 1
node 11 1 1 1
node 12 1 1 1
node 13 1 1 1
node 14 1 1 1
node 15 1 1 1
node 16 1 1 1
node 17 1 1 1
node 18 1 1 1
node 19 1 1 1
node 20 1 1 1
node 21 1 1 1
node 22 1 1 1
node 23 1 1 1
node 24 1 1 1
node 25 1 1 1
node 26 1 1 1
node 27 1 1 1
node 28 1 1 3
node 29 1 0 2
node 30 1 0 2
node 31 1 0 2
node 32 1 0 2
node 33 1 0 2
gene 1 1 29 -0.881272 0 1 -0.881272 1
gene 1 1 30 -3.26173 0 2 -3.26173 1
gene 1 1 31 -0.248723 0 3 -0.248723 1
gene 1 1 32 1.12359 0 4 1.12359 1
gene 1 1 33 0.315818 0 5 0.315818 1
gene 1 2 29 -1.33751 0 6 -1.33751 1
gene 1 2 30 1.9146 0 7 1.9146 1
gene 1 2 31 -1.19836 0 8 -1.19836 1
gene 1 2 32 -0.0116728 0 9 -0.0116728 1
gene 1 2 33 1.03372 0 10 1.03372 1
gene 1 3 29 -1.11961 0 11 -1.11961 1
gene 1 3 30 3.98142 0 12 3.98142 1
gene 1 3 31 1.48375 0 13 1.48375 1
gene 1 3 32 0.190349 0 14 0.190349 1
gene 1 3 33 0.80785 0 15 0.80785 1
gene 1 4 29 0.97675 0 16 0.97675 1
gene 1 4 30 0.40334 0 17 0.40334 1
gene 1 4 31 -0.716503 0 18 -0.716503 1
gene 1 4 32 -2.18534 0 19 -2.18534 1
gene 1 4 33 1.94833 0 20 1.94833 1
gene 1 5 29 1.661 0 21 1.661 1
gene 1 5 30 2.63121 0 22 2.63121 1
gene 1 5 31 -1.82646 0 23 -1.82646 1
gene 1 5 32 -0.430026 0 24 -0.430026 1
gene 1 5 33 -0.901133 0 25 -0.901133 1
gene 1 6 29 3.51168 0 26 3.51168 1
gene 1 6 30 -2.28111 0 27 -2.28111 1
gene 1 6 31 0.149761 0 28 0.149761 1
gene 1 6 32 -0.893764 0 29 -0.893764 1
gene 1 6 33 -0.437962 0 30 -0.437962 1
gene 1 7 29 2.92599 0 31 2.92599 1
gene 1 7 30 1.22487 0 32 1.22487 1
gene 1 7 31 -1.97333 0 33 -1.97333 1
gene 1 7 32 1.18688 0 34 1.18688 1
gene 1 7 33 -1.01385 0 35 -1.01385 1
gene 1 8 29 2.76313 0 36 2.76313 1
gene 1 8 30 -2.82169 0 37 -2.82169 1
gene 1 8 31 -1.51729 0 38 -1.51729 1
gene 1 8 32 0.00342876 0 39 0.00342876 1
gene 1 8 33 -3.82681 0 40 -3.82681 1
gene 1 9 29 0.133377 0 41 0.133377 1
gene 1 9 30 2.76842 0 42 2.76842 1
gene 1 9 31 1.6273 0 43 1.6273 1
gene 1 9 32 0.269023 0 44 0.269023 1
gene 1 9 33 -2.30148 0 45 -2.30148 1
gene 1 10 29 0.195929 0 46 0.195929 1
gene 1 10 30 0.986112 0 47 0.986112 1
gene 1 10 31 2.83252 0 48 2.83252 1
gene 1 10 32 -0.489316 0 49 -0.489316 1
gene 1 10 33 1.98834 0 50 1.98834 1
gene 1 11 29 2.91244 0 51 2.91244 1
gene 1 11 30 -1.64251 0 52 -1.64251 1
gene 1 11 31 -0.302705 0 53 -0.302705 1
gene 1 11 32 -0.962132 0 54 -0.962132 1
gene 1 11 33 -0.641424 0 55 -0.641424 1
gene 1 12 29 0.71318 0 56 0.71318 1
gene 1 12 30 0.771825 0 57 0.771825 1
gene 1 12 31 -2.59727 0 58 -2.59727 1
gene 1 12 32 -1.60902 0 59 -1.60902 1
gene 1 12 33 1.00267 0 60 1.00267 1
gene 1 13 29 -3.57781 0 61 -3.57781 1
gene 1 13 30 -2.04368 0 62 -2.04368 1
gene 1 13 31 -0.136506 0 63 -0.136506 1
gene 1 13 32 -0.727868 0 64 -0.727868 1
gene 1 13 33 0.462662 0 65 0.462662 1
gene 1 14 29 4.24831 0 66 4.24831 1
gene 1 14 30 -0.553018 0 67 -0.553018 1
gene 1 14 31 -2.8304 0 68 -2.8304 1
gene 1 14 32 1.12514 0 69 1.12514 1
gene 1 14 33 -0.831951 0 70 -0.831951 1
gene 1 15 29 0.254644 0 71 0.254644 1
gene 1 15 30 -0.452369 0 72 -0.452369 1
gene 1 15 31 2.42099 0 73 2.42099 1
gene 1 15 32 -2.23035 0 74 -2.23035 1
gene 1 15 33 -4.20536 0 75 -4.20536 1
gene 1 16 29 0.69747 0 76 0.69747 1
gene 1 16 30 1.23944 0 77 1.23944 1
gene 1 16 31 -2.08127 0 78 -2.08127 1
gene 1 16 32 0.174826 0 79 0.174826 1
gene 1 16 33 1.08779 0 80 1.08779 1
gene 1 17 29 -5 0 81 -5 1
gene 1 17 30 1.26463 0 82 1.26463 1
gene 1 17 31 -0.46849 0 83 -0.46849 1
gene 1 17 32 -1.23299 0 84 -1.23299 1
gene 1 17 33 0.282528 0 85 0.282528 1
gene 1 18 29 -3.4689 0 86 -3.4689 1
gene 1 18 30 3.3491 0 87 3.3491 1
gene 1 18 31 1.42051 0 88 1.42051 1
gene 1 18 32 0.501784 0 89 0.501784 1
gene 1 18 33 -0.742118 0 90 -0.742118 1
gene 1 19 29 0.0203616 0 91 0.0203616 1
gene 1 19 30 0.899851 0 92 0.899851 1
gene 1 19 31 -2.44163 0 93 -2.44163 1
gene 1 19 32 0.342187 0 94 0.342187 1
gene 1 19 33 1.00476 0 95 1.00476 1
gene 1 20 29 0.798231 0 96 0.798231 1
gene 1 20 30 0.775025 0 97 0.775025 1
gene 1 20 31 -3.21899 0 98 -3.21899 1
gene 1 20 32 0.281396 0 99 0.281396 1
gene 1 20 33 -1.10577 0 100 -1.10577 1
gene 1 21 29 0.775445 0 101 0.775445 1
gene 1 21 30 1.7338 0 102 1.7338 1
gene 1 21 31 -0.139823 0 103 -0.139823 1
gene 1 21 32 -0.24128 0 104 -0.24128 1
gene 1 21 33 -0.899044 0 105 -0.899044 1
gene 1 22 29 -0.400762 0 106 -0.400762 1
gene 1 22 30 -1.72509 0 107 -1.72509 1
gene 1 22 31 -5 0 108 -5 1
gene 1 22 32 -2.92261 0 109 -2.92261 1
gene 1 22 33 0.197665 0 110 0.197665 1
gene 1 23 29 -2.45952 0 111 -2.45952 1
gene 1 23 30 2.17925 0 112 2.17925 1
gene 1 23 31 -0.339178 0 113 -0.339178 1
gene 1 23 32 -0.627101 0 114 -0.627101 1
gene 1 23 33 -0.17318 0 115 -0.17318 1
gene 1 24 29 0.518745 0 116 0.518745 1
gene 1 24 30 0.525442 0 117 0.525442 1
gene 1 24 31 0.945488 0 118 0.945488 1
gene 1 24 32 0.664663 0 119 0.664663 1
gene 1 24 33 1.97168 0 120 1.97168 1
gene 1 25 29 0.425437 0 121 0.425437 1
gene 1 25 30 -0.0226478 0 122 -0.0226478 1
gene 1 25 31 1.05739 0 123 1.05739 1
gene 1 25 32 0.169387 0 124 0.169387 1
gene 1 25 33 -0.618931 0 125 -0.618931 1
gene 1 26 29 -0.290701 0 126 -0.290701 1
gene 1 26 30 -0.272434 0 127 -0.272434 1
gene 1 26 31 0.724744 0 128 0.724744 1
gene 1 26 32 -0.781975 0 129 -0.781975 1
gene 1 26 33 -2.43004 0 130 -2.43004 1
gene 1 27 29 -0.106312 0 131 -0.106312 1
gene 1 27 30 0.000118139 0 132 0.000118139 1
gene 1 27 31 1.40332 0 133 1.40332 1
gene 1 27 32 0.30331 0 134 0.30331 1
gene 1 27 33 0.172274 0 135 0.172274 1
gene 1 28 29 -0.0231636 0 136 -0.0231636 1
gene 1 28 30 -4.51201 0 137 -4.51201 1
gene 1 28 31 1.64597 0 138 1.64597 1
gene 1 28 32 1.2221 0 139 1.2221 1
gene 1 28 33 0.0383035 0 140 0.0383035 1
genomeend 3


