/* Organism #0 Fitness: 8565.390000 Time: 0 */
genomestart 0
trait 1 1.000000 0.000000 0.000000 1.000000 0.601190 0.000000 0.000000 1.000000 
node 1 1 1 1
node 2 1 1 1
node 3 1 1 1
node 4 1 1 1
node 5 1 1 1
node 6 1 1 1
node 7 1 1 1
node 8 1 1 1
node 9 1 1 1
node 10 1 1 1
node 11 1 1 1
node 12 1 1 1
node 13 1 1 1
node 14 1 1 1
node 15 1 1 1
node 16 1 1 1
node 17 1 1 1
node 18 1 1 1
node 19 1 1 1
node 20 1 1 1
node 21 1 1 1
node 22 1 1 1
node 23 1 1 1
node 24 1 1 1
node 25 1 1 1
node 26 1 1 1
node 27 1 1 1
node 28 1 1 3
node 29 1 0 2
node 30 1 0 2
node 31 1 0 2
node 32 1 0 2
node 33 1 0 2
gene 1 1 29 -3.38763 0 1 -3.38763 1
gene 1 1 30 -2.29471 0 2 -2.29471 1
gene 1 1 31 -3.29306 0 3 -3.29306 1
gene 1 1 32 -1.96453 0 4 -1.96453 1
gene 1 1 33 2.25133 0 5 2.25133 1
gene 1 2 29 -1.71795 0 6 -1.71795 1
gene 1 2 30 2.32187 0 7 2.32187 1
gene 1 2 31 1.07377 0 8 1.07377 1
gene 1 2 32 1.50467 0 9 1.50467 1
gene 1 2 33 3.23261 0 10 3.23261 1
gene 1 3 29 0.394298 0 11 0.394298 1
gene 1 3 30 4.28245 0 12 4.28245 1
gene 1 3 31 3.25145 0 13 3.25145 1
gene 1 3 32 -2.11714 0 14 -2.11714 1
gene 1 3 33 0.187433 0 15 0.187433 1
gene 1 4 29 -2.2676 0 16 -2.2676 1
gene 1 4 30 0.582564 0 17 0.582564 1
gene 1 4 31 0.843892 0 18 0.843892 1
gene 1 4 32 5 0 19 5 1
gene 1 4 33 1.09665 0 20 1.09665 1
gene 1 5 29 3.27979 0 21 3.27979 1
gene 1 5 30 4.45087 0 22 4.45087 1
gene 1 5 31 1.06078 0 23 1.06078 1
gene 1 5 32 4.24403 0 24 4.24403 1
gene 1 5 33 4.71354 0 25 4.71354 1
gene 1 6 29 5 0 26 5 1
gene 1 6 30 0.264154 0 27 0.264154 1
gene 1 6 31 -2.79912 0 28 -2.79912 1
gene 1 6 32 2.44839 0 29 2.44839 1
gene 1 6 33 -0.430829 0 30 -0.430829 1
gene 1 7 29 1.41761 0 31 1.41761 1
gene 1 7 30 -1.75903 0 32 -1.75903 1
gene 1 7 31 0.316654 0 33 0.316654 1
gene 1 7 32 4.30285 0 34 4.30285 1
gene 1 7 33 2.24317 0 35 2.24317 1
gene 1 8 29 5 0 36 5 1
gene 1 8 30 -0.45348 0 37 -0.45348 1
gene 1 8 31 -2.08663 0 38 -2.08663 1
gene 1 8 32 -0.950144 0 39 -0.950144 1
gene 1 8 33 -4.06975 0 40 -4.06975 1
gene 1 9 29 0.1191 0 41 0.1191 1
gene 1 9 30 2.64505 0 42 2.64505 1
gene 1 9 31 -4.21861 0 43 -4.21861 1
gene 1 9 32 -2.05661 0 44 -2.05661 1
gene 1 9 33 -4.65457 0 45 -4.65457 1
gene 1 10 29 -4.66366 0 46 -4.66366 1
gene 1 10 30 4.07851 0 47 4.07851 1
gene 1 10 31 4.60333 0 48 4.60333 1
gene 1 10 32 -2.36182 0 49 -2.36182 1
gene 1 10 33 -2.99661 0 50 -2.99661 1
gene 1 11 29 0.40918 0 51 0.40918 1
gene 1 11 30 -4.5596 0 52 -4.5596 1
gene 1 11 31 -1.66182 0 53 -1.66182 1
gene 1 11 32 2.38598 0 54 2.38598 1
gene 1 11 33 -1.52394 0 55 -1.52394 1
gene 1 12 29 -3.36736 0 56 -3.36736 1
gene 1 12 30 1.29116 0 57 1.29116 1
gene 1 12 31 -0.840282 0 58 -0.840282 1
gene 1 12 32 0.431567 0 59 0.431567 1
gene 1 12 33 -1.47306 0 60 -1.47306 1
gene 1 13 29 -0.153953 0 61 -0.153953 1
gene 1 13 30 -3.5544 0 62 -3.5544 1
gene 1 13 31 -3.37663 0 63 -3.37663 1
gene 1 13 32 3.11832 0 64 3.11832 1
gene 1 13 33 1.5678 0 65 1.5678 1
gene 1 14 29 -1.71893 0 66 -1.71893 1
gene 1 14 30 4.32561 0 67 4.32561 1
gene 1 14 31 -0.596088 0 68 -0.596088 1
gene 1 14 32 -1.08464 0 69 -1.08464 1
gene 1 14 33 -0.607038 0 70 -0.607038 1
gene 1 15 29 1.98758 0 71 1.98758 1
gene 1 15 30 4.69712 0 72 4.69712 1
gene 1 15 31 1.14408 0 73 1.14408 1
gene 1 15 32 -1.54513 0 74 -1.54513 1
gene 1 15 33 4.14607 0 75 4.14607 1
gene 1 16 29 1.61326 0 76 1.61326 1
gene 1 16 30 -2.46671 0 77 -2.46671 1
gene 1 16 31 0.00562859 0 78 0.00562859 1
gene 1 16 32 -3.74521 0 79 -3.74521 1
gene 1 16 33 2.5675 0 80 2.5675 1
gene 1 17 29 1.24056 0 81 1.24056 1
gene 1 17 30 -3.95268 0 82 -3.95268 1
gene 1 17 31 1.69129 0 83 1.69129 1
gene 1 17 32 4.96171 0 84 4.96171 1
gene 1 17 33 2.08519 0 85 2.08519 1
gene 1 18 29 2.54377 0 86 2.54377 1
gene 1 18 30 -3.04838 0 87 -3.04838 1
gene 1 18 31 2.73185 0 88 2.73185 1
gene 1 18 32 1.13145 0 89 1.13145 1
gene 1 18 33 -0.754238 0 90 -0.754238 1
gene 1 19 29 3.31653 0 91 3.31653 1
gene 1 19 30 -3.23562 0 92 -3.23562 1
gene 1 19 31 0.0816021 0 93 0.0816021 1
gene 1 19 32 0.390123 0 94 0.390123 1
gene 1 19 33 1.40988 0 95 1.40988 1
gene 1 20 29 -2.86211 0 96 -2.86211 1
gene 1 20 30 0.45424 0 97 0.45424 1
gene 1 20 31 -0.482861 0 98 -0.482861 1
gene 1 20 32 -1.66569 0 99 -1.66569 1
gene 1 20 33 1.92682 0 100 1.92682 1
gene 1 21 29 2.95601 0 101 2.95601 1
gene 1 21 30 3.16214 0 102 3.16214 1
gene 1 21 31 0.105332 0 103 0.105332 1
gene 1 21 32 -1.48331 0 104 -1.48331 1
gene 1 21 33 2.11643 0 105 2.11643 1
gene 1 22 29 -0.650872 0 106 -0.650872 1
gene 1 22 30 -3.2381 0 107 -3.2381 1
gene 1 22 31 0.399594 0 108 0.399594 1
gene 1 22 32 3.02597 0 109 3.02597 1
gene 1 22 33 5 0 110 5 1
gene 1 23 29 -1.21479 0 111 -1.21479 1
gene 1 23 30 4.85416 0 112 4.85416 1
gene 1 23 31 3.7308 0 113 3.7308 1
gene 1 23 32 -0.634437 0 114 -0.634437 1
gene 1 23 33 -0.92896 0 115 -0.92896 1
gene 1 24 29 0.553059 0 116 0.553059 1
gene 1 24 30 -0.277483 0 117 -0.277483 1
gene 1 24 31 -0.81674 0 118 -0.81674 1
gene 1 24 32 -0.634997 0 119 -0.634997 1
gene 1 24 33 -0.206562 0 120 -0.206562 1
gene 1 25 29 0.558182 0 121 0.558182 1
gene 1 25 30 -0.255491 0 122 -0.255491 1
gene 1 25 31 0.0841152 0 123 0.0841152 1
gene 1 25 32 -0.108842 0 124 -0.108842 1
gene 1 25 33 1.41128 0 125 1.41128 1
gene 1 26 29 0.200895 0 126 0.200895 1
gene 1 26 30 -0.20034 0 127 -0.20034 1
gene 1 26 31 -0.386996 0 128 -0.386996 1
gene 1 26 32 -0.0824543 0 129 -0.0824543 1
gene 1 26 33 -0.0531735 0 130 -0.0531735 1
gene 1 27 29 -0.16772 0 131 -0.16772 1
gene 1 27 30 1.15883 0 132 1.15883 1
gene 1 27 31 2.14073 0 133 2.14073 1
gene 1 27 32 0.621647 0 134 0.621647 1
gene 1 27 33 -0.5964 0 135 -0.5964 1
gene 1 28 29 -5 0 136 -5 1
gene 1 28 30 0.333675 0 137 0.333675 1
gene 1 28 31 -0.804117 0 138 -0.804117 1
gene 1 28 32 -1.13428 0 139 -1.13428 1
gene 1 28 33 1.23586 0 140 1.23586 1
genomeend 0


