/* Organism #0 Fitness: 9019.186000 Time: 0 */
genomestart 0
trait 1 1.000000 0.000000 0.635111 0.020714 0.533855 0.298031 0.747792 0.730589 
node 1 1 1 1
node 2 1 1 1
node 3 1 1 1
node 4 1 1 1
node 5 1 1 1
node 6 1 1 1
node 7 1 1 1
node 8 1 1 1
node 9 1 1 1
node 10 1 1 1
node 11 1 1 1
node 12 1 1 1
node 13 1 1 1
node 14 1 1 1
node 15 1 1 1
node 16 1 1 1
node 17 1 1 1
node 18 1 1 1
node 19 1 1 1
node 20 1 1 1
node 21 1 1 1
node 22 1 1 1
node 23 1 1 1
node 24 1 1 1
node 25 1 1 1
node 26 1 1 1
node 27 1 1 1
node 28 1 1 3
node 29 1 0 2
node 30 1 0 2
node 31 1 0 2
node 32 1 0 2
node 33 1 0 2
gene 1 1 29 -1.1801 0 1 -1.1801 1
gene 1 1 30 -4.86082 0 2 -4.86082 1
gene 1 1 31 4.30161 0 3 4.30161 1
gene 1 1 32 5 0 4 5 1
gene 1 1 33 -0.925085 0 5 -0.925085 1
gene 1 2 29 -4.69438 0 6 -4.69438 1
gene 1 2 30 5 0 7 5 1
gene 1 2 31 -2.24522 0 8 -2.24522 1
gene 1 2 32 0.441556 0 9 0.441556 1
gene 1 2 33 -0.882261 0 10 -0.882261 1
gene 1 3 29 2.25741 0 11 2.25741 1
gene 1 3 30 3.13367 0 12 3.13367 1
gene 1 3 31 -0.882431 0 13 -0.882431 1
gene 1 3 32 3.2112 0 14 3.2112 1
gene 1 3 33 3.54803 0 15 3.54803 1
gene 1 4 29 0.277663 0 16 0.277663 1
gene 1 4 30 3.8736 0 17 3.8736 1
gene 1 4 31 1.86988 0 18 1.86988 1
gene 1 4 32 0.17048 0 19 0.17048 1
gene 1 4 33 2.55184 0 20 2.55184 1
gene 1 5 29 2.75868 0 21 2.75868 1
gene 1 5 30 -0.388203 0 22 -0.388203 1
gene 1 5 31 2.04401 0 23 2.04401 1
gene 1 5 32 -0.692069 0 24 -0.692069 1
gene 1 5 33 4.15231 0 25 4.15231 1
gene 1 6 29 1.53877 0 26 1.53877 1
gene 1 6 30 -1.70707 0 27 -1.70707 1
gene 1 6 31 -5 0 28 -5 1
gene 1 6 32 4.1806 0 29 4.1806 1
gene 1 6 33 -3.0479 0 30 -3.0479 1
gene 1 7 29 3.8468 0 31 3.8468 1
gene 1 7 30 0.798565 0 32 0.798565 1
gene 1 7 31 -0.369822 0 33 -0.369822 1
gene 1 7 32 -3.76639 0 34 -3.76639 1
gene 1 7 33 -0.979187 0 35 -0.979187 1
gene 1 8 29 2.89838 0 36 2.89838 1
gene 1 8 30 -2.90287 0 37 -2.90287 1
gene 1 8 31 -2.10754 0 38 -2.10754 1
gene 1 8 32 1.91829 0 39 1.91829 1
gene 1 8 33 2.14069 0 40 2.14069 1
gene 1 9 29 2.36181 0 41 2.36181 1
gene 1 9 30 -2.08104 0 42 -2.08104 1
gene 1 9 31 -2.04454 0 43 -2.04454 1
gene 1 9 32 3.05788 0 44 3.05788 1
gene 1 9 33 2.90038 0 45 2.90038 1
gene 1 10 29 -5 0 46 -5 1
gene 1 10 30 -1.86245 0 47 -1.86245 1
gene 1 10 31 4.75566 0 48 4.75566 1
gene 1 10 32 0.179184 0 49 0.179184 1
gene 1 10 33 2.11944 0 50 2.11944 1
gene 1 11 29 2.02636 0 51 2.02636 1
gene 1 11 30 4.11293 0 52 4.11293 1
gene 1 11 31 3.10765 0 53 3.10765 1
gene 1 11 32 -3.70469 0 54 -3.70469 1
gene 1 11 33 -0.326826 0 55 -0.326826 1
gene 1 12 29 0.586106 0 56 0.586106 1
gene 1 12 30 0.675653 0 57 0.675653 1
gene 1 12 31 -0.725036 0 58 -0.725036 1
gene 1 12 32 3.15572 0 59 3.15572 1
gene 1 12 33 -1.81077 0 60 -1.81077 1
gene 1 13 29 5 0 61 5 1
gene 1 13 30 1.20988 0 62 1.20988 1
gene 1 13 31 2.61981 0 63 2.61981 1
gene 1 13 32 0.638632 0 64 0.638632 1
gene 1 13 33 2.8719 0 65 2.8719 1
gene 1 14 29 -1.21661 0 66 -1.21661 1
gene 1 14 30 -2.2193 0 67 -2.2193 1
gene 1 14 31 1.51403 0 68 1.51403 1
gene 1 14 32 -0.865423 0 69 -0.865423 1
gene 1 14 33 -0.538822 0 70 -0.538822 1
gene 1 15 29 1.10975 0 71 1.10975 1
gene 1 15 30 -0.167219 0 72 -0.167219 1
gene 1 15 31 1.06859 0 73 1.06859 1
gene 1 15 32 1.58775 0 74 1.58775 1
gene 1 15 33 1.11457 0 75 1.11457 1
gene 1 16 29 4.04321 0 76 4.04321 1
gene 1 16 30 -0.555911 0 77 -0.555911 1
gene 1 16 31 2.23284 0 78 2.23284 1
gene 1 16 32 -0.990247 0 79 -0.990247 1
gene 1 16 33 -1.42946 0 80 -1.42946 1
gene 1 17 29 -3.91189 0 81 -3.91189 1
gene 1 17 30 -0.482025 0 82 -0.482025 1
gene 1 17 31 -0.466931 0 83 -0.466931 1
gene 1 17 32 0.385643 0 84 0.385643 1
gene 1 17 33 -1.77198 0 85 -1.77198 1
gene 1 18 29 -3.30651 0 86 -3.30651 1
gene 1 18 30 5 0 87 5 1
gene 1 18 31 2.96951 0 88 2.96951 1
gene 1 18 32 0.335539 0 89 0.335539 1
gene 1 18 33 -0.719835 0 90 -0.719835 1
gene 1 19 29 -3.83563 0 91 -3.83563 1
gene 1 19 30 2.37098 0 92 2.37098 1
gene 1 19 31 -0.406101 0 93 -0.406101 1
gene 1 19 32 -1.9675 0 94 -1.9675 1
gene 1 19 33 2.71232 0 95 2.71232 1
gene 1 20 29 -0.660531 0 96 -0.660531 1
gene 1 20 30 -0.852629 0 97 -0.852629 1
gene 1 20 31 3.48091 0 98 3.48091 1
gene 1 20 32 0.625177 0 99 0.625177 1
gene 1 20 33 -0.351292 0 100 -0.351292 1
gene 1 21 29 0.838422 0 101 0.838422 1
gene 1 21 30 5 0 102 5 1
gene 1 21 31 0.873697 0 103 0.873697 1
gene 1 21 32 0.39811 0 104 0.39811 1
gene 1 21 33 -0.96526 0 105 -0.96526 1
gene 1 22 29 -0.310687 0 106 -0.310687 1
gene 1 22 30 0.0552229 0 107 0.0552229 1
gene 1 22 31 -1.14333 0 108 -1.14333 1
gene 1 22 32 1.85658 0 109 1.85658 1
gene 1 22 33 1.06316 0 110 1.06316 1
gene 1 23 29 -1.52889 0 111 -1.52889 1
gene 1 23 30 2.34584 0 112 2.34584 1
gene 1 23 31 2.32996 0 113 2.32996 1
gene 1 23 32 -0.292082 0 114 -0.292082 1
gene 1 23 33 -0.500916 0 115 -0.500916 1
gene 1 24 29 0.251048 0 116 0.251048 1
gene 1 24 30 0.323851 0 117 0.323851 1
gene 1 24 31 1.10013 0 118 1.10013 1
gene 1 24 32 1.1129 0 119 1.1129 1
gene 1 24 33 -1.29814 0 120 -1.29814 1
gene 1 25 29 0.652953 0 121 0.652953 1
gene 1 25 30 -0.553292 0 122 -0.553292 1
gene 1 25 31 0.96101 0 123 0.96101 1
gene 1 25 32 -0.848359 0 124 -0.848359 1
gene 1 25 33 0.982179 0 125 0.982179 1
gene 1 26 29 0.926922 0 126 0.926922 1
gene 1 26 30 -0.281562 0 127 -0.281562 1
gene 1 26 31 -0.667043 0 128 -0.667043 1
gene 1 26 32 -1.96137 0 129 -1.96137 1
gene 1 26 33 -1.04085 0 130 -1.04085 1
gene 1 27 29 0.486504 0 131 0.486504 1
gene 1 27 30 -0.406669 0 132 -0.406669 1
gene 1 27 31 0.0384502 0 133 0.0384502 1
gene 1 27 32 0.505822 0 134 0.505822 1
gene 1 27 33 -0.824505 0 135 -0.824505 1
gene 1 28 29 -0.231286 0 136 -0.231286 1
gene 1 28 30 -4.56892 0 137 -4.56892 1
gene 1 28 31 0.226837 0 138 0.226837 1
gene 1 28 32 -1.33375 0 139 -1.33375 1
gene 1 28 33 0.804536 0 140 0.804536 1
genomeend 0


