/* Organism #89 Fitness: 6505.386000 Time: 0 */
genomestart 89
trait 1 0.140729 0.464933 0.328773 0.863146 0.000000 1.000000 0.247482 0.609967 
node 1 1 1 1
node 2 1 1 1
node 3 1 1 1
node 4 1 1 1
node 5 1 1 1
node 6 1 1 1
node 7 1 1 1
node 8 1 1 1
node 9 1 1 1
node 10 1 1 1
node 11 1 1 1
node 12 1 1 1
node 13 1 1 1
node 14 1 1 1
node 15 1 1 1
node 16 1 1 1
node 17 1 1 1
node 18 1 1 1
node 19 1 1 1
node 20 1 1 1
node 21 1 1 1
node 22 1 1 1
node 23 1 1 1
node 24 1 1 1
node 25 1 1 1
node 26 1 1 1
node 27 1 1 1
node 28 1 1 3
node 29 1 0 2
node 30 1 0 2
node 31 1 0 2
node 32 1 0 2
node 33 1 0 2
gene 1 1 29 -4.78494 0 1 -4.78494 1
gene 1 1 30 -1.09276 0 2 -1.09276 1
gene 1 1 31 0.785573 0 3 0.785573 1
gene 1 1 32 0.742076 0 4 0.742076 1
gene 1 1 33 0.89777 0 5 0.89777 1
gene 1 2 29 -0.0653348 0 6 -0.0653348 1
gene 1 2 30 2.42027 0 7 2.42027 1
gene 1 2 31 0.95765 0 8 0.95765 1
gene 1 2 32 0.795688 0 9 0.795688 1
gene 1 2 33 -0.368627 0 10 -0.368627 1
gene 1 3 29 0.796807 0 11 0.796807 1
gene 1 3 30 3.99993 0 12 3.99993 1
gene 1 3 31 3.45481 0 13 3.45481 1
gene 1 3 32 -2.50213 0 14 -2.50213 1
gene 1 3 33 -0.0794186 0 15 -0.0794186 1
gene 1 4 29 -0.766942 0 16 -0.766942 1
gene 1 4 30 3.54177 0 17 3.54177 1
gene 1 4 31 4.86484 0 18 4.86484 1
gene 1 4 32 2.00107 0 19 2.00107 1
gene 1 4 33 1.04403 0 20 1.04403 1
gene 1 5 29 -0.815409 0 21 -0.815409 1
gene 1 5 30 -0.0360971 0 22 -0.0360971 1
gene 1 5 31 -2.40874 0 23 -2.40874 1
gene 1 5 32 2.57193 0 24 2.57193 1
gene 1 5 33 0.29683 0 25 0.29683 1
gene 1 6 29 -0.344948 0 26 -0.344948 1
gene 1 6 30 -0.635338 0 27 -0.635338 1
gene 1 6 31 1.52737 0 28 1.52737 1
gene 1 6 32 4.40739 0 29 4.40739 1
gene 1 6 33 -0.326702 0 30 -0.326702 1
gene 1 7 29 -1.26646 0 31 -1.26646 1
gene 1 7 30 3.17925 0 32 3.17925 1
gene 1 7 31 -2.28198 0 33 -2.28198 1
gene 1 7 32 -2.15287 0 34 -2.15287 1
gene 1 7 33 -4.3858 0 35 -4.3858 1
gene 1 8 29 0.947964 0 36 0.947964 1
gene 1 8 30 0.0362567 0 37 0.0362567 1
gene 1 8 31 -2.3429 0 38 -2.3429 1
gene 1 8 32 0.794143 0 39 0.794143 1
gene 1 8 33 -0.100716 0 40 -0.100716 1
gene 1 9 29 2.42982 0 41 2.42982 1
gene 1 9 30 1.43005 0 42 1.43005 1
gene 1 9 31 -0.570602 0 43 -0.570602 1
gene 1 9 32 0.0510063 0 44 0.0510063 1
gene 1 9 33 -2.00767 0 45 -2.00767 1
gene 1 10 29 -0.40237 0 46 -0.40237 1
gene 1 10 30 -0.440122 0 47 -0.440122 1
gene 1 10 31 -0.285183 0 48 -0.285183 1
gene 1 10 32 2.74956 0 49 2.74956 1
gene 1 10 33 1.0124 0 50 1.0124 1
gene 1 11 29 -0.624395 0 51 -0.624395 1
gene 1 11 30 -0.686071 0 52 -0.686071 1
gene 1 11 31 -4.43249 0 53 -4.43249 1
gene 1 11 32 2.23597 0 54 2.23597 1
gene 1 11 33 -2.53491 0 55 -2.53491 1
gene 1 12 29 0.684954 0 56 0.684954 1
gene 1 12 30 1.19351 0 57 1.19351 1
gene 1 12 31 2.57355 0 58 2.57355 1
gene 1 12 32 3.01684 0 59 3.01684 1
gene 1 12 33 -3.46255 0 60 -3.46255 1
gene 1 13 29 4.02335 0 61 4.02335 1
gene 1 13 30 -3.74964 0 62 -3.74964 1
gene 1 13 31 1.7142 0 63 1.7142 1
gene 1 13 32 -0.333255 0 64 -0.333255 1
gene 1 13 33 5 0 65 5 1
gene 1 14 29 -0.661908 0 66 -0.661908 1
gene 1 14 30 -0.4692 0 67 -0.4692 1
gene 1 14 31 0.226873 0 68 0.226873 1
gene 1 14 32 -2.29538 0 69 -2.29538 1
gene 1 14 33 1.23309 0 70 1.23309 1
gene 1 15 29 0.519288 0 71 0.519288 1
gene 1 15 30 1.00876 0 72 1.00876 1
gene 1 15 31 0.119275 0 73 0.119275 1
gene 1 15 32 -2.05014 0 74 -2.05014 1
gene 1 15 33 4.12491 0 75 4.12491 1
gene 1 16 29 -0.782147 0 76 -0.782147 1
gene 1 16 30 -2.19875 0 77 -2.19875 1
gene 1 16 31 1.87117 0 78 1.87117 1
gene 1 16 32 0.633446 0 79 0.633446 1
gene 1 16 33 -0.65639 0 80 -0.65639 1
gene 1 17 29 -0.840574 0 81 -0.840574 1
gene 1 17 30 -1.36296 0 82 -1.36296 1
gene 1 17 31 -0.201924 0 83 -0.201924 1
gene 1 17 32 -0.198396 0 84 -0.198396 1
gene 1 17 33 -4.21848 0 85 -4.21848 1
gene 1 18 29 -3.99752 0 86 -3.99752 1
gene 1 18 30 -4.95039 0 87 -4.95039 1
gene 1 18 31 4.61444 0 88 4.61444 1
gene 1 18 32 -4.85118 0 89 -4.85118 1
gene 1 18 33 4.56852 0 90 4.56852 1
gene 1 19 29 -1.74372 0 91 -1.74372 1
gene 1 19 30 -5 0 92 -5 1
gene 1 19 31 0.113875 0 93 0.113875 1
gene 1 19 32 -2.11462 0 94 -2.11462 1
gene 1 19 33 1.82921 0 95 1.82921 1
gene 1 20 29 -2.01549 0 96 -2.01549 1
gene 1 20 30 0.160492 0 97 0.160492 1
gene 1 20 31 -0.901761 0 98 -0.901761 1
gene 1 20 32 -0.0821032 0 99 -0.0821032 1
gene 1 20 33 1.84447 0 100 1.84447 1
gene 1 21 29 -1.98237 0 101 -1.98237 1
gene 1 21 30 2.42923 0 102 2.42923 1
gene 1 21 31 -2.00091 0 103 -2.00091 1
gene 1 21 32 -1.0542 0 104 -1.0542 1
gene 1 21 33 -1.30233 0 105 -1.30233 1
gene 1 22 29 1.02136 0 106 1.02136 1
gene 1 22 30 -3.84356 0 107 -3.84356 1
gene 1 22 31 0.839058 0 108 0.839058 1
gene 1 22 32 2.23302 0 109 2.23302 1
gene 1 22 33 1.1584 0 110 1.1584 1
gene 1 23 29 2.45081 0 111 2.45081 1
gene 1 23 30 -1.19037 0 112 -1.19037 1
gene 1 23 31 0.575622 0 113 0.575622 1
gene 1 23 32 1.92541 0 114 1.92541 1
gene 1 23 33 -0.426269 0 115 -0.426269 1
gene 1 24 29 -0.254228 0 116 -0.254228 1
gene 1 24 30 -1.63183 0 117 -1.63183 1
gene 1 24 31 -0.0524455 0 118 -0.0524455 1
gene 1 24 32 0.818034 0 119 0.818034 1
gene 1 24 33 0.284829 0 120 0.284829 1
gene 1 25 29 -0.67607 0 121 -0.67607 1
gene 1 25 30 -0.467022 0 122 -0.467022 1
gene 1 25 31 0.1649 0 123 0.1649 1
gene 1 25 32 -0.905647 0 124 -0.905647 1
gene 1 25 33 -0.857763 0 125 -0.857763 1
gene 1 26 29 -0.263871 0 126 -0.263871 1
gene 1 26 30 0.280319 0 127 0.280319 1
gene 1 26 31 -0.509571 0 128 -0.509571 1
gene 1 26 32 -0.976352 0 129 -0.976352 1
gene 1 26 33 2.41446 0 130 2.41446 1
gene 1 27 29 0.966527 0 131 0.966527 1
gene 1 27 30 -1.04236 0 132 -1.04236 1
gene 1 27 31 3.7545 0 133 3.7545 1
gene 1 27 32 -0.17612 0 134 -0.17612 1
gene 1 27 33 -0.539418 0 135 -0.539418 1
gene 1 28 29 -2.2709 0 136 -2.2709 1
gene 1 28 30 2.09827 0 137 2.09827 1
gene 1 28 31 0.866908 0 138 0.866908 1
gene 1 28 32 -1.41971 0 139 -1.41971 1
gene 1 28 33 -0.984856 0 140 -0.984856 1
genomeend 89


