/* Organism #14 Fitness: 8561.962000 Time: 0 */
genomestart 14
trait 1 0.000000 0.118410 0.000000 0.000000 1.000000 0.241341 0.000000 0.758850 
node 1 1 1 1
node 2 1 1 1
node 3 1 1 1
node 4 1 1 1
node 5 1 1 1
node 6 1 1 1
node 7 1 1 1
node 8 1 1 1
node 9 1 1 1
node 10 1 1 1
node 11 1 1 1
node 12 1 1 1
node 13 1 1 1
node 14 1 1 1
node 15 1 1 1
node 16 1 1 1
node 17 1 1 1
node 18 1 1 1
node 19 1 1 1
node 20 1 1 1
node 21 1 1 1
node 22 1 1 1
node 23 1 1 1
node 24 1 1 1
node 25 1 1 1
node 26 1 1 1
node 27 1 1 1
node 28 1 1 3
node 29 1 0 2
node 30 1 0 2
node 31 1 0 2
node 32 1 0 2
node 33 1 0 2
gene 1 1 29 -1.4977 0 1 -1.4977 1
gene 1 1 30 0.303125 0 2 0.303125 1
gene 1 1 31 3.49962 0 3 3.49962 1
gene 1 1 32 0.249296 0 4 0.249296 1
gene 1 1 33 -0.203726 0 5 -0.203726 1
gene 1 2 29 -5 0 6 -5 1
gene 1 2 30 2.9741 0 7 2.9741 1
gene 1 2 31 -0.0503641 0 8 -0.0503641 1
gene 1 2 32 2.71101 0 9 2.71101 1
gene 1 2 33 -0.546441 0 10 -0.546441 1
gene 1 3 29 -2.95408 0 11 -2.95408 1
gene 1 3 30 1.70857 0 12 1.70857 1
gene 1 3 31 1.00308 0 13 1.00308 1
gene 1 3 32 -3.48937 0 14 -3.48937 1
gene 1 3 33 -0.524245 0 15 -0.524245 1
gene 1 4 29 0.758013 0 16 0.758013 1
gene 1 4 30 4.6826 0 17 4.6826 1
gene 1 4 31 1.61466 0 18 1.61466 1
gene 1 4 32 -1.51473 0 19 -1.51473 1
gene 1 4 33 2.69846 0 20 2.69846 1
gene 1 5 29 0.337233 0 21 0.337233 1
gene 1 5 30 1.58594 0 22 1.58594 1
gene 1 5 31 3.15652 0 23 3.15652 1
gene 1 5 32 -3.66832 0 24 -3.66832 1
gene 1 5 33 2.15498 0 25 2.15498 1
gene 1 6 29 3.15863 0 26 3.15863 1
gene 1 6 30 0.591912 0 27 0.591912 1
gene 1 6 31 4.65294 0 28 4.65294 1
gene 1 6 32 -3.4533 0 29 -3.4533 1
gene 1 6 33 2.32418 0 30 2.32418 1
gene 1 7 29 4.30929 0 31 4.30929 1
gene 1 7 30 -1.0261 0 32 -1.0261 1
gene 1 7 31 -4.43413 0 33 -4.43413 1
gene 1 7 32 -1.53489 0 34 -1.53489 1
gene 1 7 33 2.59043 0 35 2.59043 1
gene 1 8 29 4.44057 0 36 4.44057 1
gene 1 8 30 0.868379 0 37 0.868379 1
gene 1 8 31 5 0 38 5 1
gene 1 8 32 0.781509 0 39 0.781509 1
gene 1 8 33 2.43546 0 40 2.43546 1
gene 1 9 29 -3.38893 0 41 -3.38893 1
gene 1 9 30 2.13862 0 42 2.13862 1
gene 1 9 31 3.20927 0 43 3.20927 1
gene 1 9 32 2.82726 0 44 2.82726 1
gene 1 9 33 2.57498 0 45 2.57498 1
gene 1 10 29 2.32756 0 46 2.32756 1
gene 1 10 30 2.60239 0 47 2.60239 1
gene 1 10 31 -1.08895 0 48 -1.08895 1
gene 1 10 32 -1.65605 0 49 -1.65605 1
gene 1 10 33 -4.79331 0 50 -4.79331 1
gene 1 11 29 -0.411934 0 51 -0.411934 1
gene 1 11 30 2.68161 0 52 2.68161 1
gene 1 11 31 0.456935 0 53 0.456935 1
gene 1 11 32 -2.28569 0 54 -2.28569 1
gene 1 11 33 0.19842 0 55 0.19842 1
gene 1 12 29 -1.13138 0 56 -1.13138 1
gene 1 12 30 -0.967738 0 57 -0.967738 1
gene 1 12 31 -3.14598 0 58 -3.14598 1
gene 1 12 32 -2.8491 0 59 -2.8491 1
gene 1 12 33 -0.10117 0 60 -0.10117 1
gene 1 13 29 5 0 61 5 1
gene 1 13 30 -3.07868 0 62 -3.07868 1
gene 1 13 31 1.2963 0 63 1.2963 1
gene 1 13 32 -0.377275 0 64 -0.377275 1
gene 1 13 33 3.60771 0 65 3.60771 1
gene 1 14 29 3.22774 0 66 3.22774 1
gene 1 14 30 0.663196 0 67 0.663196 1
gene 1 14 31 -1.05239 0 68 -1.05239 1
gene 1 14 32 2.04843 0 69 2.04843 1
gene 1 14 33 1.53013 0 70 1.53013 1
gene 1 15 29 1.73472 0 71 1.73472 1
gene 1 15 30 -2.83943 0 72 -2.83943 1
gene 1 15 31 -5 0 73 -5 1
gene 1 15 32 -0.547305 0 74 -0.547305 1
gene 1 15 33 -1.38494 0 75 -1.38494 1
gene 1 16 29 4.20495 0 76 4.20495 1
gene 1 16 30 3.95532 0 77 3.95532 1
gene 1 16 31 -1.33423 0 78 -1.33423 1
gene 1 16 32 -3.80811 0 79 -3.80811 1
gene 1 16 33 -0.600031 0 80 -0.600031 1
gene 1 17 29 -4.34051 0 81 -4.34051 1
gene 1 17 30 3.81915 0 82 3.81915 1
gene 1 17 31 2.60783 0 83 2.60783 1
gene 1 17 32 -1.8986 0 84 -1.8986 1
gene 1 17 33 -4.42798 0 85 -4.42798 1
gene 1 18 29 -4.64757 0 86 -4.64757 1
gene 1 18 30 4.54131 0 87 4.54131 1
gene 1 18 31 -2.02936 0 88 -2.02936 1
gene 1 18 32 -0.724151 0 89 -0.724151 1
gene 1 18 33 -1.61579 0 90 -1.61579 1
gene 1 19 29 -4.01446 0 91 -4.01446 1
gene 1 19 30 -0.567051 0 92 -0.567051 1
gene 1 19 31 4.3212 0 93 4.3212 1
gene 1 19 32 1.20015 0 94 1.20015 1
gene 1 19 33 -5 0 95 -5 1
gene 1 20 29 2.51117 0 96 2.51117 1
gene 1 20 30 -0.00829417 0 97 -0.00829417 1
gene 1 20 31 -3.06837 0 98 -3.06837 1
gene 1 20 32 1.10667 0 99 1.10667 1
gene 1 20 33 -0.630546 0 100 -0.630546 1
gene 1 21 29 2.22134 0 101 2.22134 1
gene 1 21 30 0.797224 0 102 0.797224 1
gene 1 21 31 -1.6953 0 103 -1.6953 1
gene 1 21 32 3.21342 0 104 3.21342 1
gene 1 21 33 4.83401 0 105 4.83401 1
gene 1 22 29 -2.37038 0 106 -2.37038 1
gene 1 22 30 -3.50663 0 107 -3.50663 1
gene 1 22 31 1.01624 0 108 1.01624 1
gene 1 22 32 0.146118 0 109 0.146118 1
gene 1 22 33 -2.93347 0 110 -2.93347 1
gene 1 23 29 -0.869427 0 111 -0.869427 1
gene 1 23 30 -1.30507 0 112 -1.30507 1
gene 1 23 31 1.91442 0 113 1.91442 1
gene 1 23 32 -1.52341 0 114 -1.52341 1
gene 1 23 33 -1.26663 0 115 -1.26663 1
gene 1 24 29 -1.41202 0 116 -1.41202 1
gene 1 24 30 -0.600604 0 117 -0.600604 1
gene 1 24 31 0.545662 0 118 0.545662 1
gene 1 24 32 0.66486 0 119 0.66486 1
gene 1 24 33 -1.31459 0 120 -1.31459 1
gene 1 25 29 -0.87057 0 121 -0.87057 1
gene 1 25 30 -0.896405 0 122 -0.896405 1
gene 1 25 31 1.34508 0 123 1.34508 1
gene 1 25 32 -0.706947 0 124 -0.706947 1
gene 1 25 33 -2.2756 0 125 -2.2756 1
gene 1 26 29 1.11525 0 126 1.11525 1
gene 1 26 30 -0.268734 0 127 -0.268734 1
gene 1 26 31 -0.49667 0 128 -0.49667 1
gene 1 26 32 -0.610927 0 129 -0.610927 1
gene 1 26 33 0.028283 0 130 0.028283 1
gene 1 27 29 -0.579713 0 131 -0.579713 1
gene 1 27 30 -0.880572 0 132 -0.880572 1
gene 1 27 31 0.511137 0 133 0.511137 1
gene 1 27 32 1.43412 0 134 1.43412 1
gene 1 27 33 -0.00162339 0 135 -0.00162339 1
gene 1 28 29 1.17893 0 136 1.17893 1
gene 1 28 30 -5 0 137 -5 1
gene 1 28 31 2.65222 0 138 2.65222 1
gene 1 28 32 -0.34388 0 139 -0.34388 1
gene 1 28 33 0.461742 0 140 0.461742 1
genomeend 14


