/* Organism #52 Fitness: 8365.650000 Time: 0 */
genomestart 52
trait 1 0.100000 0.000000 0.000000 0.000000 0.280670 0.661989 0.000000 0.000000 
node 1 1 1 1
node 2 1 1 1
node 3 1 1 1
node 4 1 1 1
node 5 1 1 1
node 6 1 1 1
node 7 1 1 1
node 8 1 1 1
node 9 1 1 1
node 10 1 1 1
node 11 1 1 1
node 12 1 1 1
node 13 1 1 1
node 14 1 1 1
node 15 1 1 1
node 16 1 1 1
node 17 1 1 1
node 18 1 1 1
node 19 1 1 1
node 20 1 1 1
node 21 1 1 1
node 22 1 1 1
node 23 1 1 1
node 24 1 1 1
node 25 1 1 1
node 26 1 1 1
node 27 1 1 1
node 28 1 1 3
node 29 1 0 2
node 30 1 0 2
node 31 1 0 2
node 32 1 0 2
node 33 1 0 2
gene 1 1 29 -1.26351 0 1 -1.26351 1
gene 1 1 30 3.3588 0 2 3.3588 1
gene 1 1 31 0.0959323 0 3 0.0959323 1
gene 1 1 32 0.742239 0 4 0.742239 1
gene 1 1 33 -0.0183854 0 5 -0.0183854 1
gene 1 2 29 0.980943 0 6 0.980943 1
gene 1 2 30 1.80926 0 7 1.80926 1
gene 1 2 31 -0.0160175 0 8 -0.0160175 1
gene 1 2 32 -1.72493 0 9 -1.72493 1
gene 1 2 33 -3.06165 0 10 -3.06165 1
gene 1 3 29 0.19262 0 11 0.19262 1
gene 1 3 30 5 0 12 5 1
gene 1 3 31 -0.0253497 0 13 -0.0253497 1
gene 1 3 32 -0.444516 0 14 -0.444516 1
gene 1 3 33 1.09215 0 15 1.09215 1
gene 1 4 29 -0.800635 0 16 -0.800635 1
gene 1 4 30 4.66496 0 17 4.66496 1
gene 1 4 31 -2.96081 0 18 -2.96081 1
gene 1 4 32 0.594513 0 19 0.594513 1
gene 1 4 33 -0.260326 0 20 -0.260326 1
gene 1 5 29 -0.313182 0 21 -0.313182 1
gene 1 5 30 -1.30631 0 22 -1.30631 1
gene 1 5 31 -3.43909 0 23 -3.43909 1
gene 1 5 32 0.212941 0 24 0.212941 1
gene 1 5 33 -0.468066 0 25 -0.468066 1
gene 1 6 29 2.06376 0 26 2.06376 1
gene 1 6 30 2.278 0 27 2.278 1
gene 1 6 31 -0.849922 0 28 -0.849922 1
gene 1 6 32 -1.23216 0 29 -1.23216 1
gene 1 6 33 -2.93005 0 30 -2.93005 1
gene 1 7 29 1.772 0 31 1.772 1
gene 1 7 30 1.01271 0 32 1.01271 1
gene 1 7 31 -0.903874 0 33 -0.903874 1
gene 1 7 32 0.397472 0 34 0.397472 1
gene 1 7 33 1.70198 0 35 1.70198 1
gene 1 8 29 0.965592 0 36 0.965592 1
gene 1 8 30 -2.2833 0 37 -2.2833 1
gene 1 8 31 -1.56415 0 38 -1.56415 1
gene 1 8 32 -1.56076 0 39 -1.56076 1
gene 1 8 33 0.0497619 0 40 0.0497619 1
gene 1 9 29 -0.995587 0 41 -0.995587 1
gene 1 9 30 1.43085 0 42 1.43085 1
gene 1 9 31 1.2334 0 43 1.2334 1
gene 1 9 32 1.04573 0 44 1.04573 1
gene 1 9 33 1.59315 0 45 1.59315 1
gene 1 10 29 1.893 0 46 1.893 1
gene 1 10 30 3.02532 0 47 3.02532 1
gene 1 10 31 -2.66613 0 48 -2.66613 1
gene 1 10 32 0.378226 0 49 0.378226 1
gene 1 10 33 -0.910995 0 50 -0.910995 1
gene 1 11 29 4.78365 0 51 4.78365 1
gene 1 11 30 -5 0 52 -5 1
gene 1 11 31 -0.0518219 0 53 -0.0518219 1
gene 1 11 32 -0.757978 0 54 -0.757978 1
gene 1 11 33 2.26177 0 55 2.26177 1
gene 1 12 29 -1.17246 0 56 -1.17246 1
gene 1 12 30 1.38348 0 57 1.38348 1
gene 1 12 31 3.12835 0 58 3.12835 1
gene 1 12 32 3.30069 0 59 3.30069 1
gene 1 12 33 -0.695779 0 60 -0.695779 1
gene 1 13 29 1.71431 0 61 1.71431 1
gene 1 13 30 -0.658325 0 62 -0.658325 1
gene 1 13 31 -0.146379 0 63 -0.146379 1
gene 1 13 32 4.35372 0 64 4.35372 1
gene 1 13 33 0.0885524 0 65 0.0885524 1
gene 1 14 29 0.366932 0 66 0.366932 1
gene 1 14 30 0.521571 0 67 0.521571 1
gene 1 14 31 2.61821 0 68 2.61821 1
gene 1 14 32 -2.98865 0 69 -2.98865 1
gene 1 14 33 -1.63686 0 70 -1.63686 1
gene 1 15 29 2.72303 0 71 2.72303 1
gene 1 15 30 -0.106842 0 72 -0.106842 1
gene 1 15 31 1.3219 0 73 1.3219 1
gene 1 15 32 -5 0 74 -5 1
gene 1 15 33 -2.3928 0 75 -2.3928 1
gene 1 16 29 1.56882 0 76 1.56882 1
gene 1 16 30 -1.18732 0 77 -1.18732 1
gene 1 16 31 3.2321 0 78 3.2321 1
gene 1 16 32 -1.26087 0 79 -1.26087 1
gene 1 16 33 -1.41934 0 80 -1.41934 1
gene 1 17 29 0.941679 0 81 0.941679 1
gene 1 17 30 -3.3608 0 82 -3.3608 1
gene 1 17 31 1.37696 0 83 1.37696 1
gene 1 17 32 -0.656923 0 84 -0.656923 1
gene 1 17 33 -5 0 85 -5 1
gene 1 18 29 4.18512 0 86 4.18512 1
gene 1 18 30 -4.18404 0 87 -4.18404 1
gene 1 18 31 -1.74997 0 88 -1.74997 1
gene 1 18 32 -3.23906 0 89 -3.23906 1
gene 1 18 33 1.75577 0 90 1.75577 1
gene 1 19 29 1.21208 0 91 1.21208 1
gene 1 19 30 -4.96104 0 92 -4.96104 1
gene 1 19 31 -3.16794 0 93 -3.16794 1
gene 1 19 32 -0.0407999 0 94 -0.0407999 1
gene 1 19 33 -3.69553 0 95 -3.69553 1
gene 1 20 29 -0.807549 0 96 -0.807549 1
gene 1 20 30 0.161589 0 97 0.161589 1
gene 1 20 31 -4.0098 0 98 -4.0098 1
gene 1 20 32 -0.344642 0 99 -0.344642 1
gene 1 20 33 -0.7038 0 100 -0.7038 1
gene 1 21 29 0.990832 0 101 0.990832 1
gene 1 21 30 2.85006 0 102 2.85006 1
gene 1 21 31 0.425995 0 103 0.425995 1
gene 1 21 32 1.19972 0 104 1.19972 1
gene 1 21 33 -1.20805 0 105 -1.20805 1
gene 1 22 29 -0.170409 0 106 -0.170409 1
gene 1 22 30 -4.96041 0 107 -4.96041 1
gene 1 22 31 -2.46973 0 108 -2.46973 1
gene 1 22 32 -1.98293 0 109 -1.98293 1
gene 1 22 33 -2.82023 0 110 -2.82023 1
gene 1 23 29 1.49723 0 111 1.49723 1
gene 1 23 30 1.79096 0 112 1.79096 1
gene 1 23 31 -0.328482 0 113 -0.328482 1
gene 1 23 32 -0.0771223 0 114 -0.0771223 1
gene 1 23 33 0.126456 0 115 0.126456 1
gene 1 24 29 -1.23895 0 116 -1.23895 1
gene 1 24 30 -0.366549 0 117 -0.366549 1
gene 1 24 31 -0.0330214 0 118 -0.0330214 1
gene 1 24 32 0.17862 0 119 0.17862 1
gene 1 24 33 -0.226999 0 120 -0.226999 1
gene 1 25 29 -0.633915 0 121 -0.633915 1
gene 1 25 30 0.283369 0 122 0.283369 1
gene 1 25 31 1.60625 0 123 1.60625 1
gene 1 25 32 -0.465044 0 124 -0.465044 1
gene 1 25 33 3.09858 0 125 3.09858 1
gene 1 26 29 0.279342 0 126 0.279342 1
gene 1 26 30 0.65246 0 127 0.65246 1
gene 1 26 31 -1.27171 0 128 -1.27171 1
gene 1 26 32 -1.16114 0 129 -1.16114 1
gene 1 26 33 -0.201459 0 130 -0.201459 1
gene 1 27 29 -2.12835 0 131 -2.12835 1
gene 1 27 30 0.758919 0 132 0.758919 1
gene 1 27 31 0.359809 0 133 0.359809 1
gene 1 27 32 0.839256 0 134 0.839256 1
gene 1 27 33 -1.27915 0 135 -1.27915 1
gene 1 28 29 -3.97119 0 136 -3.97119 1
gene 1 28 30 1.47649 0 137 1.47649 1
gene 1 28 31 0.399568 0 138 0.399568 1
gene 1 28 32 0.369653 0 139 0.369653 1
gene 1 28 33 -0.520235 0 140 -0.520235 1
genomeend 52


