/* Organism #1 Fitness: 20687.428000 Time: 0 */
genomestart 1
trait 1 0.000000 0.000000 0.000000 1.000000 0.806099 0.000000 0.782332 0.000000 
node 1 1 1 1
node 2 1 1 1
node 3 1 1 1
node 4 1 1 1
node 5 1 1 1
node 6 1 1 1
node 7 1 1 1
node 8 1 1 1
node 9 1 1 1
node 10 1 1 1
node 11 1 1 1
node 12 1 1 1
node 13 1 1 1
node 14 1 1 1
node 15 1 1 1
node 16 1 1 1
node 17 1 1 1
node 18 1 1 1
node 19 1 1 1
node 20 1 1 1
node 21 1 1 1
node 22 1 1 1
node 23 1 1 1
node 24 1 1 1
node 25 1 1 1
node 26 1 1 1
node 27 1 1 1
node 28 1 1 1
node 29 1 1 1
node 30 1 1 1
node 31 1 1 1
node 32 1 1 1
node 33 1 1 1
node 34 1 1 1
node 35 1 1 3
node 36 1 0 2
node 37 1 0 2
node 38 1 0 2
node 39 1 0 2
gene 1 1 36 1.00569 0 1 1.00569 1
gene 1 1 37 0.34416 0 2 0.34416 1
gene 1 1 38 -1.95509 0 3 -1.95509 1
gene 1 1 39 -1.17592 0 4 -1.17592 1
gene 1 2 36 -3.2717 0 5 -3.2717 1
gene 1 2 37 -3.99865 0 6 -3.99865 1
gene 1 2 38 0.120852 0 7 0.120852 1
gene 1 2 39 0.866705 0 8 0.866705 1
gene 1 3 36 -1.23744 0 9 -1.23744 1
gene 1 3 37 -2.72044 0 10 -2.72044 1
gene 1 3 38 -0.835875 0 11 -0.835875 1
gene 1 3 39 -0.195454 0 12 -0.195454 1
gene 1 4 36 1.02988 0 13 1.02988 1
gene 1 4 37 1.36365 0 14 1.36365 1
gene 1 4 38 0.0894615 0 15 0.0894615 1
gene 1 4 39 -1.82297 0 16 -1.82297 1
gene 1 5 36 0.276544 0 17 0.276544 1
gene 1 5 37 -3.05522 0 18 -3.05522 1
gene 1 5 38 -4.38479 0 19 -4.38479 1
gene 1 5 39 -0.164994 0 20 -0.164994 1
gene 1 6 36 0.825976 0 21 0.825976 1
gene 1 6 37 -0.723032 0 22 -0.723032 1
gene 1 6 38 -3.03009 0 23 -3.03009 1
gene 1 6 39 3.5319 0 24 3.5319 1
gene 1 7 36 -5 0 25 -5 1
gene 1 7 37 1.48291 0 26 1.48291 1
gene 1 7 38 -1.888 0 27 -1.888 1
gene 1 7 39 -0.532153 0 28 -0.532153 1
gene 1 8 36 1.36222 0 29 1.36222 1
gene 1 8 37 1.38345 0 30 1.38345 1
gene 1 8 38 0.102229 0 31 0.102229 1
gene 1 8 39 2.07057 0 32 2.07057 1
gene 1 9 36 -0.881493 0 33 -0.881493 1
gene 1 9 37 -1.11925 0 34 -1.11925 1
gene 1 9 38 0.0993059 0 35 0.0993059 1
gene 1 9 39 -0.396397 0 36 -0.396397 1
gene 1 10 36 -3.28554 0 37 -3.28554 1
gene 1 10 37 -0.334011 0 38 -0.334011 1
gene 1 10 38 0.603996 0 39 0.603996 1
gene 1 10 39 -3.22581 0 40 -3.22581 1
gene 1 11 36 0.340797 0 41 0.340797 1
gene 1 11 37 -2.35164 0 42 -2.35164 1
gene 1 11 38 -2.01757 0 43 -2.01757 1
gene 1 11 39 -1.68576 0 44 -1.68576 1
gene 1 12 36 -2.84622 0 45 -2.84622 1
gene 1 12 37 -1.04655 0 46 -1.04655 1
gene 1 12 38 -0.0876861 0 47 -0.0876861 1
gene 1 12 39 4.09042 0 48 4.09042 1
gene 1 13 36 -2.24379 0 49 -2.24379 1
gene 1 13 37 2.85811 0 50 2.85811 1
gene 1 13 38 -0.3538 0 51 -0.3538 1
gene 1 13 39 -0.335967 0 52 -0.335967 1
gene 1 14 36 1.5668 0 53 1.5668 1
gene 1 14 37 -4.2701 0 54 -4.2701 1
gene 1 14 38 -2.86308 0 55 -2.86308 1
gene 1 14 39 0.685343 0 56 0.685343 1
gene 1 15 36 -1.2208 0 57 -1.2208 1
gene 1 15 37 -0.0801027 0 58 -0.0801027 1
gene 1 15 38 -1.08715 0 59 -1.08715 1
gene 1 15 39 1.40121 0 60 1.40121 1
gene 1 16 36 -1.01235 0 61 -1.01235 1
gene 1 16 37 1.69738 0 62 1.69738 1
gene 1 16 38 -1.93179 0 63 -1.93179 1
gene 1 16 39 -2.7791 0 64 -2.7791 1
gene 1 17 36 0.618187 0 65 0.618187 1
gene 1 17 37 -5 0 66 -5 1
gene 1 17 38 0.0615712 0 67 0.0615712 1
gene 1 17 39 -2.47103 0 68 -2.47103 1
gene 1 18 36 -4.41791 0 69 -4.41791 1
gene 1 18 37 -4.87179 0 70 -4.87179 1
gene 1 18 38 -0.0755081 0 71 -0.0755081 1
gene 1 18 39 -4.24846 0 72 -4.24846 1
gene 1 19 36 -3.90255 0 73 -3.90255 1
gene 1 19 37 -1.05353 0 74 -1.05353 1
gene 1 19 38 0.721049 0 75 0.721049 1
gene 1 19 39 0.188986 0 76 0.188986 1
gene 1 20 36 0.666331 0 77 0.666331 1
gene 1 20 37 -2.13975 0 78 -2.13975 1
gene 1 20 38 2.44738 0 79 2.44738 1
gene 1 20 39 -0.173969 0 80 -0.173969 1
gene 1 21 36 0.129606 0 81 0.129606 1
gene 1 21 37 3.37494 0 82 3.37494 1
gene 1 21 38 -1.81724 0 83 -1.81724 1
gene 1 21 39 0.434858 0 84 0.434858 1
gene 1 22 36 -4.87836 0 85 -4.87836 1
gene 1 22 37 1.23716 0 86 1.23716 1
gene 1 22 38 0.407399 0 87 0.407399 1
gene 1 22 39 4.69552 0 88 4.69552 1
gene 1 23 36 0.199669 0 89 0.199669 1
gene 1 23 37 -0.158424 0 90 -0.158424 1
gene 1 23 38 -2.1851 0 91 -2.1851 1
gene 1 23 39 -2.17999 0 92 -2.17999 1
gene 1 24 36 -0.865735 0 93 -0.865735 1
gene 1 24 37 -2.30806 0 94 -2.30806 1
gene 1 24 38 -0.269676 0 95 -0.269676 1
gene 1 24 39 -1.52613 0 96 -1.52613 1
gene 1 25 36 3.9847 0 97 3.9847 1
gene 1 25 37 -0.324986 0 98 -0.324986 1
gene 1 25 38 0.119112 0 99 0.119112 1
gene 1 25 39 -0.135913 0 100 -0.135913 1
gene 1 26 36 -3.0495 0 101 -3.0495 1
gene 1 26 37 -1.38755 0 102 -1.38755 1
gene 1 26 38 3.94802 0 103 3.94802 1
gene 1 26 39 -0.458725 0 104 -0.458725 1
gene 1 27 36 -0.964015 0 105 -0.964015 1
gene 1 27 37 -0.523677 0 106 -0.523677 1
gene 1 27 38 -0.408642 0 107 -0.408642 1
gene 1 27 39 -0.958947 0 108 -0.958947 1
gene 1 28 36 -0.748684 0 109 -0.748684 1
gene 1 28 37 -3.70138 0 110 -3.70138 1
gene 1 28 38 -1.68703 0 111 -1.68703 1
gene 1 28 39 -0.228736 0 112 -0.228736 1
gene 1 29 36 -0.74338 0 113 -0.74338 1
gene 1 29 37 0.643804 0 114 0.643804 1
gene 1 29 38 -0.0498004 0 115 -0.0498004 1
gene 1 29 39 0.143618 0 116 0.143618 1
gene 1 30 36 0.218335 0 117 0.218335 1
gene 1 30 37 0.617977 0 118 0.617977 1
gene 1 30 38 0.841208 0 119 0.841208 1
gene 1 30 39 -0.501946 0 120 -0.501946 1
gene 1 31 36 2.66974 0 121 2.66974 1
gene 1 31 37 0.755467 0 122 0.755467 1
gene 1 31 38 0.465732 0 123 0.465732 1
gene 1 31 39 1.10866 0 124 1.10866 1
gene 1 32 36 -0.436333 0 125 -0.436333 1
gene 1 32 37 -0.19887 0 126 -0.19887 1
gene 1 32 38 -1.37709 0 127 -1.37709 1
gene 1 32 39 -0.5267 0 128 -0.5267 1
gene 1 33 36 0.121123 0 129 0.121123 1
gene 1 33 37 0.122755 0 130 0.122755 1
gene 1 33 38 -0.185433 0 131 -0.185433 1
gene 1 33 39 -1.38185 0 132 -1.38185 1
gene 1 34 36 0.219467 0 133 0.219467 1
gene 1 34 37 -0.699158 0 134 -0.699158 1
gene 1 34 38 -1.44403 0 135 -1.44403 1
gene 1 34 39 -2.01158 0 136 -2.01158 1
gene 1 35 36 -1.90312 0 137 -1.90312 1
gene 1 35 37 0.833948 0 138 0.833948 1
gene 1 35 38 -0.271568 0 139 -0.271568 1
gene 1 35 39 -1.29298 0 140 -1.29298 1
genomeend 1


