/* Organism #2 Fitness: 20069.200000 Time: 0 */
genomestart 2
trait 1 0.000000 0.865601 0.000000 0.000000 0.000000 1.000000 1.000000 0.000000 
node 1 1 1 1
node 2 1 1 1
node 3 1 1 1
node 4 1 1 1
node 5 1 1 1
node 6 1 1 1
node 7 1 1 1
node 8 1 1 1
node 9 1 1 1
node 10 1 1 1
node 11 1 1 1
node 12 1 1 1
node 13 1 1 1
node 14 1 1 1
node 15 1 1 1
node 16 1 1 1
node 17 1 1 1
node 18 1 1 1
node 19 1 1 1
node 20 1 1 1
node 21 1 1 1
node 22 1 1 1
node 23 1 1 1
node 24 1 1 1
node 25 1 1 1
node 26 1 1 1
node 27 1 1 1
node 28 1 1 1
node 29 1 1 1
node 30 1 1 1
node 31 1 1 1
node 32 1 1 1
node 33 1 1 1
node 34 1 1 1
node 35 1 1 3
node 36 1 0 2
node 37 1 0 2
node 38 1 0 2
node 39 1 0 2
gene 1 1 36 -0.236135 0 1 -0.236135 1
gene 1 1 37 -0.312022 0 2 -0.312022 1
gene 1 1 38 0.981897 0 3 0.981897 1
gene 1 1 39 1.17927 0 4 1.17927 1
gene 1 2 36 0.0752725 0 5 0.0752725 1
gene 1 2 37 4.24769 0 6 4.24769 1
gene 1 2 38 0.132505 0 7 0.132505 1
gene 1 2 39 -0.087269 0 8 -0.087269 1
gene 1 3 36 3.06796 0 9 3.06796 1
gene 1 3 37 3.58419 0 10 3.58419 1
gene 1 3 38 1.48989 0 11 1.48989 1
gene 1 3 39 0.24852 0 12 0.24852 1
gene 1 4 36 1.31904 0 13 1.31904 1
gene 1 4 37 -1.07498 0 14 -1.07498 1
gene 1 4 38 -0.0802838 0 15 -0.0802838 1
gene 1 4 39 -1.9458 0 16 -1.9458 1
gene 1 5 36 0.251334 0 17 0.251334 1
gene 1 5 37 -0.240482 0 18 -0.240482 1
gene 1 5 38 1.54092 0 19 1.54092 1
gene 1 5 39 1.06355 0 20 1.06355 1
gene 1 6 36 2.03606 0 21 2.03606 1
gene 1 6 37 4.87668 0 22 4.87668 1
gene 1 6 38 1.79915 0 23 1.79915 1
gene 1 6 39 0.890807 0 24 0.890807 1
gene 1 7 36 0.5153 0 25 0.5153 1
gene 1 7 37 0.157666 0 26 0.157666 1
gene 1 7 38 1.40093 0 27 1.40093 1
gene 1 7 39 -2.69247 0 28 -2.69247 1
gene 1 8 36 0.113289 0 29 0.113289 1
gene 1 8 37 -0.284825 0 30 -0.284825 1
gene 1 8 38 -0.22029 0 31 -0.22029 1
gene 1 8 39 -1.07383 0 32 -1.07383 1
gene 1 9 36 -2.50069 0 33 -2.50069 1
gene 1 9 37 0.180191 0 34 0.180191 1
gene 1 9 38 -0.158527 0 35 -0.158527 1
gene 1 9 39 -1.73722 0 36 -1.73722 1
gene 1 10 36 0.0571702 0 37 0.0571702 1
gene 1 10 37 -0.182438 0 38 -0.182438 1
gene 1 10 38 0.651326 0 39 0.651326 1
gene 1 10 39 1.76721 0 40 1.76721 1
gene 1 11 36 -2.23321 0 41 -2.23321 1
gene 1 11 37 -5 0 42 -5 1
gene 1 11 38 -0.0727058 0 43 -0.0727058 1
gene 1 11 39 -0.696993 0 44 -0.696993 1
gene 1 12 36 0.912929 0 45 0.912929 1
gene 1 12 37 0.185409 0 46 0.185409 1
gene 1 12 38 1.73978 0 47 1.73978 1
gene 1 12 39 -0.982446 0 48 -0.982446 1
gene 1 13 36 1.43067 0 49 1.43067 1
gene 1 13 37 -0.334029 0 50 -0.334029 1
gene 1 13 38 0.986699 0 51 0.986699 1
gene 1 13 39 -2.6603 0 52 -2.6603 1
gene 1 14 36 -0.639756 0 53 -0.639756 1
gene 1 14 37 -0.550955 0 54 -0.550955 1
gene 1 14 38 -0.104369 0 55 -0.104369 1
gene 1 14 39 0.2553 0 56 0.2553 1
gene 1 15 36 -3.65891 0 57 -3.65891 1
gene 1 15 37 -3.25875 0 58 -3.25875 1
gene 1 15 38 3.2306 0 59 3.2306 1
gene 1 15 39 0.095003 0 60 0.095003 1
gene 1 16 36 1.95902 0 61 1.95902 1
gene 1 16 37 -0.0710841 0 62 -0.0710841 1
gene 1 16 38 -4.98788 0 63 -4.98788 1
gene 1 16 39 2.75846 0 64 2.75846 1
gene 1 17 36 3.49098 0 65 3.49098 1
gene 1 17 37 0.217877 0 66 0.217877 1
gene 1 17 38 0.168473 0 67 0.168473 1
gene 1 17 39 -1.03489 0 68 -1.03489 1
gene 1 18 36 1.45723 0 69 1.45723 1
gene 1 18 37 0.0558177 0 70 0.0558177 1
gene 1 18 38 -0.154853 0 71 -0.154853 1
gene 1 18 39 -0.56596 0 72 -0.56596 1
gene 1 19 36 1.33645 0 73 1.33645 1
gene 1 19 37 3.62453 0 74 3.62453 1
gene 1 19 38 0.30622 0 75 0.30622 1
gene 1 19 39 -1.82254 0 76 -1.82254 1
gene 1 20 36 -2.20799 0 77 -2.20799 1
gene 1 20 37 0.0856795 0 78 0.0856795 1
gene 1 20 38 0.793465 0 79 0.793465 1
gene 1 20 39 3.8809 0 80 3.8809 1
gene 1 21 36 -3.50443 0 81 -3.50443 1
gene 1 21 37 -3.11851 0 82 -3.11851 1
gene 1 21 38 -3.00532 0 83 -3.00532 1
gene 1 21 39 -1.44943 0 84 -1.44943 1
gene 1 22 36 1.15906 0 85 1.15906 1
gene 1 22 37 -1.8379 0 86 -1.8379 1
gene 1 22 38 -1.17842 0 87 -1.17842 1
gene 1 22 39 -4.7169 0 88 -4.7169 1
gene 1 23 36 2.00998 0 89 2.00998 1
gene 1 23 37 -1.29565 0 90 -1.29565 1
gene 1 23 38 -0.948367 0 91 -0.948367 1
gene 1 23 39 -3.30627 0 92 -3.30627 1
gene 1 24 36 0.0981532 0 93 0.0981532 1
gene 1 24 37 0.0548294 0 94 0.0548294 1
gene 1 24 38 4.8819 0 95 4.8819 1
gene 1 24 39 -1.81762 0 96 -1.81762 1
gene 1 25 36 0.953505 0 97 0.953505 1
gene 1 25 37 2.02803 0 98 2.02803 1
gene 1 25 38 -0.208398 0 99 -0.208398 1
gene 1 25 39 -2.01311 0 100 -2.01311 1
gene 1 26 36 5 0 101 5 1
gene 1 26 37 -4.0822 0 102 -4.0822 1
gene 1 26 38 -0.406321 0 103 -0.406321 1
gene 1 26 39 -3.65787 0 104 -3.65787 1
gene 1 27 36 -1.57099 0 105 -1.57099 1
gene 1 27 37 0.575326 0 106 0.575326 1
gene 1 27 38 3.50848 0 107 3.50848 1
gene 1 27 39 -1.07789 0 108 -1.07789 1
gene 1 28 36 0.325154 0 109 0.325154 1
gene 1 28 37 0.217642 0 110 0.217642 1
gene 1 28 38 -0.373412 0 111 -0.373412 1
gene 1 28 39 3.74166 0 112 3.74166 1
gene 1 29 36 -0.412132 0 113 -0.412132 1
gene 1 29 37 -1.08819 0 114 -1.08819 1
gene 1 29 38 0.261919 0 115 0.261919 1
gene 1 29 39 0.541295 0 116 0.541295 1
gene 1 30 36 -2.34469 0 117 -2.34469 1
gene 1 30 37 1.41021 0 118 1.41021 1
gene 1 30 38 0.411045 0 119 0.411045 1
gene 1 30 39 2.06967 0 120 2.06967 1
gene 1 31 36 0.989687 0 121 0.989687 1
gene 1 31 37 -0.25394 0 122 -0.25394 1
gene 1 31 38 0.35417 0 123 0.35417 1
gene 1 31 39 -0.562565 0 124 -0.562565 1
gene 1 32 36 0.603138 0 125 0.603138 1
gene 1 32 37 -0.146843 0 126 -0.146843 1
gene 1 32 38 0.449281 0 127 0.449281 1
gene 1 32 39 -1.61538 0 128 -1.61538 1
gene 1 33 36 -0.0845865 0 129 -0.0845865 1
gene 1 33 37 -1.82413 0 130 -1.82413 1
gene 1 33 38 -0.149319 0 131 -0.149319 1
gene 1 33 39 1.01392 0 132 1.01392 1
gene 1 34 36 -1.60704 0 133 -1.60704 1
gene 1 34 37 0.971196 0 134 0.971196 1
gene 1 34 38 1.6346 0 135 1.6346 1
gene 1 34 39 -0.450773 0 136 -0.450773 1
gene 1 35 36 0.831021 0 137 0.831021 1
gene 1 35 37 -0.0758105 0 138 -0.0758105 1
gene 1 35 38 0.129964 0 139 0.129964 1
gene 1 35 39 0.158671 0 140 0.158671 1
genomeend 2


