/* Organism #3 Fitness: 19876.918000 Time: 0 */
genomestart 3
trait 1 0.429269 0.431605 1.000000 0.260263 0.000000 1.000000 0.000000 0.637013 
node 1 1 1 1
node 2 1 1 1
node 3 1 1 1
node 4 1 1 1
node 5 1 1 1
node 6 1 1 1
node 7 1 1 1
node 8 1 1 1
node 9 1 1 1
node 10 1 1 1
node 11 1 1 1
node 12 1 1 1
node 13 1 1 1
node 14 1 1 1
node 15 1 1 1
node 16 1 1 1
node 17 1 1 1
node 18 1 1 1
node 19 1 1 1
node 20 1 1 1
node 21 1 1 1
node 22 1 1 1
node 23 1 1 1
node 24 1 1 1
node 25 1 1 1
node 26 1 1 1
node 27 1 1 1
node 28 1 1 1
node 29 1 1 1
node 30 1 1 1
node 31 1 1 1
node 32 1 1 1
node 33 1 1 1
node 34 1 1 1
node 35 1 1 1
node 36 1 1 1
node 37 1 1 1
node 38 1 1 1
node 39 1 1 1
node 40 1 1 3
node 41 1 0 2
node 42 1 0 2
node 43 1 0 2
node 44 1 0 2
node 45 1 0 2
gene 1 1 41 -1.67102 0 1 -1.67102 1
gene 1 1 42 2.41141 0 2 2.41141 1
gene 1 1 43 -4.68411 0 3 -4.68411 1
gene 1 1 44 -1.80675 0 4 -1.80675 1
gene 1 1 45 -1.94599 0 5 -1.94599 1
gene 1 2 41 4.55371 0 6 4.55371 1
gene 1 2 42 1.49888 0 7 1.49888 1
gene 1 2 43 -1.30614 0 8 -1.30614 1
gene 1 2 44 -3.9184 0 9 -3.9184 1
gene 1 2 45 -0.194109 0 10 -0.194109 1
gene 1 3 41 -0.022387 0 11 -0.022387 1
gene 1 3 42 0.589783 0 12 0.589783 1
gene 1 3 43 3.1784 0 13 3.1784 1
gene 1 3 44 1.63576 0 14 1.63576 1
gene 1 3 45 -2.40254 0 15 -2.40254 1
gene 1 4 41 0.0462145 0 16 0.0462145 1
gene 1 4 42 -0.752074 0 17 -0.752074 1
gene 1 4 43 -0.0975535 0 18 -0.0975535 1
gene 1 4 44 -2.66259 0 19 -2.66259 1
gene 1 4 45 0.943146 0 20 0.943146 1
gene 1 5 41 1.05842 0 21 1.05842 1
gene 1 5 42 -1.39195 0 22 -1.39195 1
gene 1 5 43 2.33961 0 23 2.33961 1
gene 1 5 44 1.16461 0 24 1.16461 1
gene 1 5 45 1.88518 0 25 1.88518 1
gene 1 6 41 0.341736 0 26 0.341736 1
gene 1 6 42 -4.31077 0 27 -4.31077 1
gene 1 6 43 -1.13877 0 28 -1.13877 1
gene 1 6 44 1.13388 0 29 1.13388 1
gene 1 6 45 -2.80627 0 30 -2.80627 1
gene 1 7 41 4.395 0 31 4.395 1
gene 1 7 42 -0.0934602 0 32 -0.0934602 1
gene 1 7 43 -0.248248 0 33 -0.248248 1
gene 1 7 44 0.944462 0 34 0.944462 1
gene 1 7 45 2.19643 0 35 2.19643 1
gene 1 8 41 -2.6135 0 36 -2.6135 1
gene 1 8 42 2.43407 0 37 2.43407 1
gene 1 8 43 -1.86307 0 38 -1.86307 1
gene 1 8 44 -0.211337 0 39 -0.211337 1
gene 1 8 45 5 0 40 5 1
gene 1 9 41 -4.08047 0 41 -4.08047 1
gene 1 9 42 -2.4423 0 42 -2.4423 1
gene 1 9 43 -1.0792 0 43 -1.0792 1
gene 1 9 44 -0.10548 0 44 -0.10548 1
gene 1 9 45 1.48058 0 45 1.48058 1
gene 1 10 41 -4.1514 0 46 -4.1514 1
gene 1 10 42 -1.41128 0 47 -1.41128 1
gene 1 10 43 -1.36941 0 48 -1.36941 1
gene 1 10 44 -0.382976 0 49 -0.382976 1
gene 1 10 45 -3.12335 0 50 -3.12335 1
gene 1 11 41 1.33224 0 51 1.33224 1
gene 1 11 42 0.143582 0 52 0.143582 1
gene 1 11 43 -0.435291 0 53 -0.435291 1
gene 1 11 44 1.26533 0 54 1.26533 1
gene 1 11 45 1.40766 0 55 1.40766 1
gene 1 12 41 0.93163 0 56 0.93163 1
gene 1 12 42 -0.169352 0 57 -0.169352 1
gene 1 12 43 1.79962 0 58 1.79962 1
gene 1 12 44 3.15076 0 59 3.15076 1
gene 1 12 45 0.22446 0 60 0.22446 1
gene 1 13 41 -1.75777 0 61 -1.75777 1
gene 1 13 42 1.43191 0 62 1.43191 1
gene 1 13 43 2.65335 0 63 2.65335 1
gene 1 13 44 0.205186 0 64 0.205186 1
gene 1 13 45 1.19684 0 65 1.19684 1
gene 1 14 41 -1.5199 0 66 -1.5199 1
gene 1 14 42 -5 0 67 -5 1
gene 1 14 43 1.63026 0 68 1.63026 1
gene 1 14 44 3.88438 0 69 3.88438 1
gene 1 14 45 2.8633 0 70 2.8633 1
gene 1 15 41 -0.0681916 0 71 -0.0681916 1
gene 1 15 42 3.76537 0 72 3.76537 1
gene 1 15 43 -1.89029 0 73 -1.89029 1
gene 1 15 44 2.7926 0 74 2.7926 1
gene 1 15 45 -0.782771 0 75 -0.782771 1
gene 1 16 41 -2.86267 0 76 -2.86267 1
gene 1 16 42 2.00881 0 77 2.00881 1
gene 1 16 43 3.85899 0 78 3.85899 1
gene 1 16 44 0.987167 0 79 0.987167 1
gene 1 16 45 0.0209726 0 80 0.0209726 1
gene 1 17 41 -1.38042 0 81 -1.38042 1
gene 1 17 42 3.7651 0 82 3.7651 1
gene 1 17 43 -2.88892 0 83 -2.88892 1
gene 1 17 44 -3.40045 0 84 -3.40045 1
gene 1 17 45 3.61615 0 85 3.61615 1
gene 1 18 41 1.96771 0 86 1.96771 1
gene 1 18 42 0.0737416 0 87 0.0737416 1
gene 1 18 43 -4.45404 0 88 -4.45404 1
gene 1 18 44 -1.94623 0 89 -1.94623 1
gene 1 18 45 -2.39114 0 90 -2.39114 1
gene 1 19 41 1.61455 0 91 1.61455 1
gene 1 19 42 -0.0732406 0 92 -0.0732406 1
gene 1 19 43 0.90754 0 93 0.90754 1
gene 1 19 44 -0.154416 0 94 -0.154416 1
gene 1 19 45 0.779575 0 95 0.779575 1
gene 1 20 41 -4.45764 0 96 -4.45764 1
gene 1 20 42 1.42907 0 97 1.42907 1
gene 1 20 43 0.36102 0 98 0.36102 1
gene 1 20 44 3.72951 0 99 3.72951 1
gene 1 20 45 -1.38963 0 100 -1.38963 1
gene 1 21 41 -5 0 101 -5 1
gene 1 21 42 2.14241 0 102 2.14241 1
gene 1 21 43 0.203021 0 103 0.203021 1
gene 1 21 44 0.923884 0 104 0.923884 1
gene 1 21 45 -2.75165 0 105 -2.75165 1
gene 1 22 41 2.61891 0 106 2.61891 1
gene 1 22 42 -2.89187 0 107 -2.89187 1
gene 1 22 43 2.33438 0 108 2.33438 1
gene 1 22 44 0.283602 0 109 0.283602 1
gene 1 22 45 0.12087 0 110 0.12087 1
gene 1 23 41 0.945095 0 111 0.945095 1
gene 1 23 42 -1.37803 0 112 -1.37803 1
gene 1 23 43 -1.87168 0 113 -1.87168 1
gene 1 23 44 1.99509 0 114 1.99509 1
gene 1 23 45 3.8492 0 115 3.8492 1
gene 1 24 41 0.4376 0 116 0.4376 1
gene 1 24 42 1.35705 0 117 1.35705 1
gene 1 24 43 -2.92833 0 118 -2.92833 1
gene 1 24 44 -1.40822 0 119 -1.40822 1
gene 1 24 45 -1.10194 0 120 -1.10194 1
gene 1 25 41 3.40057 0 121 3.40057 1
gene 1 25 42 0.964567 0 122 0.964567 1
gene 1 25 43 0.062096 0 123 0.062096 1
gene 1 25 44 -0.097895 0 124 -0.097895 1
gene 1 25 45 1.25313 0 125 1.25313 1
gene 1 26 41 0.36612 0 126 0.36612 1
gene 1 26 42 0.0623201 0 127 0.0623201 1
gene 1 26 43 -0.884095 0 128 -0.884095 1
gene 1 26 44 -0.670985 0 129 -0.670985 1
gene 1 26 45 0.0227747 0 130 0.0227747 1
gene 1 27 41 -1.10952 0 131 -1.10952 1
gene 1 27 42 -3.21461 0 132 -3.21461 1
gene 1 27 43 1.17081 0 133 1.17081 1
gene 1 27 44 -0.877734 0 134 -0.877734 1
gene 1 27 45 0.527731 0 135 0.527731 1
gene 1 28 41 -1.79695 0 136 -1.79695 1
gene 1 28 42 1.70204 0 137 1.70204 1
gene 1 28 43 -0.415724 0 138 -0.415724 1
gene 1 28 44 -1.65779 0 139 -1.65779 1
gene 1 28 45 0.27247 0 140 0.27247 1
gene 1 29 41 -1.96268 0 141 -1.96268 1
gene 1 29 42 -3.71048 0 142 -3.71048 1
gene 1 29 43 2.4901 0 143 2.4901 1
gene 1 29 44 3.08724 0 144 3.08724 1
gene 1 29 45 -3.09681 0 145 -3.09681 1
gene 1 30 41 -2.594 0 146 -2.594 1
gene 1 30 42 0.548435 0 147 0.548435 1
gene 1 30 43 -0.937379 0 148 -0.937379 1
gene 1 30 44 0.0046124 0 149 0.0046124 1
gene 1 30 45 -1.55966 0 150 -1.55966 1
gene 1 31 41 2.29372 0 151 2.29372 1
gene 1 31 42 4.42646 0 152 4.42646 1
gene 1 31 43 2.05281 0 153 2.05281 1
gene 1 31 44 -1.66978 0 154 -1.66978 1
gene 1 31 45 3.15429 0 155 3.15429 1
gene 1 32 41 1.16375 0 156 1.16375 1
gene 1 32 42 -0.286379 0 157 -0.286379 1
gene 1 32 43 -4.5737 0 158 -4.5737 1
gene 1 32 44 -1.76614 0 159 -1.76614 1
gene 1 32 45 0.353191 0 160 0.353191 1
gene 1 33 41 1.1433 0 161 1.1433 1
gene 1 33 42 1.90449 0 162 1.90449 1
gene 1 33 43 -0.462825 0 163 -0.462825 1
gene 1 33 44 -0.546896 0 164 -0.546896 1
gene 1 33 45 1.4576 0 165 1.4576 1
gene 1 34 41 1.26763 0 166 1.26763 1
gene 1 34 42 -0.692884 0 167 -0.692884 1
gene 1 34 43 1.59155 0 168 1.59155 1
gene 1 34 44 -1.81005 0 169 -1.81005 1
gene 1 34 45 0.963746 0 170 0.963746 1
gene 1 35 41 0.505082 0 171 0.505082 1
gene 1 35 42 0.351288 0 172 0.351288 1
gene 1 35 43 -0.701171 0 173 -0.701171 1
gene 1 35 44 -0.478493 0 174 -0.478493 1
gene 1 35 45 1.82382 0 175 1.82382 1
gene 1 36 41 -0.827932 0 176 -0.827932 1
gene 1 36 42 1.43914 0 177 1.43914 1
gene 1 36 43 -1.43567 0 178 -1.43567 1
gene 1 36 44 -0.525832 0 179 -0.525832 1
gene 1 36 45 -1.15213 0 180 -1.15213 1
gene 1 37 41 1.45194 0 181 1.45194 1
gene 1 37 42 0.221637 0 182 0.221637 1
gene 1 37 43 -1.15619 0 183 -1.15619 1
gene 1 37 44 -0.411462 0 184 -0.411462 1
gene 1 37 45 1.75661 0 185 1.75661 1
gene 1 38 41 -0.989667 0 186 -0.989667 1
gene 1 38 42 -0.74104 0 187 -0.74104 1
gene 1 38 43 0.0424196 0 188 0.0424196 1
gene 1 38 44 0.13433 0 189 0.13433 1
gene 1 38 45 1.43479 0 190 1.43479 1
gene 1 39 41 -0.291223 0 191 -0.291223 1
gene 1 39 42 -0.994487 0 192 -0.994487 1
gene 1 39 43 1.93453 0 193 1.93453 1
gene 1 39 44 0.34128 0 194 0.34128 1
gene 1 39 45 0.452983 0 195 0.452983 1
gene 1 40 41 4.85405 0 196 4.85405 1
gene 1 40 42 0.856594 0 197 0.856594 1
gene 1 40 43 -0.494571 0 198 -0.494571 1
gene 1 40 44 0.752084 0 199 0.752084 1
gene 1 40 45 -0.158435 0 200 -0.158435 1
genomeend 3


