/* Organism #11 Fitness: 20102.374000 Time: 0 */
genomestart 11
trait 1 0.480184 0.289530 0.606473 1.000000 0.453282 0.243575 0.000000 0.000000 
node 1 1 1 1
node 2 1 1 1
node 3 1 1 1
node 4 1 1 1
node 5 1 1 1
node 6 1 1 1
node 7 1 1 1
node 8 1 1 1
node 9 1 1 1
node 10 1 1 1
node 11 1 1 1
node 12 1 1 1
node 13 1 1 1
node 14 1 1 1
node 15 1 1 1
node 16 1 1 1
node 17 1 1 1
node 18 1 1 1
node 19 1 1 1
node 20 1 1 1
node 21 1 1 1
node 22 1 1 1
node 23 1 1 1
node 24 1 1 1
node 25 1 1 1
node 26 1 1 1
node 27 1 1 1
node 28 1 1 1
node 29 1 1 1
node 30 1 1 1
node 31 1 1 1
node 32 1 1 1
node 33 1 1 1
node 34 1 1 1
node 35 1 1 1
node 36 1 1 1
node 37 1 1 1
node 38 1 1 1
node 39 1 1 1
node 40 1 1 3
node 41 1 0 2
node 42 1 0 2
node 43 1 0 2
node 44 1 0 2
node 45 1 0 2
gene 1 1 41 -1.10091 0 1 -1.10091 1
gene 1 1 42 -0.605801 0 2 -0.605801 1
gene 1 1 43 -4.13994 0 3 -4.13994 1
gene 1 1 44 -4.89381 0 4 -4.89381 1
gene 1 1 45 0.313644 0 5 0.313644 1
gene 1 2 41 -0.430888 0 6 -0.430888 1
gene 1 2 42 0.130685 0 7 0.130685 1
gene 1 2 43 -4.15975 0 8 -4.15975 1
gene 1 2 44 -2.62438 0 9 -2.62438 1
gene 1 2 45 2.35476 0 10 2.35476 1
gene 1 3 41 -1.01616 0 11 -1.01616 1
gene 1 3 42 4.064 0 12 4.064 1
gene 1 3 43 -4.95003 0 13 -4.95003 1
gene 1 3 44 1.23307 0 14 1.23307 1
gene 1 3 45 1.78086 0 15 1.78086 1
gene 1 4 41 -2.60771 0 16 -2.60771 1
gene 1 4 42 -2.80023 0 17 -2.80023 1
gene 1 4 43 0.199033 0 18 0.199033 1
gene 1 4 44 -1.06031 0 19 -1.06031 1
gene 1 4 45 3.44339 0 20 3.44339 1
gene 1 5 41 0.252659 0 21 0.252659 1
gene 1 5 42 0.242114 0 22 0.242114 1
gene 1 5 43 3.63722 0 23 3.63722 1
gene 1 5 44 0.503197 0 24 0.503197 1
gene 1 5 45 -1.10664 0 25 -1.10664 1
gene 1 6 41 -0.667747 0 26 -0.667747 1
gene 1 6 42 -1.7774 0 27 -1.7774 1
gene 1 6 43 -1.14277 0 28 -1.14277 1
gene 1 6 44 0.481104 0 29 0.481104 1
gene 1 6 45 2.21019 0 30 2.21019 1
gene 1 7 41 4.35759 0 31 4.35759 1
gene 1 7 42 3.78925 0 32 3.78925 1
gene 1 7 43 -3.49214 0 33 -3.49214 1
gene 1 7 44 -2.4489 0 34 -2.4489 1
gene 1 7 45 -2.11193 0 35 -2.11193 1
gene 1 8 41 -1.07019 0 36 -1.07019 1
gene 1 8 42 0.396347 0 37 0.396347 1
gene 1 8 43 -2.96414 0 38 -2.96414 1
gene 1 8 44 -1.5073 0 39 -1.5073 1
gene 1 8 45 -2.28422 0 40 -2.28422 1
gene 1 9 41 -0.00789515 0 41 -0.00789515 1
gene 1 9 42 1.5201 0 42 1.5201 1
gene 1 9 43 0.477542 0 43 0.477542 1
gene 1 9 44 -1.15809 0 44 -1.15809 1
gene 1 9 45 -0.279902 0 45 -0.279902 1
gene 1 10 41 -0.653756 0 46 -0.653756 1
gene 1 10 42 0.648829 0 47 0.648829 1
gene 1 10 43 -3.81947 0 48 -3.81947 1
gene 1 10 44 0.379398 0 49 0.379398 1
gene 1 10 45 -1.20254 0 50 -1.20254 1
gene 1 11 41 -1.6461 0 51 -1.6461 1
gene 1 11 42 -3.28554 0 52 -3.28554 1
gene 1 11 43 0.849082 0 53 0.849082 1
gene 1 11 44 -2.73546 0 54 -2.73546 1
gene 1 11 45 0.0469185 0 55 0.0469185 1
gene 1 12 41 0.793698 0 56 0.793698 1
gene 1 12 42 1.22294 0 57 1.22294 1
gene 1 12 43 1.14631 0 58 1.14631 1
gene 1 12 44 2.38834 0 59 2.38834 1
gene 1 12 45 1.30311 0 60 1.30311 1
gene 1 13 41 1.00496 0 61 1.00496 1
gene 1 13 42 -1.28358 0 62 -1.28358 1
gene 1 13 43 4.15114 0 63 4.15114 1
gene 1 13 44 4.01878 0 64 4.01878 1
gene 1 13 45 -3.34083 0 65 -3.34083 1
gene 1 14 41 -1.96213 0 66 -1.96213 1
gene 1 14 42 0.176832 0 67 0.176832 1
gene 1 14 43 2.71628 0 68 2.71628 1
gene 1 14 44 -2.3856 0 69 -2.3856 1
gene 1 14 45 0.70107 0 70 0.70107 1
gene 1 15 41 -0.826496 0 71 -0.826496 1
gene 1 15 42 1.66295 0 72 1.66295 1
gene 1 15 43 -2.06144 0 73 -2.06144 1
gene 1 15 44 -0.378141 0 74 -0.378141 1
gene 1 15 45 0.0712839 0 75 0.0712839 1
gene 1 16 41 2.91017 0 76 2.91017 1
gene 1 16 42 3.78514 0 77 3.78514 1
gene 1 16 43 3.17292 0 78 3.17292 1
gene 1 16 44 3.89881 0 79 3.89881 1
gene 1 16 45 2.24369 0 80 2.24369 1
gene 1 17 41 0.542548 0 81 0.542548 1
gene 1 17 42 1.14372 0 82 1.14372 1
gene 1 17 43 -0.315258 0 83 -0.315258 1
gene 1 17 44 0.590243 0 84 0.590243 1
gene 1 17 45 0.669112 0 85 0.669112 1
gene 1 18 41 -3.44789 0 86 -3.44789 1
gene 1 18 42 0.143627 0 87 0.143627 1
gene 1 18 43 0.0874561 0 88 0.0874561 1
gene 1 18 44 -0.596652 0 89 -0.596652 1
gene 1 18 45 -2.88991 0 90 -2.88991 1
gene 1 19 41 2.60695 0 91 2.60695 1
gene 1 19 42 2.12137 0 92 2.12137 1
gene 1 19 43 -2.02826 0 93 -2.02826 1
gene 1 19 44 1.91005 0 94 1.91005 1
gene 1 19 45 -0.303451 0 95 -0.303451 1
gene 1 20 41 -0.438645 0 96 -0.438645 1
gene 1 20 42 -4.25843 0 97 -4.25843 1
gene 1 20 43 -2.0611 0 98 -2.0611 1
gene 1 20 44 3.58982 0 99 3.58982 1
gene 1 20 45 2.9919 0 100 2.9919 1
gene 1 21 41 -0.175969 0 101 -0.175969 1
gene 1 21 42 -0.625551 0 102 -0.625551 1
gene 1 21 43 -1.3579 0 103 -1.3579 1
gene 1 21 44 2.9791 0 104 2.9791 1
gene 1 21 45 2.61325 0 105 2.61325 1
gene 1 22 41 0.672809 0 106 0.672809 1
gene 1 22 42 1.20218 0 107 1.20218 1
gene 1 22 43 -1.92759 0 108 -1.92759 1
gene 1 22 44 -4.18114 0 109 -4.18114 1
gene 1 22 45 0.550465 0 110 0.550465 1
gene 1 23 41 2.01655 0 111 2.01655 1
gene 1 23 42 1.08224 0 112 1.08224 1
gene 1 23 43 -0.337567 0 113 -0.337567 1
gene 1 23 44 -2.51544 0 114 -2.51544 1
gene 1 23 45 -0.136625 0 115 -0.136625 1
gene 1 24 41 -0.514206 0 116 -0.514206 1
gene 1 24 42 -0.423913 0 117 -0.423913 1
gene 1 24 43 0.00873691 0 118 0.00873691 1
gene 1 24 44 3.8564 0 119 3.8564 1
gene 1 24 45 -0.125073 0 120 -0.125073 1
gene 1 25 41 1.24437 0 121 1.24437 1
gene 1 25 42 1.34463 0 122 1.34463 1
gene 1 25 43 -2.7585 0 123 -2.7585 1
gene 1 25 44 1.75524 0 124 1.75524 1
gene 1 25 45 -3.35839 0 125 -3.35839 1
gene 1 26 41 -0.688197 0 126 -0.688197 1
gene 1 26 42 -1.31033 0 127 -1.31033 1
gene 1 26 43 0.686311 0 128 0.686311 1
gene 1 26 44 0.572516 0 129 0.572516 1
gene 1 26 45 -3.66616 0 130 -3.66616 1
gene 1 27 41 -0.840826 0 131 -0.840826 1
gene 1 27 42 -0.13585 0 132 -0.13585 1
gene 1 27 43 -0.601509 0 133 -0.601509 1
gene 1 27 44 -0.397909 0 134 -0.397909 1
gene 1 27 45 -1.25316 0 135 -1.25316 1
gene 1 28 41 2.35512 0 136 2.35512 1
gene 1 28 42 -0.929803 0 137 -0.929803 1
gene 1 28 43 -2.06606 0 138 -2.06606 1
gene 1 28 44 2.96838 0 139 2.96838 1
gene 1 28 45 0.0593459 0 140 0.0593459 1
gene 1 29 41 1.02701 0 141 1.02701 1
gene 1 29 42 -0.18147 0 142 -0.18147 1
gene 1 29 43 -1.75366 0 143 -1.75366 1
gene 1 29 44 -1.37992 0 144 -1.37992 1
gene 1 29 45 0.0461988 0 145 0.0461988 1
gene 1 30 41 4.40355 0 146 4.40355 1
gene 1 30 42 -3.43226 0 147 -3.43226 1
gene 1 30 43 -0.634836 0 148 -0.634836 1
gene 1 30 44 -0.276296 0 149 -0.276296 1
gene 1 30 45 -0.35494 0 150 -0.35494 1
gene 1 31 41 0.552062 0 151 0.552062 1
gene 1 31 42 -1.75776 0 152 -1.75776 1
gene 1 31 43 0.972772 0 153 0.972772 1
gene 1 31 44 1.93965 0 154 1.93965 1
gene 1 31 45 4.00787 0 155 4.00787 1
gene 1 32 41 -1.53923 0 156 -1.53923 1
gene 1 32 42 2.1085 0 157 2.1085 1
gene 1 32 43 -2.00015 0 158 -2.00015 1
gene 1 32 44 0.145931 0 159 0.145931 1
gene 1 32 45 3.14061 0 160 3.14061 1
gene 1 33 41 -1.60186 0 161 -1.60186 1
gene 1 33 42 0.41027 0 162 0.41027 1
gene 1 33 43 -0.476588 0 163 -0.476588 1
gene 1 33 44 1.81422 0 164 1.81422 1
gene 1 33 45 0.822104 0 165 0.822104 1
gene 1 34 41 -0.681856 0 166 -0.681856 1
gene 1 34 42 1.46906 0 167 1.46906 1
gene 1 34 43 -0.171757 0 168 -0.171757 1
gene 1 34 44 0.755316 0 169 0.755316 1
gene 1 34 45 -0.128227 0 170 -0.128227 1
gene 1 35 41 0.0521585 0 171 0.0521585 1
gene 1 35 42 -0.791405 0 172 -0.791405 1
gene 1 35 43 -0.968974 0 173 -0.968974 1
gene 1 35 44 -0.674487 0 174 -0.674487 1
gene 1 35 45 0.287816 0 175 0.287816 1
gene 1 36 41 0.747408 0 176 0.747408 1
gene 1 36 42 -0.396797 0 177 -0.396797 1
gene 1 36 43 -0.268891 0 178 -0.268891 1
gene 1 36 44 0.0861565 0 179 0.0861565 1
gene 1 36 45 2.04944 0 180 2.04944 1
gene 1 37 41 0.368214 0 181 0.368214 1
gene 1 37 42 -0.351105 0 182 -0.351105 1
gene 1 37 43 0.654298 0 183 0.654298 1
gene 1 37 44 0.0145384 0 184 0.0145384 1
gene 1 37 45 0.142545 0 185 0.142545 1
gene 1 38 41 0.274939 0 186 0.274939 1
gene 1 38 42 1.05264 0 187 1.05264 1
gene 1 38 43 -1.52641 0 188 -1.52641 1
gene 1 38 44 -0.107951 0 189 -0.107951 1
gene 1 38 45 -0.471343 0 190 -0.471343 1
gene 1 39 41 -0.170164 0 191 -0.170164 1
gene 1 39 42 -1.40185 0 192 -1.40185 1
gene 1 39 43 1.45629 0 193 1.45629 1
gene 1 39 44 0.607636 0 194 0.607636 1
gene 1 39 45 1.63118 0 195 1.63118 1
gene 1 40 41 4.82452 0 196 4.82452 1
gene 1 40 42 5 0 197 5 1
gene 1 40 43 0.451591 0 198 0.451591 1
gene 1 40 44 0.661127 0 199 0.661127 1
gene 1 40 45 0.0288972 0 200 0.0288972 1
genomeend 11


