/* Organism #1 Fitness: 38253.458000 Time: 0 */
genomestart 1
trait 1 0.000000 0.623151 0.226294 0.847863 0.067243 0.490409 0.833952 1.000000 
node 1 1 1 1
node 2 1 1 1
node 3 1 1 1
node 4 1 1 1
node 5 1 1 1
node 6 1 1 1
node 7 1 1 1
node 8 1 1 1
node 9 1 1 1
node 10 1 1 1
node 11 1 1 1
node 12 1 1 1
node 13 1 1 1
node 14 1 1 1
node 15 1 1 1
node 16 1 1 1
node 17 1 1 1
node 18 1 1 1
node 19 1 1 1
node 20 1 1 1
node 21 1 1 1
node 22 1 1 1
node 23 1 1 1
node 24 1 1 1
node 25 1 1 1
node 26 1 1 3
node 27 1 0 2
node 28 1 0 2
node 29 1 0 2
gene 1 1 27 0.33382 0 1 0.33382 1
gene 1 1 28 -0.427405 0 2 -0.427405 1
gene 1 1 29 -5 0 3 -5 1
gene 1 2 27 -0.559386 0 4 -0.559386 1
gene 1 2 28 -4.52993 0 5 -4.52993 1
gene 1 2 29 -1.86398 0 6 -1.86398 1
gene 1 3 27 -2.77122 0 7 -2.77122 1
gene 1 3 28 -3.95216 0 8 -3.95216 1
gene 1 3 29 -4.0685 0 9 -4.0685 1
gene 1 4 27 -1.43957 0 10 -1.43957 1
gene 1 4 28 -1.55031 0 11 -1.55031 1
gene 1 4 29 0.276267 0 12 0.276267 1
gene 1 5 27 4.80725 0 13 4.80725 1
gene 1 5 28 -0.294802 0 14 -0.294802 1
gene 1 5 29 0.300121 0 15 0.300121 1
gene 1 6 27 -5 0 16 -5 1
gene 1 6 28 0.299726 0 17 0.299726 1
gene 1 6 29 5 0 18 5 1
gene 1 7 27 -0.083152 0 19 -0.083152 1
gene 1 7 28 -0.28903 0 20 -0.28903 1
gene 1 7 29 2.29411 0 21 2.29411 1
gene 1 8 27 -5 0 22 -5 1
gene 1 8 28 4.41499 0 23 4.41499 1
gene 1 8 29 -2.56489 0 24 -2.56489 1
gene 1 9 27 4.22378 0 25 4.22378 1
gene 1 9 28 2.98557 0 26 2.98557 1
gene 1 9 29 2.1421 0 27 2.1421 1
gene 1 10 27 -0.64281 0 28 -0.64281 1
gene 1 10 28 4.6815 0 29 4.6815 1
gene 1 10 29 -0.177925 0 30 -0.177925 1
gene 1 11 27 -0.208873 0 27 -0.208873 1
gene 1 11 28 5 0 32 5 1
gene 1 11 29 -0.336143 0 33 -0.336143 1
gene 1 12 27 5 0 34 5 1
gene 1 12 28 -1.46116 0 35 -1.46116 1
gene 1 12 29 -3.08902 0 36 -3.08902 1
gene 1 13 27 -4.35118 0 37 -4.35118 1
gene 1 13 28 1.9158 0 38 1.9158 1
gene 1 13 29 0.211422 0 39 0.211422 1
gene 1 14 27 -4.0769 0 40 -4.0769 1
gene 1 14 28 2.67298 0 41 2.67298 1
gene 1 14 29 2.0507 0 42 2.0507 1
gene 1 15 27 0.0135786 0 43 0.0135786 1
gene 1 15 28 -4.02896 0 44 -4.02896 1
gene 1 15 29 -2.24041 0 45 -2.24041 1
gene 1 16 27 -3.85306 0 46 -3.85306 1
gene 1 16 28 -2.69015 0 47 -2.69015 1
gene 1 16 29 -0.315432 0 48 -0.315432 1
gene 1 17 27 3.13258 0 49 3.13258 1
gene 1 17 28 3.9034 0 50 3.9034 1
gene 1 17 29 3.93064 0 51 3.93064 1
gene 1 18 27 1.07824 0 52 1.07824 1
gene 1 18 28 2.38615 0 53 2.38615 1
gene 1 18 29 4.39227 0 54 4.39227 1
gene 1 19 27 0.817615 0 55 0.817615 1
gene 1 19 28 -1.58331 0 56 -1.58331 1
gene 1 19 29 0.506395 0 57 0.506395 1
gene 1 20 27 0.279261 0 58 0.279261 1
gene 1 20 28 -0.514331 0 59 -0.514331 1
gene 1 20 29 4.10585 0 60 4.10585 1
gene 1 21 27 2.56469 0 61 2.56469 1
gene 1 21 28 3.96377 0 62 3.96377 1
gene 1 21 29 -4.77669 0 63 -4.77669 1
gene 1 22 27 0.271741 0 64 0.271741 1
gene 1 22 28 0.792308 0 65 0.792308 1
gene 1 22 29 1.1298 0 66 1.1298 1
gene 1 23 27 0.0916567 0 67 0.0916567 1
gene 1 23 28 2.397 0 68 2.397 1
gene 1 23 29 0.571069 0 69 0.571069 1
gene 1 24 27 0.160061 0 70 0.160061 1
gene 1 24 28 0.227782 0 71 0.227782 1
gene 1 24 29 0.493982 0 72 0.493982 1
gene 1 25 27 0.0892585 0 73 0.0892585 1
gene 1 25 28 -0.778504 0 74 -0.778504 1
gene 1 25 29 -0.0565115 0 75 -0.0565115 1
gene 1 26 27 0.817822 0 76 0.817822 1
gene 1 26 28 -0.0999151 0 77 -0.0999151 1
gene 1 26 29 -0.850529 0 78 -0.850529 1
genomeend 1


