/* Organism #0 Fitness: 38504.722000 Time: 0 */
genomestart 0
trait 1 0.100000 0.000000 0.917662 0.000000 0.885406 0.000000 0.455525 0.000000 
node 1 1 1 1
node 2 1 1 1
node 3 1 1 1
node 4 1 1 1
node 5 1 1 1
node 6 1 1 1
node 7 1 1 1
node 8 1 1 1
node 9 1 1 1
node 10 1 1 1
node 11 1 1 1
node 12 1 1 1
node 13 1 1 1
node 14 1 1 1
node 15 1 1 1
node 16 1 1 1
node 17 1 1 1
node 18 1 1 1
node 19 1 1 1
node 20 1 1 1
node 21 1 1 1
node 22 1 1 1
node 23 1 1 1
node 24 1 1 1
node 25 1 1 1
node 26 1 1 3
node 27 1 0 2
node 28 1 0 2
node 29 1 0 2
gene 1 1 27 -1.30315 0 1 -1.30315 1
gene 1 1 28 0.514216 0 2 0.514216 1
gene 1 1 29 -0.444885 0 3 -0.444885 1
gene 1 2 27 -3.48993 0 4 -3.48993 1
gene 1 2 28 1.42406 0 5 1.42406 1
gene 1 2 29 1.67796 0 6 1.67796 1
gene 1 3 27 -2.69707 0 7 -2.69707 1
gene 1 3 28 2.63416 0 8 2.63416 1
gene 1 3 29 -0.0536676 0 9 -0.0536676 1
gene 1 4 27 2.76275 0 10 2.76275 1
gene 1 4 28 1.86392 0 11 1.86392 1
gene 1 4 29 1.07219 0 12 1.07219 1
gene 1 5 27 -0.90449 0 13 -0.90449 1
gene 1 5 28 1.16599 0 14 1.16599 1
gene 1 5 29 -0.741527 0 15 -0.741527 1
gene 1 6 27 2.49355 0 16 2.49355 1
gene 1 6 28 -0.465808 0 17 -0.465808 1
gene 1 6 29 1.98255 0 18 1.98255 1
gene 1 7 27 0.881256 0 19 0.881256 1
gene 1 7 28 1.05841 0 20 1.05841 1
gene 1 7 29 -2.45334 0 21 -2.45334 1
gene 1 8 27 0.44501 0 22 0.44501 1
gene 1 8 28 -2.54593 0 23 -2.54593 1
gene 1 8 29 -1.66084 0 24 -1.66084 1
gene 1 9 27 1.56817 0 25 1.56817 1
gene 1 9 28 3.85928 0 26 3.85928 1
gene 1 9 29 2.00054 0 27 2.00054 1
gene 1 10 27 0.0336312 0 28 0.0336312 1
gene 1 10 28 1.63837 0 29 1.63837 1
gene 1 10 29 4.25618 0 30 4.25618 1
gene 1 11 27 4.15927 0 27 4.15927 1
gene 1 11 28 -2.64917 0 32 -2.64917 1
gene 1 11 29 0.521033 0 33 0.521033 1
gene 1 12 27 2.17653 0 34 2.17653 1
gene 1 12 28 -1.29691 0 35 -1.29691 1
gene 1 12 29 0.492935 0 36 0.492935 1
gene 1 13 27 -0.184218 0 37 -0.184218 1
gene 1 13 28 0.879315 0 38 0.879315 1
gene 1 13 29 -1.55928 0 39 -1.55928 1
gene 1 14 27 -0.187237 0 40 -0.187237 1
gene 1 14 28 -0.725003 0 41 -0.725003 1
gene 1 14 29 1.43588 0 42 1.43588 1
gene 1 15 27 -1.36164 0 43 -1.36164 1
gene 1 15 28 4.01091 0 44 4.01091 1
gene 1 15 29 0.918943 0 45 0.918943 1
gene 1 16 27 0.169816 0 46 0.169816 1
gene 1 16 28 -1.026 0 47 -1.026 1
gene 1 16 29 0.555524 0 48 0.555524 1
gene 1 17 27 0.759543 0 49 0.759543 1
gene 1 17 28 0.468106 0 50 0.468106 1
gene 1 17 29 -1.14974 0 51 -1.14974 1
gene 1 18 27 -1.65281 0 52 -1.65281 1
gene 1 18 28 -1.54861 0 53 -1.54861 1
gene 1 18 29 -0.120099 0 54 -0.120099 1
gene 1 19 27 -2.24918 0 55 -2.24918 1
gene 1 19 28 -3.89352 0 56 -3.89352 1
gene 1 19 29 0.578463 0 57 0.578463 1
gene 1 20 27 3.85794 0 58 3.85794 1
gene 1 20 28 -3.8041 0 59 -3.8041 1
gene 1 20 29 2.74728 0 60 2.74728 1
gene 1 21 27 -0.248863 0 61 -0.248863 1
gene 1 21 28 -4.83799 0 62 -4.83799 1
gene 1 21 29 1.21282 0 63 1.21282 1
gene 1 22 27 -0.987386 0 64 -0.987386 1
gene 1 22 28 -2.48908 0 65 -2.48908 1
gene 1 22 29 0.890184 0 66 0.890184 1
gene 1 23 27 -0.188264 0 67 -0.188264 1
gene 1 23 28 -0.454274 0 68 -0.454274 1
gene 1 23 29 -0.234605 0 69 -0.234605 1
gene 1 24 27 -0.143223 0 70 -0.143223 1
gene 1 24 28 -1.02535 0 71 -1.02535 1
gene 1 24 29 0.0448743 0 72 0.0448743 1
gene 1 25 27 -0.627206 0 73 -0.627206 1
gene 1 25 28 -1.56915 0 74 -1.56915 1
gene 1 25 29 4.03709 0 75 4.03709 1
gene 1 26 27 -0.992531 0 76 -0.992531 1
gene 1 26 28 -0.664124 0 77 -0.664124 1
gene 1 26 29 1.13681 0 78 1.13681 1
genomeend 0


