/* Organism #9 Fitness: 37720.588000 Time: 0 */
genomestart 9
trait 1 0.000000 0.652754 0.346584 0.000000 0.209163 1.000000 0.488782 0.118547 
node 1 1 1 1
node 2 1 1 1
node 3 1 1 1
node 4 1 1 1
node 5 1 1 1
node 6 1 1 1
node 7 1 1 1
node 8 1 1 1
node 9 1 1 1
node 10 1 1 1
node 11 1 1 1
node 12 1 1 1
node 13 1 1 1
node 14 1 1 1
node 15 1 1 1
node 16 1 1 1
node 17 1 1 1
node 18 1 1 1
node 19 1 1 1
node 20 1 1 1
node 21 1 1 1
node 22 1 1 1
node 23 1 1 1
node 24 1 1 1
node 25 1 1 1
node 26 1 1 3
node 27 1 0 2
node 28 1 0 2
node 29 1 0 2
gene 1 1 27 -1.77096 0 1 -1.77096 1
gene 1 1 28 0.93666 0 2 0.93666 1
gene 1 1 29 0.994987 0 3 0.994987 1
gene 1 2 27 -2.87639 0 4 -2.87639 1
gene 1 2 28 0.332057 0 5 0.332057 1
gene 1 2 29 2.54465 0 6 2.54465 1
gene 1 3 27 0.01766 0 7 0.01766 1
gene 1 3 28 0.580793 0 8 0.580793 1
gene 1 3 29 -3.13636 0 9 -3.13636 1
gene 1 4 27 0.160501 0 10 0.160501 1
gene 1 4 28 0.757619 0 11 0.757619 1
gene 1 4 29 -1.20227 0 12 -1.20227 1
gene 1 5 27 3.91063 0 13 3.91063 1
gene 1 5 28 2.08574 0 14 2.08574 1
gene 1 5 29 1.66925 0 15 1.66925 1
gene 1 6 27 -3.57982 0 16 -3.57982 1
gene 1 6 28 1.09778 0 17 1.09778 1
gene 1 6 29 -1.35513 0 18 -1.35513 1
gene 1 7 27 -0.505257 0 19 -0.505257 1
gene 1 7 28 -0.336314 0 20 -0.336314 1
gene 1 7 29 -2.32619 0 21 -2.32619 1
gene 1 8 27 -4.02375 0 22 -4.02375 1
gene 1 8 28 2.58133 0 23 2.58133 1
gene 1 8 29 -0.72418 0 24 -0.72418 1
gene 1 9 27 2.8958 0 25 2.8958 1
gene 1 9 28 2.65712 0 26 2.65712 1
gene 1 9 29 1.11903 0 27 1.11903 1
gene 1 10 27 0.535292 0 28 0.535292 1
gene 1 10 28 0.799934 0 29 0.799934 1
gene 1 10 29 -2.7218 0 30 -2.7218 1
gene 1 11 27 2.77108 0 27 2.77108 1
gene 1 11 28 1.19806 0 32 1.19806 1
gene 1 11 29 1.44974 0 33 1.44974 1
gene 1 12 27 3.96956 0 34 3.96956 1
gene 1 12 28 0.392506 0 35 0.392506 1
gene 1 12 29 1.49881 0 36 1.49881 1
gene 1 13 27 1.52909 0 37 1.52909 1
gene 1 13 28 0.0751982 0 38 0.0751982 1
gene 1 13 29 1.94599 0 39 1.94599 1
gene 1 14 27 0.350371 0 40 0.350371 1
gene 1 14 28 1.70363 0 41 1.70363 1
gene 1 14 29 -0.778597 0 42 -0.778597 1
gene 1 15 27 -5 0 43 -5 1
gene 1 15 28 -3.01681 0 44 -3.01681 1
gene 1 15 29 0.107955 0 45 0.107955 1
gene 1 16 27 -0.037667 0 46 -0.037667 1
gene 1 16 28 1.89246 0 47 1.89246 1
gene 1 16 29 1.19837 0 48 1.19837 1
gene 1 17 27 3.85252 0 49 3.85252 1
gene 1 17 28 2.90419 0 50 2.90419 1
gene 1 17 29 2.47182 0 51 2.47182 1
gene 1 18 27 -0.482062 0 52 -0.482062 1
gene 1 18 28 2.00739 0 53 2.00739 1
gene 1 18 29 1.82521 0 54 1.82521 1
gene 1 19 27 1.59104 0 55 1.59104 1
gene 1 19 28 5 0 56 5 1
gene 1 19 29 -1.72282 0 57 -1.72282 1
gene 1 20 27 -1.01079 0 58 -1.01079 1
gene 1 20 28 -1.32082 0 59 -1.32082 1
gene 1 20 29 2.30836 0 60 2.30836 1
gene 1 21 27 4.40439 0 61 4.40439 1
gene 1 21 28 3.76474 0 62 3.76474 1
gene 1 21 29 -5 0 63 -5 1
gene 1 22 27 2.4782 0 64 2.4782 1
gene 1 22 28 0.570024 0 65 0.570024 1
gene 1 22 29 2.36496 0 66 2.36496 1
gene 1 23 27 0.0122366 0 67 0.0122366 1
gene 1 23 28 -0.0310461 0 68 -0.0310461 1
gene 1 23 29 0.812448 0 69 0.812448 1
gene 1 24 27 0.125912 0 70 0.125912 1
gene 1 24 28 0.375163 0 71 0.375163 1
gene 1 24 29 -0.503086 0 72 -0.503086 1
gene 1 25 27 0.0917194 0 73 0.0917194 1
gene 1 25 28 1.47629 0 74 1.47629 1
gene 1 25 29 -0.434322 0 75 -0.434322 1
gene 1 26 27 0.614793 0 76 0.614793 1
gene 1 26 28 0.0359666 0 77 0.0359666 1
gene 1 26 29 -1.78299 0 78 -1.78299 1
genomeend 9


