/* Organism #63 Fitness: 38041.320000 Time: 0 */
genomestart 63
trait 1 1.000000 0.000000 0.404961 0.000000 0.000000 0.000000 0.000000 0.545614 
node 1 1 1 1
node 2 1 1 1
node 3 1 1 1
node 4 1 1 1
node 5 1 1 1
node 6 1 1 1
node 7 1 1 1
node 8 1 1 1
node 9 1 1 1
node 10 1 1 1
node 11 1 1 1
node 12 1 1 1
node 13 1 1 1
node 14 1 1 1
node 15 1 1 1
node 16 1 1 1
node 17 1 1 1
node 18 1 1 1
node 19 1 1 1
node 20 1 1 1
node 21 1 1 1
node 22 1 1 1
node 23 1 1 1
node 24 1 1 1
node 25 1 1 1
node 26 1 1 3
node 27 1 0 2
node 28 1 0 2
node 29 1 0 2
gene 1 1 27 -2.18116 0 1 -2.18116 1
gene 1 1 28 -4.37299 0 2 -4.37299 1
gene 1 1 29 4.19684 0 3 4.19684 1
gene 1 2 27 -1.64821 0 4 -1.64821 1
gene 1 2 28 0.55017 0 5 0.55017 1
gene 1 2 29 -1.51553 0 6 -1.51553 1
gene 1 3 27 -5 0 7 -5 1
gene 1 3 28 3.14617 0 8 3.14617 1
gene 1 3 29 0.108187 0 9 0.108187 1
gene 1 4 27 4.92093 0 10 4.92093 1
gene 1 4 28 3.17712 0 11 3.17712 1
gene 1 4 29 -5 0 12 -5 1
gene 1 5 27 -3.06091 0 13 -3.06091 1
gene 1 5 28 3.72677 0 14 3.72677 1
gene 1 5 29 -5 0 15 -5 1
gene 1 6 27 -0.407 0 16 -0.407 1
gene 1 6 28 -5 0 17 -5 1
gene 1 6 29 -4.11403 0 18 -4.11403 1
gene 1 7 27 3.06228 0 19 3.06228 1
gene 1 7 28 -0.660872 0 20 -0.660872 1
gene 1 7 29 -0.834179 0 21 -0.834179 1
gene 1 8 27 1.08508 0 22 1.08508 1
gene 1 8 28 -3.06213 0 23 -3.06213 1
gene 1 8 29 -0.242459 0 24 -0.242459 1
gene 1 9 27 -3.07553 0 25 -3.07553 1
gene 1 9 28 -2.40644 0 26 -2.40644 1
gene 1 9 29 2.17501 0 27 2.17501 1
gene 1 10 27 0.816512 0 28 0.816512 1
gene 1 10 28 -3.23998 0 29 -3.23998 1
gene 1 10 29 0.412455 0 30 0.412455 1
gene 1 11 27 1.35712 0 27 1.35712 1
gene 1 11 28 5 0 32 5 1
gene 1 11 29 -2.3149 0 33 -2.3149 1
gene 1 12 27 3.60458 0 34 3.60458 1
gene 1 12 28 0.726888 0 35 0.726888 1
gene 1 12 29 2.93105 0 36 2.93105 1
gene 1 13 27 1.02668 0 37 1.02668 1
gene 1 13 28 4.90367 0 38 4.90367 1
gene 1 13 29 1.572 0 39 1.572 1
gene 1 14 27 -0.9909 0 40 -0.9909 1
gene 1 14 28 -3.11021 0 41 -3.11021 1
gene 1 14 29 -0.328375 0 42 -0.328375 1
gene 1 15 27 1.95703 0 43 1.95703 1
gene 1 15 28 -0.219294 0 44 -0.219294 1
gene 1 15 29 -1.59278 0 45 -1.59278 1
gene 1 16 27 -0.703824 0 46 -0.703824 1
gene 1 16 28 2.26742 0 47 2.26742 1
gene 1 16 29 1.91156 0 48 1.91156 1
gene 1 17 27 -0.196975 0 49 -0.196975 1
gene 1 17 28 1.76044 0 50 1.76044 1
gene 1 17 29 2.4729 0 51 2.4729 1
gene 1 18 27 -4.04257 0 52 -4.04257 1
gene 1 18 28 -5 0 53 -5 1
gene 1 18 29 -0.586908 0 54 -0.586908 1
gene 1 19 27 4.08447 0 55 4.08447 1
gene 1 19 28 -0.752772 0 56 -0.752772 1
gene 1 19 29 -2.98091 0 57 -2.98091 1
gene 1 20 27 1.78432 0 58 1.78432 1
gene 1 20 28 -2.47894 0 59 -2.47894 1
gene 1 20 29 1.59245 0 60 1.59245 1
gene 1 21 27 -2.12717 0 61 -2.12717 1
gene 1 21 28 -2.75172 0 62 -2.75172 1
gene 1 21 29 -0.702906 0 63 -0.702906 1
gene 1 22 27 -1.31592 0 64 -1.31592 1
gene 1 22 28 -0.426917 0 65 -0.426917 1
gene 1 22 29 -1.44569 0 66 -1.44569 1
gene 1 23 27 -0.485704 0 67 -0.485704 1
gene 1 23 28 -1.13753 0 68 -1.13753 1
gene 1 23 29 0.293744 0 69 0.293744 1
gene 1 24 27 -0.00259715 0 70 -0.00259715 1
gene 1 24 28 -0.559318 0 71 -0.559318 1
gene 1 24 29 0.0749542 0 72 0.0749542 1
gene 1 25 27 0.124868 0 73 0.124868 1
gene 1 25 28 -0.593809 0 74 -0.593809 1
gene 1 25 29 -0.839958 0 75 -0.839958 1
gene 1 26 27 -2.71635 0 76 -2.71635 1
gene 1 26 28 -1.28286 0 77 -1.28286 1
gene 1 26 29 0.236937 0 78 0.236937 1
genomeend 63


