/* Organism #91 Fitness: 38040.776000 Time: 0 */
genomestart 91
trait 1 0.242154 0.228552 0.688699 0.609084 0.947951 0.901750 0.986077 1.000000 
node 1 1 1 1
node 2 1 1 1
node 3 1 1 1
node 4 1 1 1
node 5 1 1 1
node 6 1 1 1
node 7 1 1 1
node 8 1 1 1
node 9 1 1 1
node 10 1 1 1
node 11 1 1 1
node 12 1 1 1
node 13 1 1 1
node 14 1 1 1
node 15 1 1 1
node 16 1 1 1
node 17 1 1 1
node 18 1 1 1
node 19 1 1 1
node 20 1 1 1
node 21 1 1 1
node 22 1 1 1
node 23 1 1 1
node 24 1 1 1
node 25 1 1 1
node 26 1 1 3
node 27 1 0 2
node 28 1 0 2
node 29 1 0 2
gene 1 1 27 1.45876 0 1 1.45876 1
gene 1 1 28 -4.20481 0 2 -4.20481 1
gene 1 1 29 4.18239 0 3 4.18239 1
gene 1 2 27 -1.17727 0 4 -1.17727 1
gene 1 2 28 4.52181 0 5 4.52181 1
gene 1 2 29 -1.09379 0 6 -1.09379 1
gene 1 3 27 -0.809239 0 7 -0.809239 1
gene 1 3 28 3.32031 0 8 3.32031 1
gene 1 3 29 0.865005 0 9 0.865005 1
gene 1 4 27 1.10286 0 10 1.10286 1
gene 1 4 28 4.15395 0 11 4.15395 1
gene 1 4 29 -0.374364 0 12 -0.374364 1
gene 1 5 27 -0.832221 0 13 -0.832221 1
gene 1 5 28 3.50852 0 14 3.50852 1
gene 1 5 29 -0.234606 0 15 -0.234606 1
gene 1 6 27 -0.628831 0 16 -0.628831 1
gene 1 6 28 -5 0 17 -5 1
gene 1 6 29 -1.96005 0 18 -1.96005 1
gene 1 7 27 -1.57514 0 19 -1.57514 1
gene 1 7 28 2.63266 0 20 2.63266 1
gene 1 7 29 4.2098 0 21 4.2098 1
gene 1 8 27 1.20149 0 22 1.20149 1
gene 1 8 28 -0.608908 0 23 -0.608908 1
gene 1 8 29 1.77139 0 24 1.77139 1
gene 1 9 27 -0.642736 0 25 -0.642736 1
gene 1 9 28 -0.00738819 0 26 -0.00738819 1
gene 1 9 29 0.449806 0 27 0.449806 1
gene 1 10 27 4.40754 0 28 4.40754 1
gene 1 10 28 -2.74631 0 29 -2.74631 1
gene 1 10 29 2.88336 0 30 2.88336 1
gene 1 11 27 2.73475 0 27 2.73475 1
gene 1 11 28 0.103023 0 32 0.103023 1
gene 1 11 29 -3.89217 0 33 -3.89217 1
gene 1 12 27 4.27724 0 34 4.27724 1
gene 1 12 28 -1.12977 0 35 -1.12977 1
gene 1 12 29 1.949 0 36 1.949 1
gene 1 13 27 -0.44295 0 37 -0.44295 1
gene 1 13 28 0.657768 0 38 0.657768 1
gene 1 13 29 -2.137 0 39 -2.137 1
gene 1 14 27 -2.98777 0 40 -2.98777 1
gene 1 14 28 0.4739 0 41 0.4739 1
gene 1 14 29 -1.68487 0 42 -1.68487 1
gene 1 15 27 -3.97775 0 43 -3.97775 1
gene 1 15 28 3.11409 0 44 3.11409 1
gene 1 15 29 0.0342583 0 45 0.0342583 1
gene 1 16 27 0.382743 0 46 0.382743 1
gene 1 16 28 0.293344 0 47 0.293344 1
gene 1 16 29 -0.128989 0 48 -0.128989 1
gene 1 17 27 -2.02841 0 49 -2.02841 1
gene 1 17 28 0.297697 0 50 0.297697 1
gene 1 17 29 0.438769 0 51 0.438769 1
gene 1 18 27 0.498664 0 52 0.498664 1
gene 1 18 28 -1.78678 0 53 -1.78678 1
gene 1 18 29 -1.72757 0 54 -1.72757 1
gene 1 19 27 -3.39948 0 55 -3.39948 1
gene 1 19 28 1.62013 0 56 1.62013 1
gene 1 19 29 1.19759 0 57 1.19759 1
gene 1 20 27 1.49735 0 58 1.49735 1
gene 1 20 28 0.148866 0 59 0.148866 1
gene 1 20 29 2.77379 0 60 2.77379 1
gene 1 21 27 -3.00597 0 61 -3.00597 1
gene 1 21 28 -2.80607 0 62 -2.80607 1
gene 1 21 29 3.78236 0 63 3.78236 1
gene 1 22 27 0.430015 0 64 0.430015 1
gene 1 22 28 -0.817976 0 65 -0.817976 1
gene 1 22 29 0.0198216 0 66 0.0198216 1
gene 1 23 27 -1.50846 0 67 -1.50846 1
gene 1 23 28 -0.0228471 0 68 -0.0228471 1
gene 1 23 29 -0.0142669 0 69 -0.0142669 1
gene 1 24 27 -0.65858 0 70 -0.65858 1
gene 1 24 28 -0.105857 0 71 -0.105857 1
gene 1 24 29 -0.876881 0 72 -0.876881 1
gene 1 25 27 0.570858 0 73 0.570858 1
gene 1 25 28 -0.687621 0 74 -0.687621 1
gene 1 25 29 -0.10232 0 75 -0.10232 1
gene 1 26 27 -0.505541 0 76 -0.505541 1
gene 1 26 28 -4.4531 0 77 -4.4531 1
gene 1 26 29 0.0928567 0 78 0.0928567 1
genomeend 91


