/* Organism #2 Fitness: 38452.430000 Time: 0 */
genomestart 2
trait 1 0.331982 0.000000 0.483646 0.744801 0.758801 0.663904 0.000000 0.317368 
node 1 1 1 1
node 2 1 1 1
node 3 1 1 1
node 4 1 1 1
node 5 1 1 1
node 6 1 1 1
node 7 1 1 1
node 8 1 1 1
node 9 1 1 1
node 10 1 1 1
node 11 1 1 1
node 12 1 1 1
node 13 1 1 1
node 14 1 1 1
node 15 1 1 1
node 16 1 1 1
node 17 1 1 1
node 18 1 1 1
node 19 1 1 1
node 20 1 1 1
node 21 1 1 1
node 22 1 1 1
node 23 1 1 1
node 24 1 1 1
node 25 1 1 1
node 26 1 1 3
node 27 1 0 2
node 28 1 0 2
node 29 1 0 2
gene 1 1 27 -0.92567 0 1 -0.92567 1
gene 1 1 28 2.16738 0 2 2.16738 1
gene 1 1 29 2.30003 0 3 2.30003 1
gene 1 2 27 -0.620296 0 4 -0.620296 1
gene 1 2 28 -0.0256639 0 5 -0.0256639 1
gene 1 2 29 0.991525 0 6 0.991525 1
gene 1 3 27 1.38679 0 7 1.38679 1
gene 1 3 28 3.03556 0 8 3.03556 1
gene 1 3 29 -0.40521 0 9 -0.40521 1
gene 1 4 27 -0.436574 0 10 -0.436574 1
gene 1 4 28 0.914641 0 11 0.914641 1
gene 1 4 29 -4.46598 0 12 -4.46598 1
gene 1 5 27 4.76377 0 13 4.76377 1
gene 1 5 28 1.01701 0 14 1.01701 1
gene 1 5 29 -0.490902 0 15 -0.490902 1
gene 1 6 27 -3.76885 0 16 -3.76885 1
gene 1 6 28 3.81867 0 17 3.81867 1
gene 1 6 29 2.42609 0 18 2.42609 1
gene 1 7 27 -0.189356 0 19 -0.189356 1
gene 1 7 28 0.215178 0 20 0.215178 1
gene 1 7 29 -0.0151611 0 21 -0.0151611 1
gene 1 8 27 -3.0947 0 22 -3.0947 1
gene 1 8 28 -0.782477 0 23 -0.782477 1
gene 1 8 29 0.611197 0 24 0.611197 1
gene 1 9 27 0.137519 0 25 0.137519 1
gene 1 9 28 -1.85514 0 26 -1.85514 1
gene 1 9 29 1.10804 0 27 1.10804 1
gene 1 10 27 -0.896647 0 28 -0.896647 1
gene 1 10 28 0.293228 0 29 0.293228 1
gene 1 10 29 -2.46719 0 30 -2.46719 1
gene 1 11 27 0.894669 0 27 0.894669 1
gene 1 11 28 -1.53137 0 32 -1.53137 1
gene 1 11 29 -1.0156 0 33 -1.0156 1
gene 1 12 27 -2.11783 0 34 -2.11783 1
gene 1 12 28 0.777774 0 35 0.777774 1
gene 1 12 29 -2.04687 0 36 -2.04687 1
gene 1 13 27 -0.1946 0 37 -0.1946 1
gene 1 13 28 0.225453 0 38 0.225453 1
gene 1 13 29 -0.236998 0 39 -0.236998 1
gene 1 14 27 3.53118 0 40 3.53118 1
gene 1 14 28 1.58239 0 41 1.58239 1
gene 1 14 29 0.165872 0 42 0.165872 1
gene 1 15 27 -0.898261 0 43 -0.898261 1
gene 1 15 28 2.92468 0 44 2.92468 1
gene 1 15 29 -1.62669 0 45 -1.62669 1
gene 1 16 27 1.04214 0 46 1.04214 1
gene 1 16 28 0.136296 0 47 0.136296 1
gene 1 16 29 0.680153 0 48 0.680153 1
gene 1 17 27 -1.4666 0 49 -1.4666 1
gene 1 17 28 1.07874 0 50 1.07874 1
gene 1 17 29 -0.751981 0 51 -0.751981 1
gene 1 18 27 0.377491 0 52 0.377491 1
gene 1 18 28 -1.50631 0 53 -1.50631 1
gene 1 18 29 -3.98415 0 54 -3.98415 1
gene 1 19 27 1.99172 0 55 1.99172 1
gene 1 19 28 4.08159 0 56 4.08159 1
gene 1 19 29 1.24985 0 57 1.24985 1
gene 1 20 27 0.913486 0 58 0.913486 1
gene 1 20 28 0.912635 0 59 0.912635 1
gene 1 20 29 -0.103257 0 60 -0.103257 1
gene 1 21 27 3.42942 0 61 3.42942 1
gene 1 21 28 0.244069 0 62 0.244069 1
gene 1 21 29 1.14287 0 63 1.14287 1
gene 1 22 27 0.0565594 0 64 0.0565594 1
gene 1 22 28 0.381321 0 65 0.381321 1
gene 1 22 29 1.35234 0 66 1.35234 1
gene 1 23 27 0.0349976 0 67 0.0349976 1
gene 1 23 28 1.89864 0 68 1.89864 1
gene 1 23 29 2.43253 0 69 2.43253 1
gene 1 24 27 0.794219 0 70 0.794219 1
gene 1 24 28 0.406197 0 71 0.406197 1
gene 1 24 29 1.50721 0 72 1.50721 1
gene 1 25 27 -1.62973 0 73 -1.62973 1
gene 1 25 28 -0.641587 0 74 -0.641587 1
gene 1 25 29 2.80393 0 75 2.80393 1
gene 1 26 27 3.12888 0 76 3.12888 1
gene 1 26 28 0.855533 0 77 0.855533 1
gene 1 26 29 -0.425071 0 78 -0.425071 1
genomeend 2


