/* Organism #0 Fitness: 36293.560000 Time: 0 */
genomestart 0
trait 1 0.000000 1.000000 0.245904 0.350105 0.000000 0.061916 0.918226 0.000000 
node 1 1 1 1
node 2 1 1 1
node 3 1 1 1
node 4 1 1 1
node 5 1 1 1
node 6 1 1 1
node 7 1 1 1
node 8 1 1 1
node 9 1 1 1
node 10 1 1 1
node 11 1 1 1
node 12 1 1 1
node 13 1 1 1
node 14 1 1 1
node 15 1 1 1
node 16 1 1 1
node 17 1 1 1
node 18 1 1 1
node 19 1 1 1
node 20 1 1 1
node 21 1 1 1
node 22 1 1 1
node 23 1 1 1
node 24 1 1 1
node 25 1 1 1
node 26 1 1 1
node 27 1 1 1
node 28 1 1 1
node 29 1 1 1
node 30 1 1 3
node 31 1 0 2
node 32 1 0 2
node 33 1 0 2
gene 1 1 31 4.75223 0 1 4.75223 1
gene 1 1 32 -2.64819 0 2 -2.64819 1
gene 1 1 33 1.48246 0 3 1.48246 1
gene 1 2 31 -2.77357 0 4 -2.77357 1
gene 1 2 32 2.08733 0 5 2.08733 1
gene 1 2 33 -2.84188 0 6 -2.84188 1
gene 1 3 31 1.08539 0 7 1.08539 1
gene 1 3 32 -5 0 8 -5 1
gene 1 3 33 -0.00828633 0 9 -0.00828633 1
gene 1 4 31 -1.0585 0 10 -1.0585 1
gene 1 4 32 -3.64826 0 11 -3.64826 1
gene 1 4 33 0.763162 0 12 0.763162 1
gene 1 5 31 0.421944 0 13 0.421944 1
gene 1 5 32 -1.50346 0 14 -1.50346 1
gene 1 5 33 1.35184 0 15 1.35184 1
gene 1 6 31 -1.87172 0 16 -1.87172 1
gene 1 6 32 0.559169 0 17 0.559169 1
gene 1 6 33 -1.1921 0 18 -1.1921 1
gene 1 7 31 0.839887 0 19 0.839887 1
gene 1 7 32 1.84442 0 20 1.84442 1
gene 1 7 33 0.087333 0 21 0.087333 1
gene 1 8 31 0.180509 0 22 0.180509 1
gene 1 8 32 2.87906 0 23 2.87906 1
gene 1 8 33 -1.27325 0 24 -1.27325 1
gene 1 9 31 -1.2643 0 25 -1.2643 1
gene 1 9 32 3.48897 0 26 3.48897 1
gene 1 9 33 0.48099 0 27 0.48099 1
gene 1 10 31 -0.684793 0 28 -0.684793 1
gene 1 10 32 -1.429 0 29 -1.429 1
gene 1 10 33 1.07177 0 30 1.07177 1
gene 1 11 31 0.227115 0 31 0.227115 1
gene 1 11 32 0.960394 0 32 0.960394 1
gene 1 11 33 0.554177 0 33 0.554177 1
gene 1 12 31 4.52512 0 34 4.52512 1
gene 1 12 32 -1.14237 0 35 -1.14237 1
gene 1 12 33 -1.26285 0 36 -1.26285 1
gene 1 13 31 0.959337 0 37 0.959337 1
gene 1 13 32 -1.78545 0 38 -1.78545 1
gene 1 13 33 0.809588 0 39 0.809588 1
gene 1 14 31 -3.69995 0 40 -3.69995 1
gene 1 14 32 -4.10858 0 41 -4.10858 1
gene 1 14 33 0.865669 0 42 0.865669 1
gene 1 15 31 4.79296 0 43 4.79296 1
gene 1 15 32 -4.46792 0 44 -4.46792 1
gene 1 15 33 -0.220855 0 45 -0.220855 1
gene 1 16 31 -1.11851 0 46 -1.11851 1
gene 1 16 32 1.63773 0 47 1.63773 1
gene 1 16 33 2.31442 0 48 2.31442 1
gene 1 17 31 1.57604 0 49 1.57604 1
gene 1 17 32 1.80701 0 50 1.80701 1
gene 1 17 33 -3.74316 0 51 -3.74316 1
gene 1 18 31 2.08963 0 52 2.08963 1
gene 1 18 32 -0.811911 0 53 -0.811911 1
gene 1 18 33 -1.19701 0 54 -1.19701 1
gene 1 19 31 4.54509 0 55 4.54509 1
gene 1 19 32 0.970682 0 56 0.970682 1
gene 1 19 33 0.281597 0 57 0.281597 1
gene 1 20 31 0.813088 0 58 0.813088 1
gene 1 20 32 0.124323 0 59 0.124323 1
gene 1 20 33 -0.58983 0 60 -0.58983 1
gene 1 21 31 1.75269 0 61 1.75269 1
gene 1 21 32 -3.238 0 62 -3.238 1
gene 1 21 33 0.676003 0 63 0.676003 1
gene 1 22 31 1.77823 0 64 1.77823 1
gene 1 22 32 0.900308 0 65 0.900308 1
gene 1 22 33 1.73796 0 66 1.73796 1
gene 1 23 31 0.534434 0 67 0.534434 1
gene 1 23 32 0.561962 0 68 0.561962 1
gene 1 23 33 -1.09024 0 69 -1.09024 1
gene 1 24 31 0.352362 0 70 0.352362 1
gene 1 24 32 2.11375 0 71 2.11375 1
gene 1 24 33 -3.90092 0 72 -3.90092 1
gene 1 25 31 0.398932 0 73 0.398932 1
gene 1 25 32 -0.316927 0 74 -0.316927 1
gene 1 25 33 -0.44959 0 75 -0.44959 1
gene 1 26 31 -0.0219007 0 76 -0.0219007 1
gene 1 26 32 -0.917545 0 77 -0.917545 1
gene 1 26 33 -0.12265 0 78 -0.12265 1
gene 1 27 31 0.0101661 0 79 0.0101661 1
gene 1 27 32 -0.663236 0 80 -0.663236 1
gene 1 27 33 -0.432524 0 81 -0.432524 1
gene 1 28 31 1.3443 0 82 1.3443 1
gene 1 28 32 -0.275442 0 83 -0.275442 1
gene 1 28 33 3.22885 0 84 3.22885 1
gene 1 29 31 1.68668 0 85 1.68668 1
gene 1 29 32 -0.866407 0 86 -0.866407 1
gene 1 29 33 -1.70828 0 87 -1.70828 1
gene 1 30 31 -0.247528 0 88 -0.247528 1
gene 1 30 32 0.373369 0 89 0.373369 1
gene 1 30 33 0.254265 0 90 0.254265 1
genomeend 0


