/* Organism #8 Fitness: 20280.000000 Time: 0 */
genomestart 8
trait 1 0.879222 0.747798 0.000000 0.559913 0.328696 0.000000 0.820251 0.000000 
node 1 1 1 1
node 2 1 1 1
node 3 1 1 1
node 4 1 1 1
node 5 1 1 1
node 6 1 1 1
node 7 1 1 1
node 8 1 1 1
node 9 1 1 1
node 10 1 1 1
node 11 1 1 1
node 12 1 1 1
node 13 1 1 1
node 14 1 1 1
node 15 1 1 1
node 16 1 1 1
node 17 1 1 1
node 18 1 1 1
node 19 1 1 1
node 20 1 1 1
node 21 1 1 1
node 22 1 1 1
node 23 1 1 1
node 24 1 1 1
node 25 1 1 1
node 26 1 1 1
node 27 1 1 1
node 28 1 1 1
node 29 1 1 1
node 30 1 1 1
node 31 1 1 1
node 32 1 1 1
node 33 1 1 1
node 34 1 1 1
node 35 1 1 1
node 36 1 1 1
node 37 1 1 1
node 38 1 1 1
node 39 1 1 1
node 40 1 1 3
node 41 1 0 2
node 42 1 0 2
node 43 1 0 2
node 44 1 0 2
node 45 1 0 2
gene 1 1 41 1.36145 0 1 1.36145 1
gene 1 1 42 1.62605 0 2 1.62605 1
gene 1 1 43 1.97491 0 3 1.97491 1
gene 1 1 44 -0.886347 0 4 -0.886347 1
gene 1 1 45 2.27757 0 5 2.27757 1
gene 1 2 41 -3.05214 0 6 -3.05214 1
gene 1 2 42 -4.06198 0 7 -4.06198 1
gene 1 2 43 1.91893 0 8 1.91893 1
gene 1 2 44 0.264118 0 9 0.264118 1
gene 1 2 45 -1.0562 0 10 -1.0562 1
gene 1 3 41 -2.69513 0 11 -2.69513 1
gene 1 3 42 0.142331 0 12 0.142331 1
gene 1 3 43 3.14525 0 13 3.14525 1
gene 1 3 44 0.66376 0 14 0.66376 1
gene 1 3 45 -1.31869 0 15 -1.31869 1
gene 1 4 41 1.24721 0 16 1.24721 1
gene 1 4 42 -1.42005 0 17 -1.42005 1
gene 1 4 43 2.11282 0 18 2.11282 1
gene 1 4 44 2.93395 0 19 2.93395 1
gene 1 4 45 2.58543 0 20 2.58543 1
gene 1 5 41 1.66208 0 21 1.66208 1
gene 1 5 42 -1.43899 0 22 -1.43899 1
gene 1 5 43 5 0 23 5 1
gene 1 5 44 -0.00374566 0 24 -0.00374566 1
gene 1 5 45 -2.63349 0 25 -2.63349 1
gene 1 6 41 -0.988335 0 26 -0.988335 1
gene 1 6 42 -1.78298 0 27 -1.78298 1
gene 1 6 43 -3.66726 0 28 -3.66726 1
gene 1 6 44 2.9999 0 29 2.9999 1
gene 1 6 45 -3.94702 0 30 -3.94702 1
gene 1 7 41 -4.01294 0 31 -4.01294 1
gene 1 7 42 -1.05231 0 32 -1.05231 1
gene 1 7 43 -2.17319 0 33 -2.17319 1
gene 1 7 44 2.02695 0 34 2.02695 1
gene 1 7 45 -1.26446 0 35 -1.26446 1
gene 1 8 41 -0.479787 0 36 -0.479787 1
gene 1 8 42 -2.99395 0 37 -2.99395 1
gene 1 8 43 -2.78609 0 38 -2.78609 1
gene 1 8 44 -0.0359332 0 39 -0.0359332 1
gene 1 8 45 1.8718 0 40 1.8718 1
gene 1 9 41 -4.48517 0 41 -4.48517 1
gene 1 9 42 1.34551 0 42 1.34551 1
gene 1 9 43 -1.27339 0 43 -1.27339 1
gene 1 9 44 2.63418 0 44 2.63418 1
gene 1 9 45 -2.40456 0 45 -2.40456 1
gene 1 10 41 -2.69615 0 46 -2.69615 1
gene 1 10 42 1.85042 0 47 1.85042 1
gene 1 10 43 1.77684 0 48 1.77684 1
gene 1 10 44 -0.526194 0 49 -0.526194 1
gene 1 10 45 3.74593 0 50 3.74593 1
gene 1 11 41 -0.0278005 0 51 -0.0278005 1
gene 1 11 42 -0.445616 0 52 -0.445616 1
gene 1 11 43 4.54665 0 53 4.54665 1
gene 1 11 44 1.28412 0 54 1.28412 1
gene 1 11 45 -3.52001 0 55 -3.52001 1
gene 1 12 41 -0.854319 0 56 -0.854319 1
gene 1 12 42 3.56755 0 57 3.56755 1
gene 1 12 43 -0.346372 0 58 -0.346372 1
gene 1 12 44 0.155347 0 59 0.155347 1
gene 1 12 45 -0.632426 0 60 -0.632426 1
gene 1 13 41 1.78254 0 61 1.78254 1
gene 1 13 42 0.205102 0 62 0.205102 1
gene 1 13 43 -1.43756 0 63 -1.43756 1
gene 1 13 44 -0.36284 0 64 -0.36284 1
gene 1 13 45 3.2002 0 65 3.2002 1
gene 1 14 41 -1.54355 0 66 -1.54355 1
gene 1 14 42 -1.24654 0 67 -1.24654 1
gene 1 14 43 -0.83592 0 68 -0.83592 1
gene 1 14 44 -0.710952 0 69 -0.710952 1
gene 1 14 45 -1.71762 0 70 -1.71762 1
gene 1 15 41 1.92924 0 71 1.92924 1
gene 1 15 42 -0.810998 0 72 -0.810998 1
gene 1 15 43 -1.25748 0 73 -1.25748 1
gene 1 15 44 0.34832 0 74 0.34832 1
gene 1 15 45 -2.43829 0 75 -2.43829 1
gene 1 16 41 0.307983 0 76 0.307983 1
gene 1 16 42 2.04521 0 77 2.04521 1
gene 1 16 43 -4.48895 0 78 -4.48895 1
gene 1 16 44 -2.69721 0 79 -2.69721 1
gene 1 16 45 1.35055 0 80 1.35055 1
gene 1 17 41 -1.96395 0 81 -1.96395 1
gene 1 17 42 -0.760601 0 82 -0.760601 1
gene 1 17 43 0.487076 0 83 0.487076 1
gene 1 17 44 0.796722 0 84 0.796722 1
gene 1 17 45 -5 0 85 -5 1
gene 1 18 41 1.82497 0 86 1.82497 1
gene 1 18 42 -0.863191 0 87 -0.863191 1
gene 1 18 43 -1.21639 0 88 -1.21639 1
gene 1 18 44 -3.99501 0 89 -3.99501 1
gene 1 18 45 0.0251777 0 90 0.0251777 1
gene 1 19 41 0.305853 0 91 0.305853 1
gene 1 19 42 -2.54134 0 92 -2.54134 1
gene 1 19 43 -3.68592 0 93 -3.68592 1
gene 1 19 44 3.84683 0 94 3.84683 1
gene 1 19 45 1.41254 0 95 1.41254 1
gene 1 20 41 3.90239 0 96 3.90239 1
gene 1 20 42 0.330454 0 97 0.330454 1
gene 1 20 43 -0.118852 0 98 -0.118852 1
gene 1 20 44 1.63997 0 99 1.63997 1
gene 1 20 45 3.80982 0 100 3.80982 1
gene 1 21 41 3.79187 0 101 3.79187 1
gene 1 21 42 -0.666664 0 102 -0.666664 1
gene 1 21 43 4.48522 0 103 4.48522 1
gene 1 21 44 2.81419 0 104 2.81419 1
gene 1 21 45 -2.04204 0 105 -2.04204 1
gene 1 22 41 0.262205 0 106 0.262205 1
gene 1 22 42 0.137579 0 107 0.137579 1
gene 1 22 43 2.56547 0 108 2.56547 1
gene 1 22 44 -2.14923 0 109 -2.14923 1
gene 1 22 45 0.862191 0 110 0.862191 1
gene 1 23 41 3.23492 0 111 3.23492 1
gene 1 23 42 1.61811 0 112 1.61811 1
gene 1 23 43 0.381235 0 113 0.381235 1
gene 1 23 44 -1.21492 0 114 -1.21492 1
gene 1 23 45 0.73875 0 115 0.73875 1
gene 1 24 41 -1.23098 0 116 -1.23098 1
gene 1 24 42 -1.08007 0 117 -1.08007 1
gene 1 24 43 1.34208 0 118 1.34208 1
gene 1 24 44 -0.226247 0 119 -0.226247 1
gene 1 24 45 -2.22155 0 120 -2.22155 1
gene 1 25 41 0.88931 0 121 0.88931 1
gene 1 25 42 0.584988 0 122 0.584988 1
gene 1 25 43 4.35954 0 123 4.35954 1
gene 1 25 44 1.81824 0 124 1.81824 1
gene 1 25 45 0.448272 0 125 0.448272 1
gene 1 26 41 -2.94662 0 126 -2.94662 1
gene 1 26 42 -2.53693 0 127 -2.53693 1
gene 1 26 43 1.99583 0 128 1.99583 1
gene 1 26 44 -0.117638 0 129 -0.117638 1
gene 1 26 45 0.158924 0 130 0.158924 1
gene 1 27 41 -1.92348 0 131 -1.92348 1
gene 1 27 42 -3.25648 0 132 -3.25648 1
gene 1 27 43 -2.39725 0 133 -2.39725 1
gene 1 27 44 1.30877 0 134 1.30877 1
gene 1 27 45 -0.242096 0 135 -0.242096 1
gene 1 28 41 -0.738258 0 136 -0.738258 1
gene 1 28 42 0.215456 0 137 0.215456 1
gene 1 28 43 -0.00346435 0 138 -0.00346435 1
gene 1 28 44 -2.65107 0 139 -2.65107 1
gene 1 28 45 1.29784 0 140 1.29784 1
gene 1 29 41 -0.175138 0 141 -0.175138 1
gene 1 29 42 1.35558 0 142 1.35558 1
gene 1 29 43 3.9811 0 143 3.9811 1
gene 1 29 44 -0.379716 0 144 -0.379716 1
gene 1 29 45 0.996136 0 145 0.996136 1
gene 1 30 41 -2.28416 0 146 -2.28416 1
gene 1 30 42 -2.34679 0 147 -2.34679 1
gene 1 30 43 2.22301 0 148 2.22301 1
gene 1 30 44 -2.69219 0 149 -2.69219 1
gene 1 30 45 -2.52383 0 150 -2.52383 1
gene 1 31 41 3.01481 0 151 3.01481 1
gene 1 31 42 -2.19797 0 152 -2.19797 1
gene 1 31 43 0.444013 0 153 0.444013 1
gene 1 31 44 -0.869147 0 154 -0.869147 1
gene 1 31 45 -2.72376 0 155 -2.72376 1
gene 1 32 41 -2.33221 0 156 -2.33221 1
gene 1 32 42 2.33459 0 157 2.33459 1
gene 1 32 43 -3.68629 0 158 -3.68629 1
gene 1 32 44 3.27683 0 159 3.27683 1
gene 1 32 45 -2.59982 0 160 -2.59982 1
gene 1 33 41 -0.334046 0 161 -0.334046 1
gene 1 33 42 -0.601002 0 162 -0.601002 1
gene 1 33 43 -2.53036 0 163 -2.53036 1
gene 1 33 44 -1.94229 0 164 -1.94229 1
gene 1 33 45 -0.446408 0 165 -0.446408 1
gene 1 34 41 -1.09377 0 166 -1.09377 1
gene 1 34 42 -0.00992223 0 167 -0.00992223 1
gene 1 34 43 1.52963 0 168 1.52963 1
gene 1 34 44 1.08806 0 169 1.08806 1
gene 1 34 45 0.566429 0 170 0.566429 1
gene 1 35 41 3.24283 0 171 3.24283 1
gene 1 35 42 0.300486 0 172 0.300486 1
gene 1 35 43 -0.225646 0 173 -0.225646 1
gene 1 35 44 -1.6255 0 174 -1.6255 1
gene 1 35 45 3.09562 0 175 3.09562 1
gene 1 36 41 1.6677 0 176 1.6677 1
gene 1 36 42 -0.811318 0 177 -0.811318 1
gene 1 36 43 0.651485 0 178 0.651485 1
gene 1 36 44 0.676599 0 179 0.676599 1
gene 1 36 45 -0.976542 0 180 -0.976542 1
gene 1 37 41 0.960134 0 181 0.960134 1
gene 1 37 42 1.17786 0 182 1.17786 1
gene 1 37 43 -0.940056 0 183 -0.940056 1
gene 1 37 44 0.683477 0 184 0.683477 1
gene 1 37 45 -0.150926 0 185 -0.150926 1
gene 1 38 41 1.46321 0 186 1.46321 1
gene 1 38 42 -0.2686 0 187 -0.2686 1
gene 1 38 43 0.34773 0 188 0.34773 1
gene 1 38 44 0.547163 0 189 0.547163 1
gene 1 38 45 1.0088 0 190 1.0088 1
gene 1 39 41 -1.6321 0 191 -1.6321 1
gene 1 39 42 0.036243 0 192 0.036243 1
gene 1 39 43 -0.549458 0 193 -0.549458 1
gene 1 39 44 -1.90959 0 194 -1.90959 1
gene 1 39 45 -0.0805195 0 195 -0.0805195 1
gene 1 40 41 -4.86074 0 196 -4.86074 1
gene 1 40 42 0.189066 0 197 0.189066 1
gene 1 40 43 0.712868 0 198 0.712868 1
gene 1 40 44 0.13892 0 199 0.13892 1
gene 1 40 45 0.145314 0 200 0.145314 1
genomeend 8


