/* Organism #3 Fitness: 20369.308000 Time: 0 */
genomestart 3
trait 1 0.100000 0.000000 0.000000 0.000000 0.000000 1.000000 0.292332 0.000000 
node 1 1 1 1
node 2 1 1 1
node 3 1 1 1
node 4 1 1 1
node 5 1 1 1
node 6 1 1 1
node 7 1 1 1
node 8 1 1 1
node 9 1 1 1
node 10 1 1 1
node 11 1 1 1
node 12 1 1 1
node 13 1 1 1
node 14 1 1 1
node 15 1 1 1
node 16 1 1 1
node 17 1 1 1
node 18 1 1 1
node 19 1 1 1
node 20 1 1 1
node 21 1 1 1
node 22 1 1 1
node 23 1 1 1
node 24 1 1 1
node 25 1 1 1
node 26 1 1 1
node 27 1 1 1
node 28 1 1 1
node 29 1 1 1
node 30 1 1 1
node 31 1 1 1
node 32 1 1 1
node 33 1 1 1
node 34 1 1 1
node 35 1 1 1
node 36 1 1 1
node 37 1 1 1
node 38 1 1 1
node 39 1 1 1
node 40 1 1 3
node 41 1 0 2
node 42 1 0 2
node 43 1 0 2
node 44 1 0 2
node 45 1 0 2
gene 1 1 41 -0.502814 0 1 -0.502814 1
gene 1 1 42 3.0942 0 2 3.0942 1
gene 1 1 43 -4.79153 0 3 -4.79153 1
gene 1 1 44 -0.612024 0 4 -0.612024 1
gene 1 1 45 0.60933 0 5 0.60933 1
gene 1 2 41 1.00382 0 6 1.00382 1
gene 1 2 42 -1.31983 0 7 -1.31983 1
gene 1 2 43 -3.56829 0 8 -3.56829 1
gene 1 2 44 2.80999 0 9 2.80999 1
gene 1 2 45 3.52878 0 10 3.52878 1
gene 1 3 41 0.0796901 0 11 0.0796901 1
gene 1 3 42 1.5288 0 12 1.5288 1
gene 1 3 43 -0.234497 0 13 -0.234497 1
gene 1 3 44 -0.792226 0 14 -0.792226 1
gene 1 3 45 -0.475314 0 15 -0.475314 1
gene 1 4 41 -0.0880573 0 16 -0.0880573 1
gene 1 4 42 0.272832 0 17 0.272832 1
gene 1 4 43 -4.1477 0 18 -4.1477 1
gene 1 4 44 3.07396 0 19 3.07396 1
gene 1 4 45 0.731624 0 20 0.731624 1
gene 1 5 41 -0.138638 0 21 -0.138638 1
gene 1 5 42 2.01265 0 22 2.01265 1
gene 1 5 43 0.832787 0 23 0.832787 1
gene 1 5 44 -0.375106 0 24 -0.375106 1
gene 1 5 45 0.31672 0 25 0.31672 1
gene 1 6 41 4.52912 0 26 4.52912 1
gene 1 6 42 1.8945 0 27 1.8945 1
gene 1 6 43 1.44809 0 28 1.44809 1
gene 1 6 44 0.961028 0 29 0.961028 1
gene 1 6 45 -2.92087 0 30 -2.92087 1
gene 1 7 41 1.64249 0 31 1.64249 1
gene 1 7 42 0.781224 0 32 0.781224 1
gene 1 7 43 -2.0271 0 33 -2.0271 1
gene 1 7 44 0.245194 0 34 0.245194 1
gene 1 7 45 -0.314338 0 35 -0.314338 1
gene 1 8 41 0.0231424 0 36 0.0231424 1
gene 1 8 42 5 0 37 5 1
gene 1 8 43 -0.190037 0 38 -0.190037 1
gene 1 8 44 -0.772591 0 39 -0.772591 1
gene 1 8 45 2.92279 0 40 2.92279 1
gene 1 9 41 0.850398 0 41 0.850398 1
gene 1 9 42 -0.653373 0 42 -0.653373 1
gene 1 9 43 5 0 43 5 1
gene 1 9 44 -2.17896 0 44 -2.17896 1
gene 1 9 45 -0.394521 0 45 -0.394521 1
gene 1 10 41 -0.281314 0 46 -0.281314 1
gene 1 10 42 0.249266 0 47 0.249266 1
gene 1 10 43 -2.07676 0 48 -2.07676 1
gene 1 10 44 0.781018 0 49 0.781018 1
gene 1 10 45 -0.44258 0 50 -0.44258 1
gene 1 11 41 1.29426 0 51 1.29426 1
gene 1 11 42 2.06503 0 52 2.06503 1
gene 1 11 43 -0.448132 0 53 -0.448132 1
gene 1 11 44 0.389477 0 54 0.389477 1
gene 1 11 45 0.715013 0 55 0.715013 1
gene 1 12 41 -0.0731723 0 56 -0.0731723 1
gene 1 12 42 0.920259 0 57 0.920259 1
gene 1 12 43 -0.544839 0 58 -0.544839 1
gene 1 12 44 -1.78358 0 59 -1.78358 1
gene 1 12 45 4.34721 0 60 4.34721 1
gene 1 13 41 1.70241 0 61 1.70241 1
gene 1 13 42 -3.14684 0 62 -3.14684 1
gene 1 13 43 -1.61137 0 63 -1.61137 1
gene 1 13 44 1.34398 0 64 1.34398 1
gene 1 13 45 1.04045 0 65 1.04045 1
gene 1 14 41 -1.95697 0 66 -1.95697 1
gene 1 14 42 0.371132 0 67 0.371132 1
gene 1 14 43 -0.247506 0 68 -0.247506 1
gene 1 14 44 0.636042 0 69 0.636042 1
gene 1 14 45 -0.922627 0 70 -0.922627 1
gene 1 15 41 1.59944 0 71 1.59944 1
gene 1 15 42 -1.02355 0 72 -1.02355 1
gene 1 15 43 0.0382282 0 73 0.0382282 1
gene 1 15 44 0.33795 0 74 0.33795 1
gene 1 15 45 1.67447 0 75 1.67447 1
gene 1 16 41 -1.95831 0 76 -1.95831 1
gene 1 16 42 0.214465 0 77 0.214465 1
gene 1 16 43 -0.316186 0 78 -0.316186 1
gene 1 16 44 -2.62958 0 79 -2.62958 1
gene 1 16 45 0.449885 0 80 0.449885 1
gene 1 17 41 1.39045 0 81 1.39045 1
gene 1 17 42 0.457623 0 82 0.457623 1
gene 1 17 43 -0.258426 0 83 -0.258426 1
gene 1 17 44 -3.60243 0 84 -3.60243 1
gene 1 17 45 -0.716827 0 85 -0.716827 1
gene 1 18 41 4.91403 0 86 4.91403 1
gene 1 18 42 2.90231 0 87 2.90231 1
gene 1 18 43 -3.30866 0 88 -3.30866 1
gene 1 18 44 0.701331 0 89 0.701331 1
gene 1 18 45 -0.894384 0 90 -0.894384 1
gene 1 19 41 4.58692 0 91 4.58692 1
gene 1 19 42 2.76113 0 92 2.76113 1
gene 1 19 43 1.23089 0 93 1.23089 1
gene 1 19 44 0.300474 0 94 0.300474 1
gene 1 19 45 -4.14127 0 95 -4.14127 1
gene 1 20 41 -0.518594 0 96 -0.518594 1
gene 1 20 42 1.04739 0 97 1.04739 1
gene 1 20 43 2.0795 0 98 2.0795 1
gene 1 20 44 2.00458 0 99 2.00458 1
gene 1 20 45 -0.697802 0 100 -0.697802 1
gene 1 21 41 0.804766 0 101 0.804766 1
gene 1 21 42 1.81749 0 102 1.81749 1
gene 1 21 43 -0.338789 0 103 -0.338789 1
gene 1 21 44 0.211271 0 104 0.211271 1
gene 1 21 45 -3.25094 0 105 -3.25094 1
gene 1 22 41 4.22761 0 106 4.22761 1
gene 1 22 42 -0.391829 0 107 -0.391829 1
gene 1 22 43 -0.727359 0 108 -0.727359 1
gene 1 22 44 1.60942 0 109 1.60942 1
gene 1 22 45 -0.459676 0 110 -0.459676 1
gene 1 23 41 4.18478 0 111 4.18478 1
gene 1 23 42 1.93772 0 112 1.93772 1
gene 1 23 43 -0.926951 0 113 -0.926951 1
gene 1 23 44 0.281307 0 114 0.281307 1
gene 1 23 45 0.687222 0 115 0.687222 1
gene 1 24 41 -0.676807 0 116 -0.676807 1
gene 1 24 42 1.17725 0 117 1.17725 1
gene 1 24 43 0.446203 0 118 0.446203 1
gene 1 24 44 0.971578 0 119 0.971578 1
gene 1 24 45 -0.939155 0 120 -0.939155 1
gene 1 25 41 -3.62983 0 121 -3.62983 1
gene 1 25 42 2.10595 0 122 2.10595 1
gene 1 25 43 2.25543 0 123 2.25543 1
gene 1 25 44 -1.13523 0 124 -1.13523 1
gene 1 25 45 0.738726 0 125 0.738726 1
gene 1 26 41 1.02385 0 126 1.02385 1
gene 1 26 42 -0.954354 0 127 -0.954354 1
gene 1 26 43 2.12888 0 128 2.12888 1
gene 1 26 44 4.06137 0 129 4.06137 1
gene 1 26 45 -0.568408 0 130 -0.568408 1
gene 1 27 41 -5 0 131 -5 1
gene 1 27 42 -3.90758 0 132 -3.90758 1
gene 1 27 43 1.85971 0 133 1.85971 1
gene 1 27 44 0.16212 0 134 0.16212 1
gene 1 27 45 0.300971 0 135 0.300971 1
gene 1 28 41 1.34045 0 136 1.34045 1
gene 1 28 42 -0.553366 0 137 -0.553366 1
gene 1 28 43 -0.806246 0 138 -0.806246 1
gene 1 28 44 0.671052 0 139 0.671052 1
gene 1 28 45 -1.09267 0 140 -1.09267 1
gene 1 29 41 3.10744 0 141 3.10744 1
gene 1 29 42 -0.255481 0 142 -0.255481 1
gene 1 29 43 -0.0104569 0 143 -0.0104569 1
gene 1 29 44 5 0 144 5 1
gene 1 29 45 0.908858 0 145 0.908858 1
gene 1 30 41 -0.655353 0 146 -0.655353 1
gene 1 30 42 3.26822 0 147 3.26822 1
gene 1 30 43 -2.83717 0 148 -2.83717 1
gene 1 30 44 -0.637046 0 149 -0.637046 1
gene 1 30 45 -3.43133 0 150 -3.43133 1
gene 1 31 41 -0.286851 0 151 -0.286851 1
gene 1 31 42 0.0618545 0 152 0.0618545 1
gene 1 31 43 0.581122 0 153 0.581122 1
gene 1 31 44 -0.283715 0 154 -0.283715 1
gene 1 31 45 -0.738469 0 155 -0.738469 1
gene 1 32 41 -3.63391 0 156 -3.63391 1
gene 1 32 42 0.229966 0 157 0.229966 1
gene 1 32 43 1.44719 0 158 1.44719 1
gene 1 32 44 3.74072 0 159 3.74072 1
gene 1 32 45 4.18866 0 160 4.18866 1
gene 1 33 41 -0.204773 0 161 -0.204773 1
gene 1 33 42 0.786092 0 162 0.786092 1
gene 1 33 43 0.754059 0 163 0.754059 1
gene 1 33 44 -1.20845 0 164 -1.20845 1
gene 1 33 45 -1.19078 0 165 -1.19078 1
gene 1 34 41 -0.961394 0 166 -0.961394 1
gene 1 34 42 -1.82419 0 167 -1.82419 1
gene 1 34 43 -1.18642 0 168 -1.18642 1
gene 1 34 44 -1.54022 0 169 -1.54022 1
gene 1 34 45 -0.0788908 0 170 -0.0788908 1
gene 1 35 41 0.363499 0 171 0.363499 1
gene 1 35 42 0.568663 0 172 0.568663 1
gene 1 35 43 -0.386274 0 173 -0.386274 1
gene 1 35 44 0.780882 0 174 0.780882 1
gene 1 35 45 -0.636917 0 175 -0.636917 1
gene 1 36 41 -1.54429 0 176 -1.54429 1
gene 1 36 42 1.33732 0 177 1.33732 1
gene 1 36 43 2.05233 0 178 2.05233 1
gene 1 36 44 1.31669 0 179 1.31669 1
gene 1 36 45 0.266975 0 180 0.266975 1
gene 1 37 41 -0.379708 0 181 -0.379708 1
gene 1 37 42 1.04183 0 182 1.04183 1
gene 1 37 43 0.0635939 0 183 0.0635939 1
gene 1 37 44 -0.751497 0 184 -0.751497 1
gene 1 37 45 -0.973946 0 185 -0.973946 1
gene 1 38 41 -0.643343 0 186 -0.643343 1
gene 1 38 42 -0.139883 0 187 -0.139883 1
gene 1 38 43 -0.96506 0 188 -0.96506 1
gene 1 38 44 0.503603 0 189 0.503603 1
gene 1 38 45 -1.02017 0 190 -1.02017 1
gene 1 39 41 -1.24097 0 191 -1.24097 1
gene 1 39 42 -1.36405 0 192 -1.36405 1
gene 1 39 43 -0.0662783 0 193 -0.0662783 1
gene 1 39 44 0.869449 0 194 0.869449 1
gene 1 39 45 -0.09954 0 195 -0.09954 1
gene 1 40 41 0.810496 0 196 0.810496 1
gene 1 40 42 0.580294 0 197 0.580294 1
gene 1 40 43 1.18156 0 198 1.18156 1
gene 1 40 44 2.92318 0 199 2.92318 1
gene 1 40 45 0.10608 0 200 0.10608 1
genomeend 3


