/* Organism #0 Fitness: 19923.372000 Time: 0 */
genomestart 0
trait 1 0.000000 1.000000 0.000000 0.922165 0.661352 0.007123 1.000000 0.812689 
node 1 1 1 1
node 2 1 1 1
node 3 1 1 1
node 4 1 1 1
node 5 1 1 1
node 6 1 1 1
node 7 1 1 1
node 8 1 1 1
node 9 1 1 1
node 10 1 1 1
node 11 1 1 1
node 12 1 1 1
node 13 1 1 1
node 14 1 1 1
node 15 1 1 1
node 16 1 1 1
node 17 1 1 1
node 18 1 1 1
node 19 1 1 1
node 20 1 1 1
node 21 1 1 1
node 22 1 1 1
node 23 1 1 1
node 24 1 1 1
node 25 1 1 1
node 26 1 1 1
node 27 1 1 1
node 28 1 1 1
node 29 1 1 1
node 30 1 1 1
node 31 1 1 1
node 32 1 1 1
node 33 1 1 1
node 34 1 1 1
node 35 1 1 1
node 36 1 1 1
node 37 1 1 1
node 38 1 1 1
node 39 1 1 1
node 40 1 1 3
node 41 1 0 2
node 42 1 0 2
node 43 1 0 2
node 44 1 0 2
node 45 1 0 2
gene 1 1 41 4.30271 0 1 4.30271 1
gene 1 1 42 -1.73681 0 2 -1.73681 1
gene 1 1 43 -2.00851 0 3 -2.00851 1
gene 1 1 44 5 0 4 5 1
gene 1 1 45 -0.0700855 0 5 -0.0700855 1
gene 1 2 41 1.75949 0 6 1.75949 1
gene 1 2 42 0.513645 0 7 0.513645 1
gene 1 2 43 -1.23645 0 8 -1.23645 1
gene 1 2 44 0.959251 0 9 0.959251 1
gene 1 2 45 2.28632 0 10 2.28632 1
gene 1 3 41 2.16952 0 11 2.16952 1
gene 1 3 42 4.37346 0 12 4.37346 1
gene 1 3 43 -3.21336 0 13 -3.21336 1
gene 1 3 44 -1.1415 0 14 -1.1415 1
gene 1 3 45 1.69729 0 15 1.69729 1
gene 1 4 41 -0.364456 0 16 -0.364456 1
gene 1 4 42 -0.0990764 0 17 -0.0990764 1
gene 1 4 43 -2.04655 0 18 -2.04655 1
gene 1 4 44 -0.370157 0 19 -0.370157 1
gene 1 4 45 -0.535546 0 20 -0.535546 1
gene 1 5 41 4.27749 0 21 4.27749 1
gene 1 5 42 2.65535 0 22 2.65535 1
gene 1 5 43 1.34343 0 23 1.34343 1
gene 1 5 44 3.7586 0 24 3.7586 1
gene 1 5 45 0.965951 0 25 0.965951 1
gene 1 6 41 3.46003 0 26 3.46003 1
gene 1 6 42 0.983039 0 27 0.983039 1
gene 1 6 43 -2.15119 0 28 -2.15119 1
gene 1 6 44 -0.958733 0 29 -0.958733 1
gene 1 6 45 0.306072 0 30 0.306072 1
gene 1 7 41 0.973585 0 31 0.973585 1
gene 1 7 42 3.58853 0 32 3.58853 1
gene 1 7 43 -4.7129 0 33 -4.7129 1
gene 1 7 44 0.224426 0 34 0.224426 1
gene 1 7 45 -1.61099 0 35 -1.61099 1
gene 1 8 41 0.48003 0 36 0.48003 1
gene 1 8 42 0.8377 0 37 0.8377 1
gene 1 8 43 -4.91599 0 38 -4.91599 1
gene 1 8 44 -0.362701 0 39 -0.362701 1
gene 1 8 45 0.135148 0 40 0.135148 1
gene 1 9 41 -4.90939 0 41 -4.90939 1
gene 1 9 42 1.52981 0 42 1.52981 1
gene 1 9 43 -1.32728 0 43 -1.32728 1
gene 1 9 44 1.14269 0 44 1.14269 1
gene 1 9 45 -0.111999 0 45 -0.111999 1
gene 1 10 41 -2.18678 0 46 -2.18678 1
gene 1 10 42 -5 0 47 -5 1
gene 1 10 43 -0.102418 0 48 -0.102418 1
gene 1 10 44 -2.32485 0 49 -2.32485 1
gene 1 10 45 -2.44145 0 50 -2.44145 1
gene 1 11 41 0.435966 0 51 0.435966 1
gene 1 11 42 0.807571 0 52 0.807571 1
gene 1 11 43 -1.81454 0 53 -1.81454 1
gene 1 11 44 -1.12121 0 54 -1.12121 1
gene 1 11 45 2.8551 0 55 2.8551 1
gene 1 12 41 -0.160963 0 56 -0.160963 1
gene 1 12 42 -0.888295 0 57 -0.888295 1
gene 1 12 43 0.581416 0 58 0.581416 1
gene 1 12 44 0.972406 0 59 0.972406 1
gene 1 12 45 -0.345086 0 60 -0.345086 1
gene 1 13 41 -2.17764 0 61 -2.17764 1
gene 1 13 42 0.206506 0 62 0.206506 1
gene 1 13 43 -1.51688 0 63 -1.51688 1
gene 1 13 44 -3.64619 0 64 -3.64619 1
gene 1 13 45 -1.02124 0 65 -1.02124 1
gene 1 14 41 0.224196 0 66 0.224196 1
gene 1 14 42 1.73908 0 67 1.73908 1
gene 1 14 43 -1.16616 0 68 -1.16616 1
gene 1 14 44 -2.29339 0 69 -2.29339 1
gene 1 14 45 0.178179 0 70 0.178179 1
gene 1 15 41 0.153758 0 71 0.153758 1
gene 1 15 42 -2.34088 0 72 -2.34088 1
gene 1 15 43 -5 0 73 -5 1
gene 1 15 44 1.13209 0 74 1.13209 1
gene 1 15 45 -2.27241 0 75 -2.27241 1
gene 1 16 41 1.6055 0 76 1.6055 1
gene 1 16 42 -1.09418 0 77 -1.09418 1
gene 1 16 43 0.233451 0 78 0.233451 1
gene 1 16 44 0.125007 0 79 0.125007 1
gene 1 16 45 1.26596 0 80 1.26596 1
gene 1 17 41 -0.504287 0 81 -0.504287 1
gene 1 17 42 4.0349 0 82 4.0349 1
gene 1 17 43 0.123762 0 83 0.123762 1
gene 1 17 44 0.716292 0 84 0.716292 1
gene 1 17 45 -5 0 85 -5 1
gene 1 18 41 4.58361 0 86 4.58361 1
gene 1 18 42 1.43364 0 87 1.43364 1
gene 1 18 43 1.55877 0 88 1.55877 1
gene 1 18 44 1.67355 0 89 1.67355 1
gene 1 18 45 -0.206159 0 90 -0.206159 1
gene 1 19 41 -0.380749 0 91 -0.380749 1
gene 1 19 42 -2.13087 0 92 -2.13087 1
gene 1 19 43 4.46426 0 93 4.46426 1
gene 1 19 44 1.30121 0 94 1.30121 1
gene 1 19 45 -2.16408 0 95 -2.16408 1
gene 1 20 41 2.98506 0 96 2.98506 1
gene 1 20 42 -1.18852 0 97 -1.18852 1
gene 1 20 43 0.680081 0 98 0.680081 1
gene 1 20 44 -1.49377 0 99 -1.49377 1
gene 1 20 45 -2.64455 0 100 -2.64455 1
gene 1 21 41 -1.28948 0 101 -1.28948 1
gene 1 21 42 1.32135 0 102 1.32135 1
gene 1 21 43 1.31246 0 103 1.31246 1
gene 1 21 44 0.960997 0 104 0.960997 1
gene 1 21 45 0.170488 0 105 0.170488 1
gene 1 22 41 -3.54815 0 106 -3.54815 1
gene 1 22 42 1.22376 0 107 1.22376 1
gene 1 22 43 -2.85567 0 108 -2.85567 1
gene 1 22 44 -4.54536 0 109 -4.54536 1
gene 1 22 45 -0.243391 0 110 -0.243391 1
gene 1 23 41 0.0521749 0 111 0.0521749 1
gene 1 23 42 -0.494706 0 112 -0.494706 1
gene 1 23 43 -3.87041 0 113 -3.87041 1
gene 1 23 44 -5 0 114 -5 1
gene 1 23 45 4.09715 0 115 4.09715 1
gene 1 24 41 1.2873 0 116 1.2873 1
gene 1 24 42 0.771845 0 117 0.771845 1
gene 1 24 43 -0.85298 0 118 -0.85298 1
gene 1 24 44 -1.25108 0 119 -1.25108 1
gene 1 24 45 -2.19922 0 120 -2.19922 1
gene 1 25 41 -0.0254297 0 121 -0.0254297 1
gene 1 25 42 -3.05022 0 122 -3.05022 1
gene 1 25 43 1.51794 0 123 1.51794 1
gene 1 25 44 0.432474 0 124 0.432474 1
gene 1 25 45 -1.6815 0 125 -1.6815 1
gene 1 26 41 0.852457 0 126 0.852457 1
gene 1 26 42 -0.321506 0 127 -0.321506 1
gene 1 26 43 -4.57538 0 128 -4.57538 1
gene 1 26 44 -2.97897 0 129 -2.97897 1
gene 1 26 45 -3.19784 0 130 -3.19784 1
gene 1 27 41 -1.83693 0 131 -1.83693 1
gene 1 27 42 0.243736 0 132 0.243736 1
gene 1 27 43 -0.818374 0 133 -0.818374 1
gene 1 27 44 -3.26599 0 134 -3.26599 1
gene 1 27 45 0.737296 0 135 0.737296 1
gene 1 28 41 1.49083 0 136 1.49083 1
gene 1 28 42 -0.592628 0 137 -0.592628 1
gene 1 28 43 -3.95798 0 138 -3.95798 1
gene 1 28 44 2.31118 0 139 2.31118 1
gene 1 28 45 2.38673 0 140 2.38673 1
gene 1 29 41 -0.681462 0 141 -0.681462 1
gene 1 29 42 4.21913 0 142 4.21913 1
gene 1 29 43 -0.518478 0 143 -0.518478 1
gene 1 29 44 1.56647 0 144 1.56647 1
gene 1 29 45 -5 0 145 -5 1
gene 1 30 41 0.37493 0 146 0.37493 1
gene 1 30 42 1.34871 0 147 1.34871 1
gene 1 30 43 -0.953768 0 148 -0.953768 1
gene 1 30 44 -2.54782 0 149 -2.54782 1
gene 1 30 45 -1.2317 0 150 -1.2317 1
gene 1 31 41 -4.76956 0 151 -4.76956 1
gene 1 31 42 -0.0811222 0 152 -0.0811222 1
gene 1 31 43 -0.00670773 0 153 -0.00670773 1
gene 1 31 44 0.540702 0 154 0.540702 1
gene 1 31 45 0.930799 0 155 0.930799 1
gene 1 32 41 -0.44135 0 156 -0.44135 1
gene 1 32 42 -1.73925 0 157 -1.73925 1
gene 1 32 43 3.92347 0 158 3.92347 1
gene 1 32 44 -2.70093 0 159 -2.70093 1
gene 1 32 45 -3.40235 0 160 -3.40235 1
gene 1 33 41 1.14142 0 161 1.14142 1
gene 1 33 42 -0.118745 0 162 -0.118745 1
gene 1 33 43 -0.966302 0 163 -0.966302 1
gene 1 33 44 1.65788 0 164 1.65788 1
gene 1 33 45 0.69625 0 165 0.69625 1
gene 1 34 41 -0.0188852 0 166 -0.0188852 1
gene 1 34 42 1.83273 0 167 1.83273 1
gene 1 34 43 0.0782351 0 168 0.0782351 1
gene 1 34 44 0.106939 0 169 0.106939 1
gene 1 34 45 -1.01507 0 170 -1.01507 1
gene 1 35 41 -0.122458 0 171 -0.122458 1
gene 1 35 42 -0.0600147 0 172 -0.0600147 1
gene 1 35 43 -1.00779 0 173 -1.00779 1
gene 1 35 44 0.547889 0 174 0.547889 1
gene 1 35 45 -0.633733 0 175 -0.633733 1
gene 1 36 41 -0.313294 0 176 -0.313294 1
gene 1 36 42 -0.227689 0 177 -0.227689 1
gene 1 36 43 -0.387841 0 178 -0.387841 1
gene 1 36 44 0.821769 0 179 0.821769 1
gene 1 36 45 0.719479 0 180 0.719479 1
gene 1 37 41 1.17815 0 181 1.17815 1
gene 1 37 42 -2.89829 0 182 -2.89829 1
gene 1 37 43 -0.0679153 0 183 -0.0679153 1
gene 1 37 44 1.15314 0 184 1.15314 1
gene 1 37 45 1.46078 0 185 1.46078 1
gene 1 38 41 2.26707 0 186 2.26707 1
gene 1 38 42 -0.203673 0 187 -0.203673 1
gene 1 38 43 -0.422548 0 188 -0.422548 1
gene 1 38 44 -0.0519905 0 189 -0.0519905 1
gene 1 38 45 -0.593746 0 190 -0.593746 1
gene 1 39 41 -0.520747 0 191 -0.520747 1
gene 1 39 42 -0.380653 0 192 -0.380653 1
gene 1 39 43 -0.295574 0 193 -0.295574 1
gene 1 39 44 -1.39499 0 194 -1.39499 1
gene 1 39 45 -0.438549 0 195 -0.438549 1
gene 1 40 41 0.418482 0 196 0.418482 1
gene 1 40 42 1.7888 0 197 1.7888 1
gene 1 40 43 -0.883057 0 198 -0.883057 1
gene 1 40 44 0.610767 0 199 0.610767 1
gene 1 40 45 -0.0603583 0 200 -0.0603583 1
genomeend 0


