/* Organism #5 Fitness: 20536.514000 Time: 0 */
genomestart 5
trait 1 0.000000 0.643070 0.572009 0.801590 0.185310 1.000000 0.304603 1.000000 
node 1 1 1 1
node 2 1 1 1
node 3 1 1 1
node 4 1 1 1
node 5 1 1 1
node 6 1 1 1
node 7 1 1 1
node 8 1 1 1
node 9 1 1 1
node 10 1 1 1
node 11 1 1 1
node 12 1 1 1
node 13 1 1 1
node 14 1 1 1
node 15 1 1 1
node 16 1 1 1
node 17 1 1 1
node 18 1 1 1
node 19 1 1 1
node 20 1 1 1
node 21 1 1 1
node 22 1 1 1
node 23 1 1 1
node 24 1 1 1
node 25 1 1 1
node 26 1 1 1
node 27 1 1 1
node 28 1 1 1
node 29 1 1 1
node 30 1 1 1
node 31 1 1 1
node 32 1 1 1
node 33 1 1 1
node 34 1 1 1
node 35 1 1 1
node 36 1 1 1
node 37 1 1 1
node 38 1 1 1
node 39 1 1 1
node 40 1 1 3
node 41 1 0 2
node 42 1 0 2
node 43 1 0 2
node 44 1 0 2
node 45 1 0 2
gene 1 1 41 3.72421 0 1 3.72421 1
gene 1 1 42 3.33719 0 2 3.33719 1
gene 1 1 43 -4.60696 0 3 -4.60696 1
gene 1 1 44 0.0730762 0 4 0.0730762 1
gene 1 1 45 -4.29844 0 5 -4.29844 1
gene 1 2 41 0.393754 0 6 0.393754 1
gene 1 2 42 0.269884 0 7 0.269884 1
gene 1 2 43 0.0205282 0 8 0.0205282 1
gene 1 2 44 1.55934 0 9 1.55934 1
gene 1 2 45 -0.782149 0 10 -0.782149 1
gene 1 3 41 -0.660616 0 11 -0.660616 1
gene 1 3 42 -1.59014 0 12 -1.59014 1
gene 1 3 43 0.498062 0 13 0.498062 1
gene 1 3 44 -0.0952194 0 14 -0.0952194 1
gene 1 3 45 -4.67471 0 15 -4.67471 1
gene 1 4 41 1.6652 0 16 1.6652 1
gene 1 4 42 -1.00687 0 17 -1.00687 1
gene 1 4 43 -0.226466 0 18 -0.226466 1
gene 1 4 44 -3.83409 0 19 -3.83409 1
gene 1 4 45 -0.32867 0 20 -0.32867 1
gene 1 5 41 1.43736 0 21 1.43736 1
gene 1 5 42 -3.93385 0 22 -3.93385 1
gene 1 5 43 4.31522 0 23 4.31522 1
gene 1 5 44 -2.56311 0 24 -2.56311 1
gene 1 5 45 -0.549052 0 25 -0.549052 1
gene 1 6 41 -0.160096 0 26 -0.160096 1
gene 1 6 42 -0.224896 0 27 -0.224896 1
gene 1 6 43 0.23928 0 28 0.23928 1
gene 1 6 44 -1.6635 0 29 -1.6635 1
gene 1 6 45 1.34127 0 30 1.34127 1
gene 1 7 41 -5 0 31 -5 1
gene 1 7 42 -0.13928 0 32 -0.13928 1
gene 1 7 43 -1.76491 0 33 -1.76491 1
gene 1 7 44 -1.45312 0 34 -1.45312 1
gene 1 7 45 -0.28685 0 35 -0.28685 1
gene 1 8 41 -1.45884 0 36 -1.45884 1
gene 1 8 42 1.83125 0 37 1.83125 1
gene 1 8 43 -0.103437 0 38 -0.103437 1
gene 1 8 44 -1.07631 0 39 -1.07631 1
gene 1 8 45 -1.12875 0 40 -1.12875 1
gene 1 9 41 1.70409 0 41 1.70409 1
gene 1 9 42 -0.189068 0 42 -0.189068 1
gene 1 9 43 -0.490924 0 43 -0.490924 1
gene 1 9 44 1.17937 0 44 1.17937 1
gene 1 9 45 0.0934388 0 45 0.0934388 1
gene 1 10 41 -0.339551 0 46 -0.339551 1
gene 1 10 42 0.55649 0 47 0.55649 1
gene 1 10 43 1.52537 0 48 1.52537 1
gene 1 10 44 2.46752 0 49 2.46752 1
gene 1 10 45 -0.610055 0 50 -0.610055 1
gene 1 11 41 -0.322727 0 51 -0.322727 1
gene 1 11 42 -1.27186 0 52 -1.27186 1
gene 1 11 43 -0.133305 0 53 -0.133305 1
gene 1 11 44 -2.3053 0 54 -2.3053 1
gene 1 11 45 -4.08875 0 55 -4.08875 1
gene 1 12 41 0.946362 0 56 0.946362 1
gene 1 12 42 -0.215003 0 57 -0.215003 1
gene 1 12 43 -1.82418 0 58 -1.82418 1
gene 1 12 44 -5 0 59 -5 1
gene 1 12 45 -0.165062 0 60 -0.165062 1
gene 1 13 41 4.02025 0 61 4.02025 1
gene 1 13 42 -0.00947905 0 62 -0.00947905 1
gene 1 13 43 -0.0856308 0 63 -0.0856308 1
gene 1 13 44 -0.992857 0 64 -0.992857 1
gene 1 13 45 -1.32753 0 65 -1.32753 1
gene 1 14 41 0.788022 0 66 0.788022 1
gene 1 14 42 2.53893 0 67 2.53893 1
gene 1 14 43 -0.984068 0 68 -0.984068 1
gene 1 14 44 -1.29676 0 69 -1.29676 1
gene 1 14 45 5 0 70 5 1
gene 1 15 41 0.649417 0 71 0.649417 1
gene 1 15 42 -4.44799 0 72 -4.44799 1
gene 1 15 43 2.80523 0 73 2.80523 1
gene 1 15 44 1.13665 0 74 1.13665 1
gene 1 15 45 -0.76657 0 75 -0.76657 1
gene 1 16 41 -2.87645 0 76 -2.87645 1
gene 1 16 42 -1.24246 0 77 -1.24246 1
gene 1 16 43 2.19986 0 78 2.19986 1
gene 1 16 44 -3.72542 0 79 -3.72542 1
gene 1 16 45 1.04414 0 80 1.04414 1
gene 1 17 41 -2.41192 0 81 -2.41192 1
gene 1 17 42 -4.55714 0 82 -4.55714 1
gene 1 17 43 0.638906 0 83 0.638906 1
gene 1 17 44 -0.0762555 0 84 -0.0762555 1
gene 1 17 45 -5 0 85 -5 1
gene 1 18 41 -3.52661 0 86 -3.52661 1
gene 1 18 42 -0.654881 0 87 -0.654881 1
gene 1 18 43 1.04714 0 88 1.04714 1
gene 1 18 44 -1.43074 0 89 -1.43074 1
gene 1 18 45 -0.446238 0 90 -0.446238 1
gene 1 19 41 -5 0 91 -5 1
gene 1 19 42 -5 0 92 -5 1
gene 1 19 43 -3.80038 0 93 -3.80038 1
gene 1 19 44 2.4551 0 94 2.4551 1
gene 1 19 45 -1.22065 0 95 -1.22065 1
gene 1 20 41 2.10843 0 96 2.10843 1
gene 1 20 42 0.887276 0 97 0.887276 1
gene 1 20 43 -0.0490231 0 98 -0.0490231 1
gene 1 20 44 1.26164 0 99 1.26164 1
gene 1 20 45 -1.06191 0 100 -1.06191 1
gene 1 21 41 -1.06566 0 101 -1.06566 1
gene 1 21 42 0.554067 0 102 0.554067 1
gene 1 21 43 2.10209 0 103 2.10209 1
gene 1 21 44 -1.1675 0 104 -1.1675 1
gene 1 21 45 -4.08037 0 105 -4.08037 1
gene 1 22 41 0.122914 0 106 0.122914 1
gene 1 22 42 0.773392 0 107 0.773392 1
gene 1 22 43 1.54616 0 108 1.54616 1
gene 1 22 44 -1.45501 0 109 -1.45501 1
gene 1 22 45 0.725992 0 110 0.725992 1
gene 1 23 41 -1.73882 0 111 -1.73882 1
gene 1 23 42 -0.381817 0 112 -0.381817 1
gene 1 23 43 -0.83941 0 113 -0.83941 1
gene 1 23 44 0.677982 0 114 0.677982 1
gene 1 23 45 -3.86307 0 115 -3.86307 1
gene 1 24 41 1.20297 0 116 1.20297 1
gene 1 24 42 -1.98895 0 117 -1.98895 1
gene 1 24 43 1.61104 0 118 1.61104 1
gene 1 24 44 -0.465172 0 119 -0.465172 1
gene 1 24 45 -1.05871 0 120 -1.05871 1
gene 1 25 41 -4.65313 0 121 -4.65313 1
gene 1 25 42 0.809748 0 122 0.809748 1
gene 1 25 43 1.15757 0 123 1.15757 1
gene 1 25 44 -3.53898 0 124 -3.53898 1
gene 1 25 45 0.802293 0 125 0.802293 1
gene 1 26 41 0.22872 0 126 0.22872 1
gene 1 26 42 -3.49832 0 127 -3.49832 1
gene 1 26 43 0.246521 0 128 0.246521 1
gene 1 26 44 1.35915 0 129 1.35915 1
gene 1 26 45 -1.4186 0 130 -1.4186 1
gene 1 27 41 -3.17175 0 131 -3.17175 1
gene 1 27 42 3.97374 0 132 3.97374 1
gene 1 27 43 -1.23838 0 133 -1.23838 1
gene 1 27 44 3.66868 0 134 3.66868 1
gene 1 27 45 -2.88982 0 135 -2.88982 1
gene 1 28 41 2.11542 0 136 2.11542 1
gene 1 28 42 -0.311973 0 137 -0.311973 1
gene 1 28 43 0.397557 0 138 0.397557 1
gene 1 28 44 5 0 139 5 1
gene 1 28 45 -4.12556 0 140 -4.12556 1
gene 1 29 41 0.0285133 0 141 0.0285133 1
gene 1 29 42 -0.0756495 0 142 -0.0756495 1
gene 1 29 43 4.04551 0 143 4.04551 1
gene 1 29 44 4.29754 0 144 4.29754 1
gene 1 29 45 -1.12982 0 145 -1.12982 1
gene 1 30 41 3.94483 0 146 3.94483 1
gene 1 30 42 -4.20067 0 147 -4.20067 1
gene 1 30 43 -5 0 148 -5 1
gene 1 30 44 2.1684 0 149 2.1684 1
gene 1 30 45 -0.0473828 0 150 -0.0473828 1
gene 1 31 41 3.13775 0 151 3.13775 1
gene 1 31 42 1.47565 0 152 1.47565 1
gene 1 31 43 0.56382 0 153 0.56382 1
gene 1 31 44 2.92617 0 154 2.92617 1
gene 1 31 45 2.50565 0 155 2.50565 1
gene 1 32 41 0.24173 0 156 0.24173 1
gene 1 32 42 -0.872895 0 157 -0.872895 1
gene 1 32 43 0.758119 0 158 0.758119 1
gene 1 32 44 -1.32335 0 159 -1.32335 1
gene 1 32 45 -2.4693 0 160 -2.4693 1
gene 1 33 41 -0.165483 0 161 -0.165483 1
gene 1 33 42 -0.587781 0 162 -0.587781 1
gene 1 33 43 -2.47547 0 163 -2.47547 1
gene 1 33 44 1.67099 0 164 1.67099 1
gene 1 33 45 -0.988646 0 165 -0.988646 1
gene 1 34 41 -0.265075 0 166 -0.265075 1
gene 1 34 42 1.65394 0 167 1.65394 1
gene 1 34 43 0.137284 0 168 0.137284 1
gene 1 34 44 0.0373413 0 169 0.0373413 1
gene 1 34 45 -0.260839 0 170 -0.260839 1
gene 1 35 41 0.98599 0 171 0.98599 1
gene 1 35 42 0.784063 0 172 0.784063 1
gene 1 35 43 -0.249496 0 173 -0.249496 1
gene 1 35 44 0.0719435 0 174 0.0719435 1
gene 1 35 45 0.829355 0 175 0.829355 1
gene 1 36 41 0.123944 0 176 0.123944 1
gene 1 36 42 -0.508843 0 177 -0.508843 1
gene 1 36 43 -0.880943 0 178 -0.880943 1
gene 1 36 44 0.60564 0 179 0.60564 1
gene 1 36 45 -0.640133 0 180 -0.640133 1
gene 1 37 41 2.12153 0 181 2.12153 1
gene 1 37 42 -0.153614 0 182 -0.153614 1
gene 1 37 43 -2.46333 0 183 -2.46333 1
gene 1 37 44 -0.0828228 0 184 -0.0828228 1
gene 1 37 45 -0.230421 0 185 -0.230421 1
gene 1 38 41 -1.27458 0 186 -1.27458 1
gene 1 38 42 -0.913796 0 187 -0.913796 1
gene 1 38 43 2.11674 0 188 2.11674 1
gene 1 38 44 -0.373643 0 189 -0.373643 1
gene 1 38 45 -1.9529 0 190 -1.9529 1
gene 1 39 41 0.893283 0 191 0.893283 1
gene 1 39 42 -0.351168 0 192 -0.351168 1
gene 1 39 43 0.766739 0 193 0.766739 1
gene 1 39 44 -1.00158 0 194 -1.00158 1
gene 1 39 45 -0.510137 0 195 -0.510137 1
gene 1 40 41 -2.43375 0 196 -2.43375 1
gene 1 40 42 -1.73737 0 197 -1.73737 1
gene 1 40 43 0.32443 0 198 0.32443 1
gene 1 40 44 0.175728 0 199 0.175728 1
gene 1 40 45 1.7987 0 200 1.7987 1
genomeend 5


