/* Organism #4 Fitness: 20335.378000 Time: 0 */
genomestart 4
trait 1 0.000000 0.000000 0.000000 0.000000 0.033582 0.000000 0.000000 0.973289 
node 1 1 1 1
node 2 1 1 1
node 3 1 1 1
node 4 1 1 1
node 5 1 1 1
node 6 1 1 1
node 7 1 1 1
node 8 1 1 1
node 9 1 1 1
node 10 1 1 1
node 11 1 1 1
node 12 1 1 1
node 13 1 1 1
node 14 1 1 1
node 15 1 1 1
node 16 1 1 1
node 17 1 1 1
node 18 1 1 1
node 19 1 1 1
node 20 1 1 1
node 21 1 1 1
node 22 1 1 1
node 23 1 1 1
node 24 1 1 1
node 25 1 1 1
node 26 1 1 1
node 27 1 1 1
node 28 1 1 1
node 29 1 1 1
node 30 1 1 1
node 31 1 1 1
node 32 1 1 1
node 33 1 1 1
node 34 1 1 1
node 35 1 1 1
node 36 1 1 1
node 37 1 1 1
node 38 1 1 1
node 39 1 1 1
node 40 1 1 3
node 41 1 0 2
node 42 1 0 2
node 43 1 0 2
node 44 1 0 2
node 45 1 0 2
gene 1 1 41 -0.203582 0 1 -0.203582 1
gene 1 1 42 0.734613 0 2 0.734613 1
gene 1 1 43 0.741102 0 3 0.741102 1
gene 1 1 44 0.0544757 0 4 0.0544757 1
gene 1 1 45 0.894942 0 5 0.894942 1
gene 1 2 41 -1.46858 0 6 -1.46858 1
gene 1 2 42 -1.70257 0 7 -1.70257 1
gene 1 2 43 -0.635828 0 8 -0.635828 1
gene 1 2 44 -2.04128 0 9 -2.04128 1
gene 1 2 45 -0.811801 0 10 -0.811801 1
gene 1 3 41 0.155335 0 11 0.155335 1
gene 1 3 42 -1.85656 0 12 -1.85656 1
gene 1 3 43 0.829306 0 13 0.829306 1
gene 1 3 44 -0.747198 0 14 -0.747198 1
gene 1 3 45 -0.624991 0 15 -0.624991 1
gene 1 4 41 -0.403499 0 16 -0.403499 1
gene 1 4 42 -1.90144 0 17 -1.90144 1
gene 1 4 43 -0.596008 0 18 -0.596008 1
gene 1 4 44 -1.20279 0 19 -1.20279 1
gene 1 4 45 -1.34593 0 20 -1.34593 1
gene 1 5 41 1.62228 0 21 1.62228 1
gene 1 5 42 -2.76217 0 22 -2.76217 1
gene 1 5 43 2.19411 0 23 2.19411 1
gene 1 5 44 0.302141 0 24 0.302141 1
gene 1 5 45 -1.84043 0 25 -1.84043 1
gene 1 6 41 -0.510349 0 26 -0.510349 1
gene 1 6 42 -1.85757 0 27 -1.85757 1
gene 1 6 43 -3.40462 0 28 -3.40462 1
gene 1 6 44 -1.11636 0 29 -1.11636 1
gene 1 6 45 -2.06451 0 30 -2.06451 1
gene 1 7 41 -2.86853 0 31 -2.86853 1
gene 1 7 42 1.89845 0 32 1.89845 1
gene 1 7 43 -2.18306 0 33 -2.18306 1
gene 1 7 44 -1.16046 0 34 -1.16046 1
gene 1 7 45 -0.777109 0 35 -0.777109 1
gene 1 8 41 -0.0348678 0 36 -0.0348678 1
gene 1 8 42 0.0497052 0 37 0.0497052 1
gene 1 8 43 -4.11479 0 38 -4.11479 1
gene 1 8 44 -1.99491 0 39 -1.99491 1
gene 1 8 45 3.33151 0 40 3.33151 1
gene 1 9 41 -1.36407 0 41 -1.36407 1
gene 1 9 42 1.08354 0 42 1.08354 1
gene 1 9 43 0.958765 0 43 0.958765 1
gene 1 9 44 -0.336297 0 44 -0.336297 1
gene 1 9 45 0.793568 0 45 0.793568 1
gene 1 10 41 2.4956 0 46 2.4956 1
gene 1 10 42 -0.0623963 0 47 -0.0623963 1
gene 1 10 43 -1.00996 0 48 -1.00996 1
gene 1 10 44 -1.42924 0 49 -1.42924 1
gene 1 10 45 -2.58693 0 50 -2.58693 1
gene 1 11 41 -0.0121084 0 51 -0.0121084 1
gene 1 11 42 -2.53253 0 52 -2.53253 1
gene 1 11 43 1.39216 0 53 1.39216 1
gene 1 11 44 -2.28165 0 54 -2.28165 1
gene 1 11 45 0.348884 0 55 0.348884 1
gene 1 12 41 -2.59182 0 56 -2.59182 1
gene 1 12 42 1.37736 0 57 1.37736 1
gene 1 12 43 0.479019 0 58 0.479019 1
gene 1 12 44 -1.0489 0 59 -1.0489 1
gene 1 12 45 0.446314 0 60 0.446314 1
gene 1 13 41 -0.103371 0 61 -0.103371 1
gene 1 13 42 1.58984 0 62 1.58984 1
gene 1 13 43 0.122399 0 63 0.122399 1
gene 1 13 44 1.86265 0 64 1.86265 1
gene 1 13 45 -0.867378 0 65 -0.867378 1
gene 1 14 41 -4.29054 0 66 -4.29054 1
gene 1 14 42 0.244826 0 67 0.244826 1
gene 1 14 43 3.27049 0 68 3.27049 1
gene 1 14 44 -1.19423 0 69 -1.19423 1
gene 1 14 45 -0.284429 0 70 -0.284429 1
gene 1 15 41 -2.50181 0 71 -2.50181 1
gene 1 15 42 -0.616015 0 72 -0.616015 1
gene 1 15 43 -1.23781 0 73 -1.23781 1
gene 1 15 44 1.9569 0 74 1.9569 1
gene 1 15 45 1.47958 0 75 1.47958 1
gene 1 16 41 0.26947 0 76 0.26947 1
gene 1 16 42 1.73749 0 77 1.73749 1
gene 1 16 43 0.0791598 0 78 0.0791598 1
gene 1 16 44 0.239998 0 79 0.239998 1
gene 1 16 45 -3.42015 0 80 -3.42015 1
gene 1 17 41 -0.187214 0 81 -0.187214 1
gene 1 17 42 1.53263 0 82 1.53263 1
gene 1 17 43 1.18489 0 83 1.18489 1
gene 1 17 44 0.537166 0 84 0.537166 1
gene 1 17 45 0.775524 0 85 0.775524 1
gene 1 18 41 -0.886615 0 86 -0.886615 1
gene 1 18 42 0.489085 0 87 0.489085 1
gene 1 18 43 1.76978 0 88 1.76978 1
gene 1 18 44 0.203681 0 89 0.203681 1
gene 1 18 45 0.821402 0 90 0.821402 1
gene 1 19 41 0.656387 0 91 0.656387 1
gene 1 19 42 -3.52871 0 92 -3.52871 1
gene 1 19 43 2.01591 0 93 2.01591 1
gene 1 19 44 -1.63017 0 94 -1.63017 1
gene 1 19 45 -0.260286 0 95 -0.260286 1
gene 1 20 41 4.46288 0 96 4.46288 1
gene 1 20 42 -0.590134 0 97 -0.590134 1
gene 1 20 43 0.87443 0 98 0.87443 1
gene 1 20 44 1.16635 0 99 1.16635 1
gene 1 20 45 1.56699 0 100 1.56699 1
gene 1 21 41 -4.03684 0 101 -4.03684 1
gene 1 21 42 -3.09751 0 102 -3.09751 1
gene 1 21 43 0.287844 0 103 0.287844 1
gene 1 21 44 -1.08076 0 104 -1.08076 1
gene 1 21 45 0.0601721 0 105 0.0601721 1
gene 1 22 41 -4.12973 0 106 -4.12973 1
gene 1 22 42 -0.30552 0 107 -0.30552 1
gene 1 22 43 -0.0818747 0 108 -0.0818747 1
gene 1 22 44 0.576578 0 109 0.576578 1
gene 1 22 45 -0.190593 0 110 -0.190593 1
gene 1 23 41 -4.20782 0 111 -4.20782 1
gene 1 23 42 1.13685 0 112 1.13685 1
gene 1 23 43 0.26302 0 113 0.26302 1
gene 1 23 44 1.14186 0 114 1.14186 1
gene 1 23 45 -0.579447 0 115 -0.579447 1
gene 1 24 41 -0.11181 0 116 -0.11181 1
gene 1 24 42 1.78184 0 117 1.78184 1
gene 1 24 43 2.63053 0 118 2.63053 1
gene 1 24 44 -2.60268 0 119 -2.60268 1
gene 1 24 45 -1.14751 0 120 -1.14751 1
gene 1 25 41 -1.15465 0 121 -1.15465 1
gene 1 25 42 1.42367 0 122 1.42367 1
gene 1 25 43 -0.174317 0 123 -0.174317 1
gene 1 25 44 0.284117 0 124 0.284117 1
gene 1 25 45 -1.1195 0 125 -1.1195 1
gene 1 26 41 1.32546 0 126 1.32546 1
gene 1 26 42 0.847768 0 127 0.847768 1
gene 1 26 43 0.277437 0 128 0.277437 1
gene 1 26 44 -1.32403 0 129 -1.32403 1
gene 1 26 45 0.661199 0 130 0.661199 1
gene 1 27 41 2.72209 0 131 2.72209 1
gene 1 27 42 -2.66169 0 132 -2.66169 1
gene 1 27 43 -0.73687 0 133 -0.73687 1
gene 1 27 44 0.628453 0 134 0.628453 1
gene 1 27 45 0.99392 0 135 0.99392 1
gene 1 28 41 1.3704 0 136 1.3704 1
gene 1 28 42 1.27614 0 137 1.27614 1
gene 1 28 43 -0.205038 0 138 -0.205038 1
gene 1 28 44 0.45511 0 139 0.45511 1
gene 1 28 45 0.71964 0 140 0.71964 1
gene 1 29 41 -1.23909 0 141 -1.23909 1
gene 1 29 42 -0.494824 0 142 -0.494824 1
gene 1 29 43 3.97906 0 143 3.97906 1
gene 1 29 44 0.803916 0 144 0.803916 1
gene 1 29 45 -1.645 0 145 -1.645 1
gene 1 30 41 2.76167 0 146 2.76167 1
gene 1 30 42 -1.00409 0 147 -1.00409 1
gene 1 30 43 -2.02401 0 148 -2.02401 1
gene 1 30 44 0.137386 0 149 0.137386 1
gene 1 30 45 2.01437 0 150 2.01437 1
gene 1 31 41 -0.548014 0 151 -0.548014 1
gene 1 31 42 3.01127 0 152 3.01127 1
gene 1 31 43 -0.956211 0 153 -0.956211 1
gene 1 31 44 -1.60801 0 154 -1.60801 1
gene 1 31 45 -1.71388 0 155 -1.71388 1
gene 1 32 41 3.42441 0 156 3.42441 1
gene 1 32 42 -1.16469 0 157 -1.16469 1
gene 1 32 43 0.261351 0 158 0.261351 1
gene 1 32 44 1.39685 0 159 1.39685 1
gene 1 32 45 2.16541 0 160 2.16541 1
gene 1 33 41 2.35279 0 161 2.35279 1
gene 1 33 42 -0.202595 0 162 -0.202595 1
gene 1 33 43 -0.736026 0 163 -0.736026 1
gene 1 33 44 0.836259 0 164 0.836259 1
gene 1 33 45 0.484986 0 165 0.484986 1
gene 1 34 41 0.428161 0 166 0.428161 1
gene 1 34 42 0.0227316 0 167 0.0227316 1
gene 1 34 43 0.53809 0 168 0.53809 1
gene 1 34 44 0.382063 0 169 0.382063 1
gene 1 34 45 0.927136 0 170 0.927136 1
gene 1 35 41 0.626753 0 171 0.626753 1
gene 1 35 42 -0.137544 0 172 -0.137544 1
gene 1 35 43 0.387267 0 173 0.387267 1
gene 1 35 44 1.14901 0 174 1.14901 1
gene 1 35 45 -0.179984 0 175 -0.179984 1
gene 1 36 41 -0.675099 0 176 -0.675099 1
gene 1 36 42 -0.876752 0 177 -0.876752 1
gene 1 36 43 -2.44153 0 178 -2.44153 1
gene 1 36 44 0.863221 0 179 0.863221 1
gene 1 36 45 -1.44305 0 180 -1.44305 1
gene 1 37 41 -0.494532 0 181 -0.494532 1
gene 1 37 42 0.270052 0 182 0.270052 1
gene 1 37 43 -0.328782 0 183 -0.328782 1
gene 1 37 44 -1.76305 0 184 -1.76305 1
gene 1 37 45 -2.36489 0 185 -2.36489 1
gene 1 38 41 2.00009 0 186 2.00009 1
gene 1 38 42 -0.236095 0 187 -0.236095 1
gene 1 38 43 0.319265 0 188 0.319265 1
gene 1 38 44 0.549001 0 189 0.549001 1
gene 1 38 45 -0.165536 0 190 -0.165536 1
gene 1 39 41 0.27505 0 191 0.27505 1
gene 1 39 42 0.32412 0 192 0.32412 1
gene 1 39 43 -1.31669 0 193 -1.31669 1
gene 1 39 44 -0.834605 0 194 -0.834605 1
gene 1 39 45 0.379194 0 195 0.379194 1
gene 1 40 41 -4.93173 0 196 -4.93173 1
gene 1 40 42 -2.52824 0 197 -2.52824 1
gene 1 40 43 0.058631 0 198 0.058631 1
gene 1 40 44 -0.853251 0 199 -0.853251 1
gene 1 40 45 -0.34803 0 200 -0.34803 1
genomeend 4


