/* Organism #1 Fitness: 19769.198000 Time: 0 */
genomestart 1
trait 1 0.000000 0.000000 0.525077 0.000000 0.599901 0.016197 0.832128 0.309587 
node 1 1 1 1
node 2 1 1 1
node 3 1 1 1
node 4 1 1 1
node 5 1 1 1
node 6 1 1 1
node 7 1 1 1
node 8 1 1 1
node 9 1 1 1
node 10 1 1 1
node 11 1 1 1
node 12 1 1 1
node 13 1 1 1
node 14 1 1 1
node 15 1 1 1
node 16 1 1 1
node 17 1 1 1
node 18 1 1 1
node 19 1 1 1
node 20 1 1 1
node 21 1 1 1
node 22 1 1 1
node 23 1 1 1
node 24 1 1 1
node 25 1 1 1
node 26 1 1 1
node 27 1 1 1
node 28 1 1 1
node 29 1 1 1
node 30 1 1 1
node 31 1 1 1
node 32 1 1 1
node 33 1 1 1
node 34 1 1 1
node 35 1 1 1
node 36 1 1 1
node 37 1 1 1
node 38 1 1 1
node 39 1 1 1
node 40 1 1 3
node 41 1 0 2
node 42 1 0 2
node 43 1 0 2
node 44 1 0 2
node 45 1 0 2
gene 1 1 41 -0.0320622 0 1 -0.0320622 1
gene 1 1 42 1.79018 0 2 1.79018 1
gene 1 1 43 -2.87574 0 3 -2.87574 1
gene 1 1 44 2.09536 0 4 2.09536 1
gene 1 1 45 3.95647 0 5 3.95647 1
gene 1 2 41 0.625027 0 6 0.625027 1
gene 1 2 42 -1.19363 0 7 -1.19363 1
gene 1 2 43 0.279804 0 8 0.279804 1
gene 1 2 44 -1.6259 0 9 -1.6259 1
gene 1 2 45 -1.6975 0 10 -1.6975 1
gene 1 3 41 1.38161 0 11 1.38161 1
gene 1 3 42 -1.31033 0 12 -1.31033 1
gene 1 3 43 0.22795 0 13 0.22795 1
gene 1 3 44 -0.650138 0 14 -0.650138 1
gene 1 3 45 2.02909 0 15 2.02909 1
gene 1 4 41 -5 0 16 -5 1
gene 1 4 42 -0.351744 0 17 -0.351744 1
gene 1 4 43 -3.35469 0 18 -3.35469 1
gene 1 4 44 3.39562 0 19 3.39562 1
gene 1 4 45 0.0748976 0 20 0.0748976 1
gene 1 5 41 -1.62238 0 21 -1.62238 1
gene 1 5 42 -0.492865 0 22 -0.492865 1
gene 1 5 43 -1.17226 0 23 -1.17226 1
gene 1 5 44 -1.29136 0 24 -1.29136 1
gene 1 5 45 0.356861 0 25 0.356861 1
gene 1 6 41 -2.48265 0 26 -2.48265 1
gene 1 6 42 -0.835293 0 27 -0.835293 1
gene 1 6 43 -5 0 28 -5 1
gene 1 6 44 -1.44115 0 29 -1.44115 1
gene 1 6 45 -0.887141 0 30 -0.887141 1
gene 1 7 41 -4.71772 0 31 -4.71772 1
gene 1 7 42 -1.92406 0 32 -1.92406 1
gene 1 7 43 -0.396563 0 33 -0.396563 1
gene 1 7 44 3.03374 0 34 3.03374 1
gene 1 7 45 -0.47868 0 35 -0.47868 1
gene 1 8 41 -1.60833 0 36 -1.60833 1
gene 1 8 42 -2.49745 0 37 -2.49745 1
gene 1 8 43 -5 0 38 -5 1
gene 1 8 44 -2.02279 0 39 -2.02279 1
gene 1 8 45 0.645969 0 40 0.645969 1
gene 1 9 41 4.8463 0 41 4.8463 1
gene 1 9 42 -1.09092 0 42 -1.09092 1
gene 1 9 43 2.41414 0 43 2.41414 1
gene 1 9 44 0.756232 0 44 0.756232 1
gene 1 9 45 4.21096 0 45 4.21096 1
gene 1 10 41 -0.262919 0 46 -0.262919 1
gene 1 10 42 4.41344 0 47 4.41344 1
gene 1 10 43 0.710672 0 48 0.710672 1
gene 1 10 44 0.258077 0 49 0.258077 1
gene 1 10 45 -3.72194 0 50 -3.72194 1
gene 1 11 41 -2.86388 0 51 -2.86388 1
gene 1 11 42 -0.552192 0 52 -0.552192 1
gene 1 11 43 -1.68113 0 53 -1.68113 1
gene 1 11 44 5 0 54 5 1
gene 1 11 45 -0.0967354 0 55 -0.0967354 1
gene 1 12 41 -0.977026 0 56 -0.977026 1
gene 1 12 42 -0.318157 0 57 -0.318157 1
gene 1 12 43 -3.46034 0 58 -3.46034 1
gene 1 12 44 1.44297 0 59 1.44297 1
gene 1 12 45 -2.28561 0 60 -2.28561 1
gene 1 13 41 -5 0 61 -5 1
gene 1 13 42 3.55457 0 62 3.55457 1
gene 1 13 43 1.01021 0 63 1.01021 1
gene 1 13 44 2.70853 0 64 2.70853 1
gene 1 13 45 0.0761426 0 65 0.0761426 1
gene 1 14 41 -1.48245 0 66 -1.48245 1
gene 1 14 42 3.01763 0 67 3.01763 1
gene 1 14 43 -0.554068 0 68 -0.554068 1
gene 1 14 44 -0.401355 0 69 -0.401355 1
gene 1 14 45 -1.1121 0 70 -1.1121 1
gene 1 15 41 -1.04722 0 71 -1.04722 1
gene 1 15 42 -2.2045 0 72 -2.2045 1
gene 1 15 43 3.48941 0 73 3.48941 1
gene 1 15 44 0.57123 0 74 0.57123 1
gene 1 15 45 -3.05517 0 75 -3.05517 1
gene 1 16 41 -0.861284 0 76 -0.861284 1
gene 1 16 42 -3.6212 0 77 -3.6212 1
gene 1 16 43 3.80124 0 78 3.80124 1
gene 1 16 44 -0.638379 0 79 -0.638379 1
gene 1 16 45 -0.832522 0 80 -0.832522 1
gene 1 17 41 -3.78702 0 81 -3.78702 1
gene 1 17 42 1.06699 0 82 1.06699 1
gene 1 17 43 -1.94133 0 83 -1.94133 1
gene 1 17 44 0.0504595 0 84 0.0504595 1
gene 1 17 45 -1.32424 0 85 -1.32424 1
gene 1 18 41 -3.26109 0 86 -3.26109 1
gene 1 18 42 -1.84013 0 87 -1.84013 1
gene 1 18 43 4.36816 0 88 4.36816 1
gene 1 18 44 0.615499 0 89 0.615499 1
gene 1 18 45 -0.217534 0 90 -0.217534 1
gene 1 19 41 -0.0169928 0 91 -0.0169928 1
gene 1 19 42 -4.58749 0 92 -4.58749 1
gene 1 19 43 -0.317507 0 93 -0.317507 1
gene 1 19 44 0.501959 0 94 0.501959 1
gene 1 19 45 -0.780429 0 95 -0.780429 1
gene 1 20 41 1.74885 0 96 1.74885 1
gene 1 20 42 3.70222 0 97 3.70222 1
gene 1 20 43 1.06008 0 98 1.06008 1
gene 1 20 44 -5 0 99 -5 1
gene 1 20 45 1.50263 0 100 1.50263 1
gene 1 21 41 1.05823 0 101 1.05823 1
gene 1 21 42 -0.589346 0 102 -0.589346 1
gene 1 21 43 -2.11677 0 103 -2.11677 1
gene 1 21 44 -0.191568 0 104 -0.191568 1
gene 1 21 45 0.825128 0 105 0.825128 1
gene 1 22 41 -1.991 0 106 -1.991 1
gene 1 22 42 -0.00178207 0 107 -0.00178207 1
gene 1 22 43 -0.126531 0 108 -0.126531 1
gene 1 22 44 -1.36779 0 109 -1.36779 1
gene 1 22 45 0.879403 0 110 0.879403 1
gene 1 23 41 -3.94672 0 111 -3.94672 1
gene 1 23 42 -2.81734 0 112 -2.81734 1
gene 1 23 43 0.452451 0 113 0.452451 1
gene 1 23 44 -4.37681 0 114 -4.37681 1
gene 1 23 45 -0.587869 0 115 -0.587869 1
gene 1 24 41 1.00531 0 116 1.00531 1
gene 1 24 42 0.893277 0 117 0.893277 1
gene 1 24 43 0.837672 0 118 0.837672 1
gene 1 24 44 -2.00415 0 119 -2.00415 1
gene 1 24 45 0.0299269 0 120 0.0299269 1
gene 1 25 41 -2.17165 0 121 -2.17165 1
gene 1 25 42 1.512 0 122 1.512 1
gene 1 25 43 -0.0943594 0 123 -0.0943594 1
gene 1 25 44 -3.13166 0 124 -3.13166 1
gene 1 25 45 -5 0 125 -5 1
gene 1 26 41 0.485145 0 126 0.485145 1
gene 1 26 42 1.47415 0 127 1.47415 1
gene 1 26 43 0.0502832 0 128 0.0502832 1
gene 1 26 44 1.03374 0 129 1.03374 1
gene 1 26 45 -0.407602 0 130 -0.407602 1
gene 1 27 41 -0.194659 0 131 -0.194659 1
gene 1 27 42 -0.465059 0 132 -0.465059 1
gene 1 27 43 1.92138 0 133 1.92138 1
gene 1 27 44 0.500388 0 134 0.500388 1
gene 1 27 45 0.222404 0 135 0.222404 1
gene 1 28 41 1.11794 0 136 1.11794 1
gene 1 28 42 -0.171486 0 137 -0.171486 1
gene 1 28 43 0.0545199 0 138 0.0545199 1
gene 1 28 44 -0.647075 0 139 -0.647075 1
gene 1 28 45 0.678567 0 140 0.678567 1
gene 1 29 41 0.963255 0 141 0.963255 1
gene 1 29 42 0.167162 0 142 0.167162 1
gene 1 29 43 -4.49466 0 143 -4.49466 1
gene 1 29 44 1.21568 0 144 1.21568 1
gene 1 29 45 -0.272169 0 145 -0.272169 1
gene 1 30 41 -4.44242 0 146 -4.44242 1
gene 1 30 42 -0.783547 0 147 -0.783547 1
gene 1 30 43 -0.544851 0 148 -0.544851 1
gene 1 30 44 0.545895 0 149 0.545895 1
gene 1 30 45 -2.9354 0 150 -2.9354 1
gene 1 31 41 1.61149 0 151 1.61149 1
gene 1 31 42 -0.487494 0 152 -0.487494 1
gene 1 31 43 -1.82532 0 153 -1.82532 1
gene 1 31 44 -3.26081 0 154 -3.26081 1
gene 1 31 45 1.09954 0 155 1.09954 1
gene 1 32 41 5 0 156 5 1
gene 1 32 42 -0.280648 0 157 -0.280648 1
gene 1 32 43 -1.00538 0 158 -1.00538 1
gene 1 32 44 -3.75129 0 159 -3.75129 1
gene 1 32 45 4.40301 0 160 4.40301 1
gene 1 33 41 -2.62376 0 161 -2.62376 1
gene 1 33 42 -0.984932 0 162 -0.984932 1
gene 1 33 43 0.632854 0 163 0.632854 1
gene 1 33 44 0.0995817 0 164 0.0995817 1
gene 1 33 45 2.05835 0 165 2.05835 1
gene 1 34 41 2.88739 0 166 2.88739 1
gene 1 34 42 0.466619 0 167 0.466619 1
gene 1 34 43 0.623857 0 168 0.623857 1
gene 1 34 44 -2.13898 0 169 -2.13898 1
gene 1 34 45 -0.684307 0 170 -0.684307 1
gene 1 35 41 0.48907 0 171 0.48907 1
gene 1 35 42 -0.199884 0 172 -0.199884 1
gene 1 35 43 1.45394 0 173 1.45394 1
gene 1 35 44 -0.406998 0 174 -0.406998 1
gene 1 35 45 0.26501 0 175 0.26501 1
gene 1 36 41 -0.952518 0 176 -0.952518 1
gene 1 36 42 0.00139326 0 177 0.00139326 1
gene 1 36 43 -0.12561 0 178 -0.12561 1
gene 1 36 44 0.116428 0 179 0.116428 1
gene 1 36 45 1.5165 0 180 1.5165 1
gene 1 37 41 -1.86444 0 181 -1.86444 1
gene 1 37 42 -0.654991 0 182 -0.654991 1
gene 1 37 43 0.664062 0 183 0.664062 1
gene 1 37 44 -0.390976 0 184 -0.390976 1
gene 1 37 45 0.390274 0 185 0.390274 1
gene 1 38 41 1.1957 0 186 1.1957 1
gene 1 38 42 -0.232579 0 187 -0.232579 1
gene 1 38 43 -2.03982 0 188 -2.03982 1
gene 1 38 44 -0.639729 0 189 -0.639729 1
gene 1 38 45 0.77564 0 190 0.77564 1
gene 1 39 41 0.807935 0 191 0.807935 1
gene 1 39 42 -0.461034 0 192 -0.461034 1
gene 1 39 43 0.171457 0 193 0.171457 1
gene 1 39 44 0.268587 0 194 0.268587 1
gene 1 39 45 0.826095 0 195 0.826095 1
gene 1 40 41 0.804906 0 196 0.804906 1
gene 1 40 42 -2.42269 0 197 -2.42269 1
gene 1 40 43 0.0668068 0 198 0.0668068 1
gene 1 40 44 -0.233236 0 199 -0.233236 1
gene 1 40 45 -0.496292 0 200 -0.496292 1
genomeend 1


