/* Organism #1 Fitness: 20172.840000 Time: 0 */
genomestart 1
trait 1 0.100000 0.000000 0.000000 0.000000 0.000000 0.000000 0.000000 0.000000 
node 1 1 1 1
node 2 1 1 1
node 3 1 1 1
node 4 1 1 1
node 5 1 1 1
node 6 1 1 1
node 7 1 1 1
node 8 1 1 1
node 9 1 1 1
node 10 1 1 1
node 11 1 1 1
node 12 1 1 1
node 13 1 1 1
node 14 1 1 1
node 15 1 1 1
node 16 1 1 1
node 17 1 1 1
node 18 1 1 1
node 19 1 1 1
node 20 1 1 1
node 21 1 1 1
node 22 1 1 1
node 23 1 1 1
node 24 1 1 1
node 25 1 1 1
node 26 1 1 1
node 27 1 1 1
node 28 1 1 1
node 29 1 1 1
node 30 1 1 1
node 31 1 1 1
node 32 1 1 1
node 33 1 1 1
node 34 1 1 1
node 35 1 1 1
node 36 1 1 1
node 37 1 1 1
node 38 1 1 1
node 39 1 1 1
node 40 1 1 3
node 41 1 0 2
node 42 1 0 2
node 43 1 0 2
node 44 1 0 2
node 45 1 0 2
gene 1 1 41 -1.49984 0 1 -1.49984 1
gene 1 1 42 -0.311687 0 2 -0.311687 1
gene 1 1 43 -2.21946 0 3 -2.21946 1
gene 1 1 44 5 0 4 5 1
gene 1 1 45 0.695412 0 5 0.695412 1
gene 1 2 41 0.2183 0 6 0.2183 1
gene 1 2 42 1.05755 0 7 1.05755 1
gene 1 2 43 -4.88071 0 8 -4.88071 1
gene 1 2 44 0.781946 0 9 0.781946 1
gene 1 2 45 1.55437 0 10 1.55437 1
gene 1 3 41 1.48458 0 11 1.48458 1
gene 1 3 42 4.12641 0 12 4.12641 1
gene 1 3 43 0.773921 0 13 0.773921 1
gene 1 3 44 -0.651356 0 14 -0.651356 1
gene 1 3 45 1.73686 0 15 1.73686 1
gene 1 4 41 -1.34574 0 16 -1.34574 1
gene 1 4 42 -0.807415 0 17 -0.807415 1
gene 1 4 43 -0.368698 0 18 -0.368698 1
gene 1 4 44 -0.854508 0 19 -0.854508 1
gene 1 4 45 -3.2272 0 20 -3.2272 1
gene 1 5 41 -0.687758 0 21 -0.687758 1
gene 1 5 42 -2.9814 0 22 -2.9814 1
gene 1 5 43 -0.964609 0 23 -0.964609 1
gene 1 5 44 2.44488 0 24 2.44488 1
gene 1 5 45 -3.58327 0 25 -3.58327 1
gene 1 6 41 1.50447 0 26 1.50447 1
gene 1 6 42 -1.46496 0 27 -1.46496 1
gene 1 6 43 -5 0 28 -5 1
gene 1 6 44 -0.926268 0 29 -0.926268 1
gene 1 6 45 2.76226 0 30 2.76226 1
gene 1 7 41 3.18966 0 31 3.18966 1
gene 1 7 42 -0.409046 0 32 -0.409046 1
gene 1 7 43 -0.416115 0 33 -0.416115 1
gene 1 7 44 -4.69522 0 34 -4.69522 1
gene 1 7 45 -2.8118 0 35 -2.8118 1
gene 1 8 41 0.021199 0 36 0.021199 1
gene 1 8 42 0.717421 0 37 0.717421 1
gene 1 8 43 -2.1811 0 38 -2.1811 1
gene 1 8 44 -3.10987 0 39 -3.10987 1
gene 1 8 45 -1.06247 0 40 -1.06247 1
gene 1 9 41 -3.92354 0 41 -3.92354 1
gene 1 9 42 2.91225 0 42 2.91225 1
gene 1 9 43 -3.41241 0 43 -3.41241 1
gene 1 9 44 -0.443201 0 44 -0.443201 1
gene 1 9 45 -1.96531 0 45 -1.96531 1
gene 1 10 41 -2.82681 0 46 -2.82681 1
gene 1 10 42 0.506599 0 47 0.506599 1
gene 1 10 43 2.56865 0 48 2.56865 1
gene 1 10 44 -1.36797 0 49 -1.36797 1
gene 1 10 45 0.666352 0 50 0.666352 1
gene 1 11 41 3.10414 0 51 3.10414 1
gene 1 11 42 0.374483 0 52 0.374483 1
gene 1 11 43 -0.0273166 0 53 -0.0273166 1
gene 1 11 44 3.09404 0 54 3.09404 1
gene 1 11 45 2.53258 0 55 2.53258 1
gene 1 12 41 -5 0 56 -5 1
gene 1 12 42 3.17754 0 57 3.17754 1
gene 1 12 43 0.424452 0 58 0.424452 1
gene 1 12 44 2.40771 0 59 2.40771 1
gene 1 12 45 0.162115 0 60 0.162115 1
gene 1 13 41 -1.55609 0 61 -1.55609 1
gene 1 13 42 -1.55495 0 62 -1.55495 1
gene 1 13 43 3.49567 0 63 3.49567 1
gene 1 13 44 -2.18399 0 64 -2.18399 1
gene 1 13 45 -0.743051 0 65 -0.743051 1
gene 1 14 41 1.35685 0 66 1.35685 1
gene 1 14 42 -0.446 0 67 -0.446 1
gene 1 14 43 -2.62352 0 68 -2.62352 1
gene 1 14 44 -4.27356 0 69 -4.27356 1
gene 1 14 45 0.642964 0 70 0.642964 1
gene 1 15 41 -0.941585 0 71 -0.941585 1
gene 1 15 42 -1.9948 0 72 -1.9948 1
gene 1 15 43 5 0 73 5 1
gene 1 15 44 5 0 74 5 1
gene 1 15 45 -1.02512 0 75 -1.02512 1
gene 1 16 41 -4.24359 0 76 -4.24359 1
gene 1 16 42 2.06835 0 77 2.06835 1
gene 1 16 43 0.271193 0 78 0.271193 1
gene 1 16 44 -1.84379 0 79 -1.84379 1
gene 1 16 45 -2.07405 0 80 -2.07405 1
gene 1 17 41 1.32003 0 81 1.32003 1
gene 1 17 42 0.769332 0 82 0.769332 1
gene 1 17 43 -1.82131 0 83 -1.82131 1
gene 1 17 44 -2.12521 0 84 -2.12521 1
gene 1 17 45 3.50978 0 85 3.50978 1
gene 1 18 41 3.76796 0 86 3.76796 1
gene 1 18 42 -0.576994 0 87 -0.576994 1
gene 1 18 43 2.71514 0 88 2.71514 1
gene 1 18 44 -5 0 89 -5 1
gene 1 18 45 -3.58365 0 90 -3.58365 1
gene 1 19 41 0.67214 0 91 0.67214 1
gene 1 19 42 3.91135 0 92 3.91135 1
gene 1 19 43 0.231774 0 93 0.231774 1
gene 1 19 44 -2.38003 0 94 -2.38003 1
gene 1 19 45 -2.98223 0 95 -2.98223 1
gene 1 20 41 -1.05608 0 96 -1.05608 1
gene 1 20 42 1.86209 0 97 1.86209 1
gene 1 20 43 5 0 98 5 1
gene 1 20 44 2.09608 0 99 2.09608 1
gene 1 20 45 0.50387 0 100 0.50387 1
gene 1 21 41 -0.30664 0 101 -0.30664 1
gene 1 21 42 1.65349 0 102 1.65349 1
gene 1 21 43 -0.618042 0 103 -0.618042 1
gene 1 21 44 -1.42193 0 104 -1.42193 1
gene 1 21 45 1.88063 0 105 1.88063 1
gene 1 22 41 -2.00085 0 106 -2.00085 1
gene 1 22 42 1.80498 0 107 1.80498 1
gene 1 22 43 3.21918 0 108 3.21918 1
gene 1 22 44 1.83365 0 109 1.83365 1
gene 1 22 45 0.366589 0 110 0.366589 1
gene 1 23 41 -0.65379 0 111 -0.65379 1
gene 1 23 42 0.426021 0 112 0.426021 1
gene 1 23 43 2.41254 0 113 2.41254 1
gene 1 23 44 2.22812 0 114 2.22812 1
gene 1 23 45 2.12202 0 115 2.12202 1
gene 1 24 41 -0.411213 0 116 -0.411213 1
gene 1 24 42 -2.41235 0 117 -2.41235 1
gene 1 24 43 2.39565 0 118 2.39565 1
gene 1 24 44 0.908116 0 119 0.908116 1
gene 1 24 45 1.43744 0 120 1.43744 1
gene 1 25 41 -3.47085 0 121 -3.47085 1
gene 1 25 42 1.62784 0 122 1.62784 1
gene 1 25 43 -0.524895 0 123 -0.524895 1
gene 1 25 44 0.00925077 0 124 0.00925077 1
gene 1 25 45 0.528234 0 125 0.528234 1
gene 1 26 41 2.52588 0 126 2.52588 1
gene 1 26 42 4.05867 0 127 4.05867 1
gene 1 26 43 0.14422 0 128 0.14422 1
gene 1 26 44 -1.55222 0 129 -1.55222 1
gene 1 26 45 -2.78758 0 130 -2.78758 1
gene 1 27 41 1.07281 0 131 1.07281 1
gene 1 27 42 -1.04055 0 132 -1.04055 1
gene 1 27 43 -2.91837 0 133 -2.91837 1
gene 1 27 44 -0.750672 0 134 -0.750672 1
gene 1 27 45 -5 0 135 -5 1
gene 1 28 41 -0.400115 0 136 -0.400115 1
gene 1 28 42 -0.164374 0 137 -0.164374 1
gene 1 28 43 3.84716 0 138 3.84716 1
gene 1 28 44 2.16824 0 139 2.16824 1
gene 1 28 45 -0.229599 0 140 -0.229599 1
gene 1 29 41 1.94645 0 141 1.94645 1
gene 1 29 42 -5 0 142 -5 1
gene 1 29 43 -0.328478 0 143 -0.328478 1
gene 1 29 44 0.811756 0 144 0.811756 1
gene 1 29 45 0.357815 0 145 0.357815 1
gene 1 30 41 0.165079 0 146 0.165079 1
gene 1 30 42 1.82425 0 147 1.82425 1
gene 1 30 43 -2.54478 0 148 -2.54478 1
gene 1 30 44 0.343657 0 149 0.343657 1
gene 1 30 45 0.189912 0 150 0.189912 1
gene 1 31 41 2.35088 0 151 2.35088 1
gene 1 31 42 0.463728 0 152 0.463728 1
gene 1 31 43 1.87192 0 153 1.87192 1
gene 1 31 44 -0.989744 0 154 -0.989744 1
gene 1 31 45 3.94448 0 155 3.94448 1
gene 1 32 41 3.18718 0 156 3.18718 1
gene 1 32 42 2.45821 0 157 2.45821 1
gene 1 32 43 0.187201 0 158 0.187201 1
gene 1 32 44 -0.940874 0 159 -0.940874 1
gene 1 32 45 0.741255 0 160 0.741255 1
gene 1 33 41 1.6014 0 161 1.6014 1
gene 1 33 42 0.474069 0 162 0.474069 1
gene 1 33 43 -0.358226 0 163 -0.358226 1
gene 1 33 44 -3.72816 0 164 -3.72816 1
gene 1 33 45 2.19646 0 165 2.19646 1
gene 1 34 41 -0.595554 0 166 -0.595554 1
gene 1 34 42 0.066469 0 167 0.066469 1
gene 1 34 43 -0.0452511 0 168 -0.0452511 1
gene 1 34 44 0.675129 0 169 0.675129 1
gene 1 34 45 0.12254 0 170 0.12254 1
gene 1 35 41 0.449539 0 171 0.449539 1
gene 1 35 42 -1.09873 0 172 -1.09873 1
gene 1 35 43 -0.950807 0 173 -0.950807 1
gene 1 35 44 -0.893397 0 174 -0.893397 1
gene 1 35 45 -0.321129 0 175 -0.321129 1
gene 1 36 41 -2.35443 0 176 -2.35443 1
gene 1 36 42 1.32802 0 177 1.32802 1
gene 1 36 43 0.9171 0 178 0.9171 1
gene 1 36 44 -2.03284 0 179 -2.03284 1
gene 1 36 45 1.0087 0 180 1.0087 1
gene 1 37 41 -0.240264 0 181 -0.240264 1
gene 1 37 42 1.54256 0 182 1.54256 1
gene 1 37 43 -0.668265 0 183 -0.668265 1
gene 1 37 44 -1.64404 0 184 -1.64404 1
gene 1 37 45 -1.32273 0 185 -1.32273 1
gene 1 38 41 1.72961 0 186 1.72961 1
gene 1 38 42 -0.89113 0 187 -0.89113 1
gene 1 38 43 -1.97875 0 188 -1.97875 1
gene 1 38 44 -0.906364 0 189 -0.906364 1
gene 1 38 45 -0.634279 0 190 -0.634279 1
gene 1 39 41 1.1108 0 191 1.1108 1
gene 1 39 42 3.09276 0 192 3.09276 1
gene 1 39 43 0.857202 0 193 0.857202 1
gene 1 39 44 -0.207857 0 194 -0.207857 1
gene 1 39 45 -0.515186 0 195 -0.515186 1
gene 1 40 41 1.86266 0 196 1.86266 1
gene 1 40 42 1.24 0 197 1.24 1
gene 1 40 43 -1.28692 0 198 -1.28692 1
gene 1 40 44 -4.86711 0 199 -4.86711 1
gene 1 40 45 2.6218 0 200 2.6218 1
genomeend 1


