/* Organism #2 Fitness: 20111.420000 Time: 0 */
genomestart 2
trait 1 0.100000 0.000000 0.000000 0.640418 0.392554 0.000000 0.382603 0.269796 
node 1 1 1 1
node 2 1 1 1
node 3 1 1 1
node 4 1 1 1
node 5 1 1 1
node 6 1 1 1
node 7 1 1 1
node 8 1 1 1
node 9 1 1 1
node 10 1 1 1
node 11 1 1 1
node 12 1 1 1
node 13 1 1 1
node 14 1 1 1
node 15 1 1 1
node 16 1 1 1
node 17 1 1 1
node 18 1 1 1
node 19 1 1 1
node 20 1 1 1
node 21 1 1 1
node 22 1 1 1
node 23 1 1 1
node 24 1 1 1
node 25 1 1 1
node 26 1 1 1
node 27 1 1 1
node 28 1 1 1
node 29 1 1 1
node 30 1 1 1
node 31 1 1 1
node 32 1 1 1
node 33 1 1 1
node 34 1 1 1
node 35 1 1 1
node 36 1 1 1
node 37 1 1 1
node 38 1 1 1
node 39 1 1 1
node 40 1 1 3
node 41 1 0 2
node 42 1 0 2
node 43 1 0 2
node 44 1 0 2
node 45 1 0 2
gene 1 1 41 -2.14951 0 1 -2.14951 1
gene 1 1 42 3.84881 0 2 3.84881 1
gene 1 1 43 -4.57476 0 3 -4.57476 1
gene 1 1 44 -4.55182 0 4 -4.55182 1
gene 1 1 45 -0.0813702 0 5 -0.0813702 1
gene 1 2 41 2.08551 0 6 2.08551 1
gene 1 2 42 2.12583 0 7 2.12583 1
gene 1 2 43 -1.6775 0 8 -1.6775 1
gene 1 2 44 4.08394 0 9 4.08394 1
gene 1 2 45 -3.52488 0 10 -3.52488 1
gene 1 3 41 -1.05722 0 11 -1.05722 1
gene 1 3 42 1.76608 0 12 1.76608 1
gene 1 3 43 -0.823116 0 13 -0.823116 1
gene 1 3 44 -1.83915 0 14 -1.83915 1
gene 1 3 45 -1.59792 0 15 -1.59792 1
gene 1 4 41 4.65329 0 16 4.65329 1
gene 1 4 42 -1.75093 0 17 -1.75093 1
gene 1 4 43 -0.559645 0 18 -0.559645 1
gene 1 4 44 -4.91742 0 19 -4.91742 1
gene 1 4 45 -1.08345 0 20 -1.08345 1
gene 1 5 41 2.84231 0 21 2.84231 1
gene 1 5 42 -1.83696 0 22 -1.83696 1
gene 1 5 43 2.0267 0 23 2.0267 1
gene 1 5 44 -2.43703 0 24 -2.43703 1
gene 1 5 45 1.79649 0 25 1.79649 1
gene 1 6 41 3.58842 0 26 3.58842 1
gene 1 6 42 0.589666 0 27 0.589666 1
gene 1 6 43 -2.90466 0 28 -2.90466 1
gene 1 6 44 -0.826085 0 29 -0.826085 1
gene 1 6 45 1.83191 0 30 1.83191 1
gene 1 7 41 1.56823 0 31 1.56823 1
gene 1 7 42 -1.26764 0 32 -1.26764 1
gene 1 7 43 -2.58987 0 33 -2.58987 1
gene 1 7 44 -1.90801 0 34 -1.90801 1
gene 1 7 45 3.02609 0 35 3.02609 1
gene 1 8 41 2.08386 0 36 2.08386 1
gene 1 8 42 2.52565 0 37 2.52565 1
gene 1 8 43 -2.26489 0 38 -2.26489 1
gene 1 8 44 -0.927899 0 39 -0.927899 1
gene 1 8 45 -0.925165 0 40 -0.925165 1
gene 1 9 41 -0.465184 0 41 -0.465184 1
gene 1 9 42 5 0 42 5 1
gene 1 9 43 4.31211 0 43 4.31211 1
gene 1 9 44 -0.417724 0 44 -0.417724 1
gene 1 9 45 5 0 45 5 1
gene 1 10 41 -1.31173 0 46 -1.31173 1
gene 1 10 42 -1.78843 0 47 -1.78843 1
gene 1 10 43 2.93963 0 48 2.93963 1
gene 1 10 44 -1.40563 0 49 -1.40563 1
gene 1 10 45 1.76969 0 50 1.76969 1
gene 1 11 41 -3.28735 0 51 -3.28735 1
gene 1 11 42 -0.076929 0 52 -0.076929 1
gene 1 11 43 -1.00235 0 53 -1.00235 1
gene 1 11 44 -0.924395 0 54 -0.924395 1
gene 1 11 45 0.284434 0 55 0.284434 1
gene 1 12 41 -2.30549 0 56 -2.30549 1
gene 1 12 42 -1.0927 0 57 -1.0927 1
gene 1 12 43 1.73285 0 58 1.73285 1
gene 1 12 44 3.94223 0 59 3.94223 1
gene 1 12 45 0.558434 0 60 0.558434 1
gene 1 13 41 -0.215913 0 61 -0.215913 1
gene 1 13 42 -0.875966 0 62 -0.875966 1
gene 1 13 43 -4.8723 0 63 -4.8723 1
gene 1 13 44 2.72643 0 64 2.72643 1
gene 1 13 45 -2.41196 0 65 -2.41196 1
gene 1 14 41 0.99846 0 66 0.99846 1
gene 1 14 42 -0.238209 0 67 -0.238209 1
gene 1 14 43 -0.643897 0 68 -0.643897 1
gene 1 14 44 -2.1285 0 69 -2.1285 1
gene 1 14 45 -0.218164 0 70 -0.218164 1
gene 1 15 41 0.335652 0 71 0.335652 1
gene 1 15 42 -1.98818 0 72 -1.98818 1
gene 1 15 43 0.357633 0 73 0.357633 1
gene 1 15 44 1.34798 0 74 1.34798 1
gene 1 15 45 2.24528 0 75 2.24528 1
gene 1 16 41 -0.36443 0 76 -0.36443 1
gene 1 16 42 -4.4519 0 77 -4.4519 1
gene 1 16 43 -1.27305 0 78 -1.27305 1
gene 1 16 44 0.791671 0 79 0.791671 1
gene 1 16 45 -5 0 80 -5 1
gene 1 17 41 4.27166 0 81 4.27166 1
gene 1 17 42 -0.453566 0 82 -0.453566 1
gene 1 17 43 -0.260976 0 83 -0.260976 1
gene 1 17 44 -0.0516661 0 84 -0.0516661 1
gene 1 17 45 -2.52348 0 85 -2.52348 1
gene 1 18 41 3.71208 0 86 3.71208 1
gene 1 18 42 0.33033 0 87 0.33033 1
gene 1 18 43 -2.51398 0 88 -2.51398 1
gene 1 18 44 0.951527 0 89 0.951527 1
gene 1 18 45 -4.5205 0 90 -4.5205 1
gene 1 19 41 1.71041 0 91 1.71041 1
gene 1 19 42 4.92116 0 92 4.92116 1
gene 1 19 43 1.50236 0 93 1.50236 1
gene 1 19 44 2.53947 0 94 2.53947 1
gene 1 19 45 -2.87215 0 95 -2.87215 1
gene 1 20 41 2.78202 0 96 2.78202 1
gene 1 20 42 2.74596 0 97 2.74596 1
gene 1 20 43 -0.273864 0 98 -0.273864 1
gene 1 20 44 1.3951 0 99 1.3951 1
gene 1 20 45 0.914258 0 100 0.914258 1
gene 1 21 41 0.871987 0 101 0.871987 1
gene 1 21 42 0.386062 0 102 0.386062 1
gene 1 21 43 -1.82121 0 103 -1.82121 1
gene 1 21 44 -0.352427 0 104 -0.352427 1
gene 1 21 45 -0.278846 0 105 -0.278846 1
gene 1 22 41 0.404297 0 106 0.404297 1
gene 1 22 42 2.26093 0 107 2.26093 1
gene 1 22 43 0.611782 0 108 0.611782 1
gene 1 22 44 -0.316639 0 109 -0.316639 1
gene 1 22 45 -1.14147 0 110 -1.14147 1
gene 1 23 41 1.67945 0 111 1.67945 1
gene 1 23 42 2.51795 0 112 2.51795 1
gene 1 23 43 0.765214 0 113 0.765214 1
gene 1 23 44 -3.88222 0 114 -3.88222 1
gene 1 23 45 -1.83906 0 115 -1.83906 1
gene 1 24 41 -4.11109 0 116 -4.11109 1
gene 1 24 42 -2.19884 0 117 -2.19884 1
gene 1 24 43 -0.551153 0 118 -0.551153 1
gene 1 24 44 1.09896 0 119 1.09896 1
gene 1 24 45 -2.72287 0 120 -2.72287 1
gene 1 25 41 -3.82494 0 121 -3.82494 1
gene 1 25 42 -1.35732 0 122 -1.35732 1
gene 1 25 43 2.59988 0 123 2.59988 1
gene 1 25 44 -0.176683 0 124 -0.176683 1
gene 1 25 45 -0.530446 0 125 -0.530446 1
gene 1 26 41 3.87066 0 126 3.87066 1
gene 1 26 42 2.2059 0 127 2.2059 1
gene 1 26 43 1.55199 0 128 1.55199 1
gene 1 26 44 -0.393748 0 129 -0.393748 1
gene 1 26 45 -4.47814 0 130 -4.47814 1
gene 1 27 41 0.360108 0 131 0.360108 1
gene 1 27 42 -0.52506 0 132 -0.52506 1
gene 1 27 43 -3.46447 0 133 -3.46447 1
gene 1 27 44 1.98865 0 134 1.98865 1
gene 1 27 45 -3.50188 0 135 -3.50188 1
gene 1 28 41 -0.0416386 0 136 -0.0416386 1
gene 1 28 42 -2.07884 0 137 -2.07884 1
gene 1 28 43 -3.92875 0 138 -3.92875 1
gene 1 28 44 0.91017 0 139 0.91017 1
gene 1 28 45 0.745012 0 140 0.745012 1
gene 1 29 41 0.292623 0 141 0.292623 1
gene 1 29 42 -2.82106 0 142 -2.82106 1
gene 1 29 43 -1.77713 0 143 -1.77713 1
gene 1 29 44 1.06718 0 144 1.06718 1
gene 1 29 45 -4.25746 0 145 -4.25746 1
gene 1 30 41 -1.94982 0 146 -1.94982 1
gene 1 30 42 1.7973 0 147 1.7973 1
gene 1 30 43 0.428195 0 148 0.428195 1
gene 1 30 44 1.95046 0 149 1.95046 1
gene 1 30 45 -2.86639 0 150 -2.86639 1
gene 1 31 41 1.84925 0 151 1.84925 1
gene 1 31 42 2.19866 0 152 2.19866 1
gene 1 31 43 -2.04301 0 153 -2.04301 1
gene 1 31 44 -1.02982 0 154 -1.02982 1
gene 1 31 45 0.996431 0 155 0.996431 1
gene 1 32 41 0.383695 0 156 0.383695 1
gene 1 32 42 0.654153 0 157 0.654153 1
gene 1 32 43 -0.441125 0 158 -0.441125 1
gene 1 32 44 -0.373335 0 159 -0.373335 1
gene 1 32 45 5 0 160 5 1
gene 1 33 41 -4.12546 0 161 -4.12546 1
gene 1 33 42 0.116694 0 162 0.116694 1
gene 1 33 43 1.25047 0 163 1.25047 1
gene 1 33 44 -0.522733 0 164 -0.522733 1
gene 1 33 45 0.938364 0 165 0.938364 1
gene 1 34 41 0.877064 0 166 0.877064 1
gene 1 34 42 0.0179653 0 167 0.0179653 1
gene 1 34 43 0.279441 0 168 0.279441 1
gene 1 34 44 -1.34043 0 169 -1.34043 1
gene 1 34 45 0.814373 0 170 0.814373 1
gene 1 35 41 -0.197312 0 171 -0.197312 1
gene 1 35 42 0.745907 0 172 0.745907 1
gene 1 35 43 0.779165 0 173 0.779165 1
gene 1 35 44 -0.805167 0 174 -0.805167 1
gene 1 35 45 -0.0343693 0 175 -0.0343693 1
gene 1 36 41 0.41388 0 176 0.41388 1
gene 1 36 42 -0.706965 0 177 -0.706965 1
gene 1 36 43 1.48705 0 178 1.48705 1
gene 1 36 44 0.904015 0 179 0.904015 1
gene 1 36 45 -0.442339 0 180 -0.442339 1
gene 1 37 41 -0.75126 0 181 -0.75126 1
gene 1 37 42 0.43908 0 182 0.43908 1
gene 1 37 43 1.48142 0 183 1.48142 1
gene 1 37 44 0.515199 0 184 0.515199 1
gene 1 37 45 0.478606 0 185 0.478606 1
gene 1 38 41 0.710662 0 186 0.710662 1
gene 1 38 42 -1.39336 0 187 -1.39336 1
gene 1 38 43 -0.0302224 0 188 -0.0302224 1
gene 1 38 44 -0.652011 0 189 -0.652011 1
gene 1 38 45 0.441064 0 190 0.441064 1
gene 1 39 41 -0.626233 0 191 -0.626233 1
gene 1 39 42 0.996316 0 192 0.996316 1
gene 1 39 43 0.400435 0 193 0.400435 1
gene 1 39 44 -1.04008 0 194 -1.04008 1
gene 1 39 45 -0.564179 0 195 -0.564179 1
gene 1 40 41 2.34961 0 196 2.34961 1
gene 1 40 42 -0.352223 0 197 -0.352223 1
gene 1 40 43 -0.2542 0 198 -0.2542 1
gene 1 40 44 -0.671137 0 199 -0.671137 1
gene 1 40 45 -2.08481 0 200 -2.08481 1
genomeend 2


