/* Organism #6 Fitness: 20254.762000 Time: 0 */
genomestart 6
trait 1 0.000000 0.991179 0.000000 0.000000 0.000000 0.293824 0.000000 0.000000 
node 1 1 1 1
node 2 1 1 1
node 3 1 1 1
node 4 1 1 1
node 5 1 1 1
node 6 1 1 1
node 7 1 1 1
node 8 1 1 1
node 9 1 1 1
node 10 1 1 1
node 11 1 1 1
node 12 1 1 1
node 13 1 1 1
node 14 1 1 1
node 15 1 1 1
node 16 1 1 1
node 17 1 1 1
node 18 1 1 1
node 19 1 1 1
node 20 1 1 1
node 21 1 1 1
node 22 1 1 1
node 23 1 1 1
node 24 1 1 1
node 25 1 1 1
node 26 1 1 1
node 27 1 1 1
node 28 1 1 1
node 29 1 1 1
node 30 1 1 1
node 31 1 1 1
node 32 1 1 1
node 33 1 1 1
node 34 1 1 1
node 35 1 1 1
node 36 1 1 1
node 37 1 1 1
node 38 1 1 1
node 39 1 1 1
node 40 1 1 3
node 41 1 0 2
node 42 1 0 2
node 43 1 0 2
node 44 1 0 2
node 45 1 0 2
gene 1 1 41 -1.09142 0 1 -1.09142 1
gene 1 1 42 -0.462576 0 2 -0.462576 1
gene 1 1 43 0.197319 0 3 0.197319 1
gene 1 1 44 2.2551 0 4 2.2551 1
gene 1 1 45 1.00108 0 5 1.00108 1
gene 1 2 41 -0.669301 0 6 -0.669301 1
gene 1 2 42 -0.700685 0 7 -0.700685 1
gene 1 2 43 0.545776 0 8 0.545776 1
gene 1 2 44 0.706719 0 9 0.706719 1
gene 1 2 45 0.507005 0 10 0.507005 1
gene 1 3 41 -0.161614 0 11 -0.161614 1
gene 1 3 42 -2.02759 0 12 -2.02759 1
gene 1 3 43 -0.360022 0 13 -0.360022 1
gene 1 3 44 1.94973 0 14 1.94973 1
gene 1 3 45 1.1314 0 15 1.1314 1
gene 1 4 41 -0.842096 0 16 -0.842096 1
gene 1 4 42 -0.0559767 0 17 -0.0559767 1
gene 1 4 43 -0.575646 0 18 -0.575646 1
gene 1 4 44 0.0126984 0 19 0.0126984 1
gene 1 4 45 -1.5998 0 20 -1.5998 1
gene 1 5 41 1.7992 0 21 1.7992 1
gene 1 5 42 0.732968 0 22 0.732968 1
gene 1 5 43 -0.870237 0 23 -0.870237 1
gene 1 5 44 -4.76606 0 24 -4.76606 1
gene 1 5 45 0.546958 0 25 0.546958 1
gene 1 6 41 0.047034 0 26 0.047034 1
gene 1 6 42 -0.831727 0 27 -0.831727 1
gene 1 6 43 -1.7225 0 28 -1.7225 1
gene 1 6 44 -0.25512 0 29 -0.25512 1
gene 1 6 45 0.7143 0 30 0.7143 1
gene 1 7 41 -4.89372 0 31 -4.89372 1
gene 1 7 42 -3.43188 0 32 -3.43188 1
gene 1 7 43 -1.03843 0 33 -1.03843 1
gene 1 7 44 -0.613115 0 34 -0.613115 1
gene 1 7 45 -0.449776 0 35 -0.449776 1
gene 1 8 41 -2.0795 0 36 -2.0795 1
gene 1 8 42 0.212249 0 37 0.212249 1
gene 1 8 43 0.113693 0 38 0.113693 1
gene 1 8 44 0.769126 0 39 0.769126 1
gene 1 8 45 -3.69635 0 40 -3.69635 1
gene 1 9 41 -2.69476 0 41 -2.69476 1
gene 1 9 42 1.68827 0 42 1.68827 1
gene 1 9 43 -0.695959 0 43 -0.695959 1
gene 1 9 44 -0.653931 0 44 -0.653931 1
gene 1 9 45 -0.299102 0 45 -0.299102 1
gene 1 10 41 0.734768 0 46 0.734768 1
gene 1 10 42 -1.18685 0 47 -1.18685 1
gene 1 10 43 3.6756 0 48 3.6756 1
gene 1 10 44 1.01862 0 49 1.01862 1
gene 1 10 45 -0.36759 0 50 -0.36759 1
gene 1 11 41 0.600995 0 51 0.600995 1
gene 1 11 42 2.8208 0 52 2.8208 1
gene 1 11 43 0.931875 0 53 0.931875 1
gene 1 11 44 0.67485 0 54 0.67485 1
gene 1 11 45 3.07256 0 55 3.07256 1
gene 1 12 41 0.388465 0 56 0.388465 1
gene 1 12 42 0.0300917 0 57 0.0300917 1
gene 1 12 43 -3.04578 0 58 -3.04578 1
gene 1 12 44 -0.485407 0 59 -0.485407 1
gene 1 12 45 3.32847 0 60 3.32847 1
gene 1 13 41 -2.77598 0 61 -2.77598 1
gene 1 13 42 1.44386 0 62 1.44386 1
gene 1 13 43 0.0257819 0 63 0.0257819 1
gene 1 13 44 -0.73171 0 64 -0.73171 1
gene 1 13 45 0.399085 0 65 0.399085 1
gene 1 14 41 0.185563 0 66 0.185563 1
gene 1 14 42 0.724893 0 67 0.724893 1
gene 1 14 43 0.469473 0 68 0.469473 1
gene 1 14 44 -2.84815 0 69 -2.84815 1
gene 1 14 45 2.97144 0 70 2.97144 1
gene 1 15 41 -1.72642 0 71 -1.72642 1
gene 1 15 42 -0.589592 0 72 -0.589592 1
gene 1 15 43 -0.46895 0 73 -0.46895 1
gene 1 15 44 2.81392 0 74 2.81392 1
gene 1 15 45 0.801702 0 75 0.801702 1
gene 1 16 41 0.118308 0 76 0.118308 1
gene 1 16 42 3.01728 0 77 3.01728 1
gene 1 16 43 -4.12888 0 78 -4.12888 1
gene 1 16 44 0.665113 0 79 0.665113 1
gene 1 16 45 5 0 80 5 1
gene 1 17 41 -0.987494 0 81 -0.987494 1
gene 1 17 42 -1.68457 0 82 -1.68457 1
gene 1 17 43 0.566379 0 83 0.566379 1
gene 1 17 44 -3.15455 0 84 -3.15455 1
gene 1 17 45 -0.866896 0 85 -0.866896 1
gene 1 18 41 1.35166 0 86 1.35166 1
gene 1 18 42 -1.22054 0 87 -1.22054 1
gene 1 18 43 0.877194 0 88 0.877194 1
gene 1 18 44 -2.41623 0 89 -2.41623 1
gene 1 18 45 5 0 90 5 1
gene 1 19 41 -4.45356 0 91 -4.45356 1
gene 1 19 42 0.639383 0 92 0.639383 1
gene 1 19 43 -4.88593 0 93 -4.88593 1
gene 1 19 44 -0.47751 0 94 -0.47751 1
gene 1 19 45 1.7002 0 95 1.7002 1
gene 1 20 41 1.34149 0 96 1.34149 1
gene 1 20 42 -0.569035 0 97 -0.569035 1
gene 1 20 43 2.15704 0 98 2.15704 1
gene 1 20 44 0.67814 0 99 0.67814 1
gene 1 20 45 -3.46992 0 100 -3.46992 1
gene 1 21 41 -1.62347 0 101 -1.62347 1
gene 1 21 42 -2.17252 0 102 -2.17252 1
gene 1 21 43 -4.00027 0 103 -4.00027 1
gene 1 21 44 -3.4096 0 104 -3.4096 1
gene 1 21 45 0.598267 0 105 0.598267 1
gene 1 22 41 3.99476 0 106 3.99476 1
gene 1 22 42 3.0955 0 107 3.0955 1
gene 1 22 43 2.60391 0 108 2.60391 1
gene 1 22 44 0.747925 0 109 0.747925 1
gene 1 22 45 3.43768 0 110 3.43768 1
gene 1 23 41 0.511409 0 111 0.511409 1
gene 1 23 42 2.13673 0 112 2.13673 1
gene 1 23 43 4.06087 0 113 4.06087 1
gene 1 23 44 -0.865758 0 114 -0.865758 1
gene 1 23 45 3.87934 0 115 3.87934 1
gene 1 24 41 1.15976 0 116 1.15976 1
gene 1 24 42 0.066005 0 117 0.066005 1
gene 1 24 43 0.270768 0 118 0.270768 1
gene 1 24 44 0.409092 0 119 0.409092 1
gene 1 24 45 -0.989167 0 120 -0.989167 1
gene 1 25 41 -0.991615 0 121 -0.991615 1
gene 1 25 42 -0.403501 0 122 -0.403501 1
gene 1 25 43 0.712264 0 123 0.712264 1
gene 1 25 44 2.96111 0 124 2.96111 1
gene 1 25 45 3.07861 0 125 3.07861 1
gene 1 26 41 4.16608 0 126 4.16608 1
gene 1 26 42 1.99549 0 127 1.99549 1
gene 1 26 43 -3.65433 0 128 -3.65433 1
gene 1 26 44 -0.971472 0 129 -0.971472 1
gene 1 26 45 -2.79601 0 130 -2.79601 1
gene 1 27 41 1.38553 0 131 1.38553 1
gene 1 27 42 2.22373 0 132 2.22373 1
gene 1 27 43 -0.779783 0 133 -0.779783 1
gene 1 27 44 3.8386 0 134 3.8386 1
gene 1 27 45 1.62891 0 135 1.62891 1
gene 1 28 41 -0.964685 0 136 -0.964685 1
gene 1 28 42 0.581041 0 137 0.581041 1
gene 1 28 43 0.894721 0 138 0.894721 1
gene 1 28 44 0.381011 0 139 0.381011 1
gene 1 28 45 4.39433 0 140 4.39433 1
gene 1 29 41 0.938366 0 141 0.938366 1
gene 1 29 42 0.341849 0 142 0.341849 1
gene 1 29 43 -0.448942 0 143 -0.448942 1
gene 1 29 44 2.16714 0 144 2.16714 1
gene 1 29 45 0.677545 0 145 0.677545 1
gene 1 30 41 4.60319 0 146 4.60319 1
gene 1 30 42 -0.0990809 0 147 -0.0990809 1
gene 1 30 43 2.07698 0 148 2.07698 1
gene 1 30 44 1.27381 0 149 1.27381 1
gene 1 30 45 -0.262391 0 150 -0.262391 1
gene 1 31 41 0.395612 0 151 0.395612 1
gene 1 31 42 -3.90144 0 152 -3.90144 1
gene 1 31 43 -0.385084 0 153 -0.385084 1
gene 1 31 44 3.09386 0 154 3.09386 1
gene 1 31 45 4.1412 0 155 4.1412 1
gene 1 32 41 -0.958065 0 156 -0.958065 1
gene 1 32 42 0.0596252 0 157 0.0596252 1
gene 1 32 43 1.09998 0 158 1.09998 1
gene 1 32 44 1.7767 0 159 1.7767 1
gene 1 32 45 -0.462458 0 160 -0.462458 1
gene 1 33 41 1.71162 0 161 1.71162 1
gene 1 33 42 -0.748757 0 162 -0.748757 1
gene 1 33 43 -1.00121 0 163 -1.00121 1
gene 1 33 44 1.82974 0 164 1.82974 1
gene 1 33 45 3.63458 0 165 3.63458 1
gene 1 34 41 -0.72959 0 166 -0.72959 1
gene 1 34 42 -0.912746 0 167 -0.912746 1
gene 1 34 43 -0.86571 0 168 -0.86571 1
gene 1 34 44 -0.050708 0 169 -0.050708 1
gene 1 34 45 0.0983514 0 170 0.0983514 1
gene 1 35 41 0.328613 0 171 0.328613 1
gene 1 35 42 -1.29783 0 172 -1.29783 1
gene 1 35 43 -1.33563 0 173 -1.33563 1
gene 1 35 44 -0.0761179 0 174 -0.0761179 1
gene 1 35 45 0.829167 0 175 0.829167 1
gene 1 36 41 -1.33215 0 176 -1.33215 1
gene 1 36 42 -0.139837 0 177 -0.139837 1
gene 1 36 43 -2.03049 0 178 -2.03049 1
gene 1 36 44 -0.717003 0 179 -0.717003 1
gene 1 36 45 0.199028 0 180 0.199028 1
gene 1 37 41 0.267844 0 181 0.267844 1
gene 1 37 42 2.03647 0 182 2.03647 1
gene 1 37 43 -0.0855559 0 183 -0.0855559 1
gene 1 37 44 -0.132891 0 184 -0.132891 1
gene 1 37 45 -0.0422822 0 185 -0.0422822 1
gene 1 38 41 0.431205 0 186 0.431205 1
gene 1 38 42 -0.300002 0 187 -0.300002 1
gene 1 38 43 0.389582 0 188 0.389582 1
gene 1 38 44 -0.660868 0 189 -0.660868 1
gene 1 38 45 -1.90106 0 190 -1.90106 1
gene 1 39 41 -0.718497 0 191 -0.718497 1
gene 1 39 42 0.199127 0 192 0.199127 1
gene 1 39 43 1.28266 0 193 1.28266 1
gene 1 39 44 1.62772 0 194 1.62772 1
gene 1 39 45 1.16429 0 195 1.16429 1
gene 1 40 41 -3.43879 0 196 -3.43879 1
gene 1 40 42 -1.49548 0 197 -1.49548 1
gene 1 40 43 -0.61454 0 198 -0.61454 1
gene 1 40 44 -0.952641 0 199 -0.952641 1
gene 1 40 45 1.34155 0 200 1.34155 1
genomeend 6


