/* Organism #15 Fitness: 20045.718000 Time: 0 */
genomestart 15
trait 1 0.929327 0.000000 0.000000 0.727716 0.000000 0.000000 0.000000 0.000000 
node 1 1 1 1
node 2 1 1 1
node 3 1 1 1
node 4 1 1 1
node 5 1 1 1
node 6 1 1 1
node 7 1 1 1
node 8 1 1 1
node 9 1 1 1
node 10 1 1 1
node 11 1 1 1
node 12 1 1 1
node 13 1 1 1
node 14 1 1 1
node 15 1 1 1
node 16 1 1 1
node 17 1 1 1
node 18 1 1 1
node 19 1 1 1
node 20 1 1 1
node 21 1 1 1
node 22 1 1 1
node 23 1 1 1
node 24 1 1 1
node 25 1 1 1
node 26 1 1 1
node 27 1 1 1
node 28 1 1 1
node 29 1 1 1
node 30 1 1 1
node 31 1 1 1
node 32 1 1 1
node 33 1 1 1
node 34 1 1 1
node 35 1 1 1
node 36 1 1 1
node 37 1 1 1
node 38 1 1 1
node 39 1 1 1
node 40 1 1 3
node 41 1 0 2
node 42 1 0 2
node 43 1 0 2
node 44 1 0 2
node 45 1 0 2
gene 1 1 41 0.177836 0 1 0.177836 1
gene 1 1 42 -1.84202 0 2 -1.84202 1
gene 1 1 43 -1.68082 0 3 -1.68082 1
gene 1 1 44 0.61166 0 4 0.61166 1
gene 1 1 45 -2.76613 0 5 -2.76613 1
gene 1 2 41 -2.27004 0 6 -2.27004 1
gene 1 2 42 -2.62729 0 7 -2.62729 1
gene 1 2 43 4.22997 0 8 4.22997 1
gene 1 2 44 0.244695 0 9 0.244695 1
gene 1 2 45 -1.42919 0 10 -1.42919 1
gene 1 3 41 -0.30012 0 11 -0.30012 1
gene 1 3 42 -2.63313 0 12 -2.63313 1
gene 1 3 43 0.246031 0 13 0.246031 1
gene 1 3 44 -2.331 0 14 -2.331 1
gene 1 3 45 -0.561254 0 15 -0.561254 1
gene 1 4 41 -2.68225 0 16 -2.68225 1
gene 1 4 42 1.4479 0 17 1.4479 1
gene 1 4 43 3.75898 0 18 3.75898 1
gene 1 4 44 3.97873 0 19 3.97873 1
gene 1 4 45 0.737684 0 20 0.737684 1
gene 1 5 41 1.51874 0 21 1.51874 1
gene 1 5 42 1.2188 0 22 1.2188 1
gene 1 5 43 -2.50438 0 23 -2.50438 1
gene 1 5 44 0.302631 0 24 0.302631 1
gene 1 5 45 -2.4445 0 25 -2.4445 1
gene 1 6 41 -1.31549 0 26 -1.31549 1
gene 1 6 42 -0.893634 0 27 -0.893634 1
gene 1 6 43 -3.17177 0 28 -3.17177 1
gene 1 6 44 -2.00263 0 29 -2.00263 1
gene 1 6 45 -5 0 30 -5 1
gene 1 7 41 -3.40593 0 31 -3.40593 1
gene 1 7 42 -0.730093 0 32 -0.730093 1
gene 1 7 43 2.12035 0 33 2.12035 1
gene 1 7 44 -0.092704 0 34 -0.092704 1
gene 1 7 45 1.7882 0 35 1.7882 1
gene 1 8 41 -4.25806 0 36 -4.25806 1
gene 1 8 42 1.38607 0 37 1.38607 1
gene 1 8 43 0.236225 0 38 0.236225 1
gene 1 8 44 -2.95114 0 39 -2.95114 1
gene 1 8 45 -1.7491 0 40 -1.7491 1
gene 1 9 41 1.34895 0 41 1.34895 1
gene 1 9 42 -0.655113 0 42 -0.655113 1
gene 1 9 43 1.91267 0 43 1.91267 1
gene 1 9 44 -1.14989 0 44 -1.14989 1
gene 1 9 45 0.839187 0 45 0.839187 1
gene 1 10 41 2.05323 0 46 2.05323 1
gene 1 10 42 0.290923 0 47 0.290923 1
gene 1 10 43 -2.66512 0 48 -2.66512 1
gene 1 10 44 2.8126 0 49 2.8126 1
gene 1 10 45 -2.16627 0 50 -2.16627 1
gene 1 11 41 -0.516266 0 51 -0.516266 1
gene 1 11 42 -0.295476 0 52 -0.295476 1
gene 1 11 43 2.26252 0 53 2.26252 1
gene 1 11 44 2.6558 0 54 2.6558 1
gene 1 11 45 3.53452 0 55 3.53452 1
gene 1 12 41 -2.35343 0 56 -2.35343 1
gene 1 12 42 1.17558 0 57 1.17558 1
gene 1 12 43 4.0733 0 58 4.0733 1
gene 1 12 44 -1.424 0 59 -1.424 1
gene 1 12 45 3.04511 0 60 3.04511 1
gene 1 13 41 -3.87178 0 61 -3.87178 1
gene 1 13 42 0.861203 0 62 0.861203 1
gene 1 13 43 1.9932 0 63 1.9932 1
gene 1 13 44 -2.30125 0 64 -2.30125 1
gene 1 13 45 -1.07407 0 65 -1.07407 1
gene 1 14 41 -3.93049 0 66 -3.93049 1
gene 1 14 42 1.8222 0 67 1.8222 1
gene 1 14 43 -4.72761 0 68 -4.72761 1
gene 1 14 44 -0.115817 0 69 -0.115817 1
gene 1 14 45 0.588338 0 70 0.588338 1
gene 1 15 41 0.196972 0 71 0.196972 1
gene 1 15 42 0.0396137 0 72 0.0396137 1
gene 1 15 43 -0.859323 0 73 -0.859323 1
gene 1 15 44 2.52177 0 74 2.52177 1
gene 1 15 45 1.43143 0 75 1.43143 1
gene 1 16 41 1.83995 0 76 1.83995 1
gene 1 16 42 1.23539 0 77 1.23539 1
gene 1 16 43 0.690577 0 78 0.690577 1
gene 1 16 44 4.39114 0 79 4.39114 1
gene 1 16 45 -2.16467 0 80 -2.16467 1
gene 1 17 41 -0.890994 0 81 -0.890994 1
gene 1 17 42 -3.70723 0 82 -3.70723 1
gene 1 17 43 3.47822 0 83 3.47822 1
gene 1 17 44 0.943589 0 84 0.943589 1
gene 1 17 45 -0.316524 0 85 -0.316524 1
gene 1 18 41 -0.233789 0 86 -0.233789 1
gene 1 18 42 -0.779834 0 87 -0.779834 1
gene 1 18 43 0.780836 0 88 0.780836 1
gene 1 18 44 -0.886647 0 89 -0.886647 1
gene 1 18 45 -1.62056 0 90 -1.62056 1
gene 1 19 41 -3.67484 0 91 -3.67484 1
gene 1 19 42 1.18462 0 92 1.18462 1
gene 1 19 43 3.11396 0 93 3.11396 1
gene 1 19 44 2.62373 0 94 2.62373 1
gene 1 19 45 0.557677 0 95 0.557677 1
gene 1 20 41 0.475354 0 96 0.475354 1
gene 1 20 42 -1.76103 0 97 -1.76103 1
gene 1 20 43 -1.33379 0 98 -1.33379 1
gene 1 20 44 -0.365127 0 99 -0.365127 1
gene 1 20 45 3.28102 0 100 3.28102 1
gene 1 21 41 -1.18355 0 101 -1.18355 1
gene 1 21 42 0.389744 0 102 0.389744 1
gene 1 21 43 -0.324146 0 103 -0.324146 1
gene 1 21 44 -0.8844 0 104 -0.8844 1
gene 1 21 45 2.61954 0 105 2.61954 1
gene 1 22 41 -3.34199 0 106 -3.34199 1
gene 1 22 42 2.8397 0 107 2.8397 1
gene 1 22 43 0.373879 0 108 0.373879 1
gene 1 22 44 2.38417 0 109 2.38417 1
gene 1 22 45 -1.27992 0 110 -1.27992 1
gene 1 23 41 -0.175492 0 111 -0.175492 1
gene 1 23 42 -1.87545 0 112 -1.87545 1
gene 1 23 43 -2.05874 0 113 -2.05874 1
gene 1 23 44 0.135908 0 114 0.135908 1
gene 1 23 45 -3.00073 0 115 -3.00073 1
gene 1 24 41 2.55953 0 116 2.55953 1
gene 1 24 42 -0.840719 0 117 -0.840719 1
gene 1 24 43 -1.14639 0 118 -1.14639 1
gene 1 24 44 0.709439 0 119 0.709439 1
gene 1 24 45 0.844422 0 120 0.844422 1
gene 1 25 41 0.0423952 0 121 0.0423952 1
gene 1 25 42 -1.55796 0 122 -1.55796 1
gene 1 25 43 0.835728 0 123 0.835728 1
gene 1 25 44 -1.89262 0 124 -1.89262 1
gene 1 25 45 -2.90744 0 125 -2.90744 1
gene 1 26 41 4.49357 0 126 4.49357 1
gene 1 26 42 0.103346 0 127 0.103346 1
gene 1 26 43 1.40683 0 128 1.40683 1
gene 1 26 44 1.23965 0 129 1.23965 1
gene 1 26 45 -0.986761 0 130 -0.986761 1
gene 1 27 41 0.506677 0 131 0.506677 1
gene 1 27 42 -2.04849 0 132 -2.04849 1
gene 1 27 43 -0.639838 0 133 -0.639838 1
gene 1 27 44 -4.04544 0 134 -4.04544 1
gene 1 27 45 -5 0 135 -5 1
gene 1 28 41 -2.44562 0 136 -2.44562 1
gene 1 28 42 1.3722 0 137 1.3722 1
gene 1 28 43 1.68159 0 138 1.68159 1
gene 1 28 44 -0.190665 0 139 -0.190665 1
gene 1 28 45 -1.55846 0 140 -1.55846 1
gene 1 29 41 -1.39802 0 141 -1.39802 1
gene 1 29 42 -3.43961 0 142 -3.43961 1
gene 1 29 43 -1.30828 0 143 -1.30828 1
gene 1 29 44 -1.24738 0 144 -1.24738 1
gene 1 29 45 -0.909671 0 145 -0.909671 1
gene 1 30 41 -0.293627 0 146 -0.293627 1
gene 1 30 42 -0.934269 0 147 -0.934269 1
gene 1 30 43 -5 0 148 -5 1
gene 1 30 44 -1.77461 0 149 -1.77461 1
gene 1 30 45 2.2144 0 150 2.2144 1
gene 1 31 41 1.5698 0 151 1.5698 1
gene 1 31 42 2.85452 0 152 2.85452 1
gene 1 31 43 -1.19462 0 153 -1.19462 1
gene 1 31 44 -2.55409 0 154 -2.55409 1
gene 1 31 45 0.718948 0 155 0.718948 1
gene 1 32 41 0.699953 0 156 0.699953 1
gene 1 32 42 1.59348 0 157 1.59348 1
gene 1 32 43 -3.57896 0 158 -3.57896 1
gene 1 32 44 -1.73993 0 159 -1.73993 1
gene 1 32 45 0.504645 0 160 0.504645 1
gene 1 33 41 -3.25112 0 161 -3.25112 1
gene 1 33 42 -0.699173 0 162 -0.699173 1
gene 1 33 43 -1.9206 0 163 -1.9206 1
gene 1 33 44 -0.277753 0 164 -0.277753 1
gene 1 33 45 0.41547 0 165 0.41547 1
gene 1 34 41 0.284192 0 166 0.284192 1
gene 1 34 42 0.0867325 0 167 0.0867325 1
gene 1 34 43 0.732081 0 168 0.732081 1
gene 1 34 44 -1.54929 0 169 -1.54929 1
gene 1 34 45 -0.511023 0 170 -0.511023 1
gene 1 35 41 -0.166305 0 171 -0.166305 1
gene 1 35 42 5 0 172 5 1
gene 1 35 43 -0.401903 0 173 -0.401903 1
gene 1 35 44 2.51069 0 174 2.51069 1
gene 1 35 45 -0.139321 0 175 -0.139321 1
gene 1 36 41 0.207699 0 176 0.207699 1
gene 1 36 42 2.64024 0 177 2.64024 1
gene 1 36 43 3.69124 0 178 3.69124 1
gene 1 36 44 -0.619745 0 179 -0.619745 1
gene 1 36 45 -2.51326 0 180 -2.51326 1
gene 1 37 41 -2.27484 0 181 -2.27484 1
gene 1 37 42 -0.801284 0 182 -0.801284 1
gene 1 37 43 -0.336667 0 183 -0.336667 1
gene 1 37 44 0.577822 0 184 0.577822 1
gene 1 37 45 1.90009 0 185 1.90009 1
gene 1 38 41 1.56717 0 186 1.56717 1
gene 1 38 42 0.295151 0 187 0.295151 1
gene 1 38 43 0.0791863 0 188 0.0791863 1
gene 1 38 44 1.44511 0 189 1.44511 1
gene 1 38 45 -0.593738 0 190 -0.593738 1
gene 1 39 41 0.738692 0 191 0.738692 1
gene 1 39 42 1.0255 0 192 1.0255 1
gene 1 39 43 -0.483363 0 193 -0.483363 1
gene 1 39 44 -0.0701306 0 194 -0.0701306 1
gene 1 39 45 0.102604 0 195 0.102604 1
gene 1 40 41 -4.38665 0 196 -4.38665 1
gene 1 40 42 -3.02172 0 197 -3.02172 1
gene 1 40 43 -2.69816 0 198 -2.69816 1
gene 1 40 44 0.374973 0 199 0.374973 1
gene 1 40 45 -2.86797 0 200 -2.86797 1
genomeend 15


