/* Organism #4 Fitness: 20205.150000 Time: 0 */
genomestart 4
trait 1 0.000000 0.000000 0.254415 0.240895 0.774370 0.000000 0.363086 0.000000 
node 1 1 1 1
node 2 1 1 1
node 3 1 1 1
node 4 1 1 1
node 5 1 1 1
node 6 1 1 1
node 7 1 1 1
node 8 1 1 1
node 9 1 1 1
node 10 1 1 1
node 11 1 1 1
node 12 1 1 1
node 13 1 1 1
node 14 1 1 1
node 15 1 1 1
node 16 1 1 1
node 17 1 1 1
node 18 1 1 1
node 19 1 1 1
node 20 1 1 1
node 21 1 1 1
node 22 1 1 1
node 23 1 1 1
node 24 1 1 1
node 25 1 1 1
node 26 1 1 1
node 27 1 1 1
node 28 1 1 1
node 29 1 1 1
node 30 1 1 1
node 31 1 1 1
node 32 1 1 1
node 33 1 1 1
node 34 1 1 1
node 35 1 1 1
node 36 1 1 1
node 37 1 1 1
node 38 1 1 1
node 39 1 1 1
node 40 1 1 3
node 41 1 0 2
node 42 1 0 2
node 43 1 0 2
node 44 1 0 2
node 45 1 0 2
gene 1 1 41 0.408207 0 1 0.408207 1
gene 1 1 42 -1.20163 0 2 -1.20163 1
gene 1 1 43 -0.128758 0 3 -0.128758 1
gene 1 1 44 0.306034 0 4 0.306034 1
gene 1 1 45 -3.40773 0 5 -3.40773 1
gene 1 2 41 -0.431394 0 6 -0.431394 1
gene 1 2 42 -2.74522 0 7 -2.74522 1
gene 1 2 43 0.810213 0 8 0.810213 1
gene 1 2 44 -0.0125112 0 9 -0.0125112 1
gene 1 2 45 -2.78899 0 10 -2.78899 1
gene 1 3 41 -0.357904 0 11 -0.357904 1
gene 1 3 42 0.295989 0 12 0.295989 1
gene 1 3 43 -1.59824 0 13 -1.59824 1
gene 1 3 44 -0.325838 0 14 -0.325838 1
gene 1 3 45 -2.81568 0 15 -2.81568 1
gene 1 4 41 0.642884 0 16 0.642884 1
gene 1 4 42 -0.36229 0 17 -0.36229 1
gene 1 4 43 -0.395607 0 18 -0.395607 1
gene 1 4 44 -2.40721 0 19 -2.40721 1
gene 1 4 45 -2.89909 0 20 -2.89909 1
gene 1 5 41 -0.231266 0 21 -0.231266 1
gene 1 5 42 -1.44195 0 22 -1.44195 1
gene 1 5 43 -5 0 23 -5 1
gene 1 5 44 -0.54753 0 24 -0.54753 1
gene 1 5 45 -3.91711 0 25 -3.91711 1
gene 1 6 41 -1.09115 0 26 -1.09115 1
gene 1 6 42 -1.39071 0 27 -1.39071 1
gene 1 6 43 -0.314937 0 28 -0.314937 1
gene 1 6 44 -0.0589211 0 29 -0.0589211 1
gene 1 6 45 -1.44634 0 30 -1.44634 1
gene 1 7 41 -4.45592 0 31 -4.45592 1
gene 1 7 42 1.09955 0 32 1.09955 1
gene 1 7 43 -1.3115 0 33 -1.3115 1
gene 1 7 44 0.647622 0 34 0.647622 1
gene 1 7 45 2.64239 0 35 2.64239 1
gene 1 8 41 -3.65132 0 36 -3.65132 1
gene 1 8 42 -1.49069 0 37 -1.49069 1
gene 1 8 43 0.0232911 0 38 0.0232911 1
gene 1 8 44 0.222297 0 39 0.222297 1
gene 1 8 45 -1.04943 0 40 -1.04943 1
gene 1 9 41 -0.648326 0 41 -0.648326 1
gene 1 9 42 1.13568 0 42 1.13568 1
gene 1 9 43 1.57839 0 43 1.57839 1
gene 1 9 44 0.211302 0 44 0.211302 1
gene 1 9 45 -1.20885 0 45 -1.20885 1
gene 1 10 41 -1.28441 0 46 -1.28441 1
gene 1 10 42 -0.349833 0 47 -0.349833 1
gene 1 10 43 2.09692 0 48 2.09692 1
gene 1 10 44 1.77177 0 49 1.77177 1
gene 1 10 45 1.29239 0 50 1.29239 1
gene 1 11 41 0.000713296 0 51 0.000713296 1
gene 1 11 42 -0.337779 0 52 -0.337779 1
gene 1 11 43 -2.08218 0 53 -2.08218 1
gene 1 11 44 -2.39314 0 54 -2.39314 1
gene 1 11 45 -3.1235 0 55 -3.1235 1
gene 1 12 41 4.16739 0 56 4.16739 1
gene 1 12 42 0.223077 0 57 0.223077 1
gene 1 12 43 -1.42373 0 58 -1.42373 1
gene 1 12 44 -1.27105 0 59 -1.27105 1
gene 1 12 45 2.20615 0 60 2.20615 1
gene 1 13 41 -1.17966 0 61 -1.17966 1
gene 1 13 42 -0.595924 0 62 -0.595924 1
gene 1 13 43 0.769403 0 63 0.769403 1
gene 1 13 44 1.71819 0 64 1.71819 1
gene 1 13 45 -2.23924 0 65 -2.23924 1
gene 1 14 41 0.310803 0 66 0.310803 1
gene 1 14 42 1.82359 0 67 1.82359 1
gene 1 14 43 0.38749 0 68 0.38749 1
gene 1 14 44 2.20654 0 69 2.20654 1
gene 1 14 45 0.532417 0 70 0.532417 1
gene 1 15 41 1.08695 0 71 1.08695 1
gene 1 15 42 -1.33314 0 72 -1.33314 1
gene 1 15 43 0.966233 0 73 0.966233 1
gene 1 15 44 2.47611 0 74 2.47611 1
gene 1 15 45 -2.01458 0 75 -2.01458 1
gene 1 16 41 -0.4802 0 76 -0.4802 1
gene 1 16 42 -2.33964 0 77 -2.33964 1
gene 1 16 43 -1.53643 0 78 -1.53643 1
gene 1 16 44 -3.47051 0 79 -3.47051 1
gene 1 16 45 1.97455 0 80 1.97455 1
gene 1 17 41 -3.50574 0 81 -3.50574 1
gene 1 17 42 -0.59884 0 82 -0.59884 1
gene 1 17 43 -1.46573 0 83 -1.46573 1
gene 1 17 44 0.868102 0 84 0.868102 1
gene 1 17 45 -1.3979 0 85 -1.3979 1
gene 1 18 41 1.93269 0 86 1.93269 1
gene 1 18 42 -1.35653 0 87 -1.35653 1
gene 1 18 43 -2.79105 0 88 -2.79105 1
gene 1 18 44 -1.73587 0 89 -1.73587 1
gene 1 18 45 1.19529 0 90 1.19529 1
gene 1 19 41 -0.204755 0 91 -0.204755 1
gene 1 19 42 -1.33667 0 92 -1.33667 1
gene 1 19 43 -0.458111 0 93 -0.458111 1
gene 1 19 44 0.931267 0 94 0.931267 1
gene 1 19 45 -2.55856 0 95 -2.55856 1
gene 1 20 41 3.98382 0 96 3.98382 1
gene 1 20 42 -4.96487 0 97 -4.96487 1
gene 1 20 43 -3.2513 0 98 -3.2513 1
gene 1 20 44 2.13745 0 99 2.13745 1
gene 1 20 45 2.72462 0 100 2.72462 1
gene 1 21 41 2.58905 0 101 2.58905 1
gene 1 21 42 -4.32595 0 102 -4.32595 1
gene 1 21 43 2.8166 0 103 2.8166 1
gene 1 21 44 1.10191 0 104 1.10191 1
gene 1 21 45 2.67256 0 105 2.67256 1
gene 1 22 41 1.56161 0 106 1.56161 1
gene 1 22 42 0.406496 0 107 0.406496 1
gene 1 22 43 -2.7036 0 108 -2.7036 1
gene 1 22 44 0.646294 0 109 0.646294 1
gene 1 22 45 -1.46644 0 110 -1.46644 1
gene 1 23 41 5 0 111 5 1
gene 1 23 42 -1.65775 0 112 -1.65775 1
gene 1 23 43 -4.96316 0 113 -4.96316 1
gene 1 23 44 1.77871 0 114 1.77871 1
gene 1 23 45 -0.4248 0 115 -0.4248 1
gene 1 24 41 -3.10298 0 116 -3.10298 1
gene 1 24 42 -0.407708 0 117 -0.407708 1
gene 1 24 43 -0.499826 0 118 -0.499826 1
gene 1 24 44 1.97318 0 119 1.97318 1
gene 1 24 45 0.50164 0 120 0.50164 1
gene 1 25 41 1.03314 0 121 1.03314 1
gene 1 25 42 -0.350058 0 122 -0.350058 1
gene 1 25 43 1.76668 0 123 1.76668 1
gene 1 25 44 3.38172 0 124 3.38172 1
gene 1 25 45 -2.68178 0 125 -2.68178 1
gene 1 26 41 -1.71498 0 126 -1.71498 1
gene 1 26 42 -1.05843 0 127 -1.05843 1
gene 1 26 43 1.25011 0 128 1.25011 1
gene 1 26 44 2.17639 0 129 2.17639 1
gene 1 26 45 0.181766 0 130 0.181766 1
gene 1 27 41 1.47367 0 131 1.47367 1
gene 1 27 42 -2.35135 0 132 -2.35135 1
gene 1 27 43 0.262309 0 133 0.262309 1
gene 1 27 44 0.342906 0 134 0.342906 1
gene 1 27 45 1.70021 0 135 1.70021 1
gene 1 28 41 0.79135 0 136 0.79135 1
gene 1 28 42 1.30127 0 137 1.30127 1
gene 1 28 43 1.02575 0 138 1.02575 1
gene 1 28 44 2.82312 0 139 2.82312 1
gene 1 28 45 -1.85519 0 140 -1.85519 1
gene 1 29 41 4.506 0 141 4.506 1
gene 1 29 42 2.79322 0 142 2.79322 1
gene 1 29 43 -0.246848 0 143 -0.246848 1
gene 1 29 44 0.880413 0 144 0.880413 1
gene 1 29 45 0.408652 0 145 0.408652 1
gene 1 30 41 -1.03791 0 146 -1.03791 1
gene 1 30 42 0.854209 0 147 0.854209 1
gene 1 30 43 -1.62396 0 148 -1.62396 1
gene 1 30 44 1.9071 0 149 1.9071 1
gene 1 30 45 -0.854237 0 150 -0.854237 1
gene 1 31 41 -1.07674 0 151 -1.07674 1
gene 1 31 42 -0.655109 0 152 -0.655109 1
gene 1 31 43 0.582637 0 153 0.582637 1
gene 1 31 44 -3.1221 0 154 -3.1221 1
gene 1 31 45 -3.25493 0 155 -3.25493 1
gene 1 32 41 -1.12756 0 156 -1.12756 1
gene 1 32 42 0.434507 0 157 0.434507 1
gene 1 32 43 -2.36794 0 158 -2.36794 1
gene 1 32 44 -0.122661 0 159 -0.122661 1
gene 1 32 45 -0.491094 0 160 -0.491094 1
gene 1 33 41 -1.44356 0 161 -1.44356 1
gene 1 33 42 -0.601268 0 162 -0.601268 1
gene 1 33 43 1.43722 0 163 1.43722 1
gene 1 33 44 4.11011 0 164 4.11011 1
gene 1 33 45 -2.61676 0 165 -2.61676 1
gene 1 34 41 0.318553 0 166 0.318553 1
gene 1 34 42 0.681197 0 167 0.681197 1
gene 1 34 43 -0.615346 0 168 -0.615346 1
gene 1 34 44 0.0303489 0 169 0.0303489 1
gene 1 34 45 0.679439 0 170 0.679439 1
gene 1 35 41 1.68935 0 171 1.68935 1
gene 1 35 42 -0.217542 0 172 -0.217542 1
gene 1 35 43 -0.571842 0 173 -0.571842 1
gene 1 35 44 -0.382799 0 174 -0.382799 1
gene 1 35 45 1.29164 0 175 1.29164 1
gene 1 36 41 -0.715128 0 176 -0.715128 1
gene 1 36 42 0.0198139 0 177 0.0198139 1
gene 1 36 43 -0.0351884 0 178 -0.0351884 1
gene 1 36 44 -0.796003 0 179 -0.796003 1
gene 1 36 45 -0.12458 0 180 -0.12458 1
gene 1 37 41 -0.690565 0 181 -0.690565 1
gene 1 37 42 1.13517 0 182 1.13517 1
gene 1 37 43 -0.41768 0 183 -0.41768 1
gene 1 37 44 2.6958 0 184 2.6958 1
gene 1 37 45 -1.43855 0 185 -1.43855 1
gene 1 38 41 -1.54367 0 186 -1.54367 1
gene 1 38 42 -0.331163 0 187 -0.331163 1
gene 1 38 43 -1.55315 0 188 -1.55315 1
gene 1 38 44 1.23081 0 189 1.23081 1
gene 1 38 45 -1.16543 0 190 -1.16543 1
gene 1 39 41 0.720707 0 191 0.720707 1
gene 1 39 42 -0.13994 0 192 -0.13994 1
gene 1 39 43 -2.11464 0 193 -2.11464 1
gene 1 39 44 -0.356273 0 194 -0.356273 1
gene 1 39 45 1.60421 0 195 1.60421 1
gene 1 40 41 -2.66063 0 196 -2.66063 1
gene 1 40 42 -0.772967 0 197 -0.772967 1
gene 1 40 43 -1.38787 0 198 -1.38787 1
gene 1 40 44 0.832524 0 199 0.832524 1
gene 1 40 45 0.313265 0 200 0.313265 1
genomeend 4


