/* Organism #9 Fitness: 20329.844000 Time: 0 */
genomestart 9
trait 1 1.000000 0.000000 1.000000 0.669442 0.735857 0.341343 0.054493 0.685347 
node 1 1 1 1
node 2 1 1 1
node 3 1 1 1
node 4 1 1 1
node 5 1 1 1
node 6 1 1 1
node 7 1 1 1
node 8 1 1 1
node 9 1 1 1
node 10 1 1 1
node 11 1 1 1
node 12 1 1 1
node 13 1 1 1
node 14 1 1 1
node 15 1 1 1
node 16 1 1 1
node 17 1 1 1
node 18 1 1 1
node 19 1 1 1
node 20 1 1 1
node 21 1 1 1
node 22 1 1 1
node 23 1 1 1
node 24 1 1 1
node 25 1 1 1
node 26 1 1 1
node 27 1 1 1
node 28 1 1 1
node 29 1 1 1
node 30 1 1 1
node 31 1 1 1
node 32 1 1 1
node 33 1 1 1
node 34 1 1 1
node 35 1 1 1
node 36 1 1 1
node 37 1 1 1
node 38 1 1 1
node 39 1 1 1
node 40 1 1 3
node 41 1 0 2
node 42 1 0 2
node 43 1 0 2
node 44 1 0 2
node 45 1 0 2
gene 1 1 41 -0.583548 0 1 -0.583548 1
gene 1 1 42 -0.223756 0 2 -0.223756 1
gene 1 1 43 0.953263 0 3 0.953263 1
gene 1 1 44 0.0330137 0 4 0.0330137 1
gene 1 1 45 -3.78955 0 5 -3.78955 1
gene 1 2 41 2.65332 0 6 2.65332 1
gene 1 2 42 -0.00428963 0 7 -0.00428963 1
gene 1 2 43 -0.9408 0 8 -0.9408 1
gene 1 2 44 1.93246 0 9 1.93246 1
gene 1 2 45 0.558614 0 10 0.558614 1
gene 1 3 41 2.03256 0 11 2.03256 1
gene 1 3 42 3.66199 0 12 3.66199 1
gene 1 3 43 -4.90443 0 13 -4.90443 1
gene 1 3 44 -0.0452181 0 14 -0.0452181 1
gene 1 3 45 -0.915592 0 15 -0.915592 1
gene 1 4 41 0.162055 0 16 0.162055 1
gene 1 4 42 0.63836 0 17 0.63836 1
gene 1 4 43 0.186831 0 18 0.186831 1
gene 1 4 44 -1.56377 0 19 -1.56377 1
gene 1 4 45 -0.19994 0 20 -0.19994 1
gene 1 5 41 1.24313 0 21 1.24313 1
gene 1 5 42 2.09099 0 22 2.09099 1
gene 1 5 43 -0.354647 0 23 -0.354647 1
gene 1 5 44 2.14513 0 24 2.14513 1
gene 1 5 45 -0.783799 0 25 -0.783799 1
gene 1 6 41 4.40658 0 26 4.40658 1
gene 1 6 42 1.3231 0 27 1.3231 1
gene 1 6 43 1.6287 0 28 1.6287 1
gene 1 6 44 0.0260995 0 29 0.0260995 1
gene 1 6 45 -1.6556 0 30 -1.6556 1
gene 1 7 41 -0.565651 0 31 -0.565651 1
gene 1 7 42 -0.00822066 0 32 -0.00822066 1
gene 1 7 43 -3.70525 0 33 -3.70525 1
gene 1 7 44 -3.72788 0 34 -3.72788 1
gene 1 7 45 -3.74148 0 35 -3.74148 1
gene 1 8 41 3.39643 0 36 3.39643 1
gene 1 8 42 -0.0599146 0 37 -0.0599146 1
gene 1 8 43 -0.0332363 0 38 -0.0332363 1
gene 1 8 44 -0.200081 0 39 -0.200081 1
gene 1 8 45 -4.92166 0 40 -4.92166 1
gene 1 9 41 1.55386 0 41 1.55386 1
gene 1 9 42 -2.93924 0 42 -2.93924 1
gene 1 9 43 1.69773 0 43 1.69773 1
gene 1 9 44 1.22064 0 44 1.22064 1
gene 1 9 45 3.38185 0 45 3.38185 1
gene 1 10 41 0.302374 0 46 0.302374 1
gene 1 10 42 -4.02098 0 47 -4.02098 1
gene 1 10 43 2.61311 0 48 2.61311 1
gene 1 10 44 -2.04064 0 49 -2.04064 1
gene 1 10 45 0.393148 0 50 0.393148 1
gene 1 11 41 0.491207 0 51 0.491207 1
gene 1 11 42 0.779687 0 52 0.779687 1
gene 1 11 43 0.599866 0 53 0.599866 1
gene 1 11 44 -2.95079 0 54 -2.95079 1
gene 1 11 45 1.70814 0 55 1.70814 1
gene 1 12 41 -1.61299 0 56 -1.61299 1
gene 1 12 42 0.939133 0 57 0.939133 1
gene 1 12 43 2.59311 0 58 2.59311 1
gene 1 12 44 -0.727994 0 59 -0.727994 1
gene 1 12 45 5 0 60 5 1
gene 1 13 41 -1.04725 0 61 -1.04725 1
gene 1 13 42 0.845199 0 62 0.845199 1
gene 1 13 43 1.13404 0 63 1.13404 1
gene 1 13 44 0.732562 0 64 0.732562 1
gene 1 13 45 -2.21103 0 65 -2.21103 1
gene 1 14 41 -1.49571 0 66 -1.49571 1
gene 1 14 42 3.29446 0 67 3.29446 1
gene 1 14 43 3.62017 0 68 3.62017 1
gene 1 14 44 -4.18187 0 69 -4.18187 1
gene 1 14 45 -0.437725 0 70 -0.437725 1
gene 1 15 41 -1.0967 0 71 -1.0967 1
gene 1 15 42 -2.58766 0 72 -2.58766 1
gene 1 15 43 0.010943 0 73 0.010943 1
gene 1 15 44 -0.456084 0 74 -0.456084 1
gene 1 15 45 -0.935389 0 75 -0.935389 1
gene 1 16 41 -3.01851 0 76 -3.01851 1
gene 1 16 42 -1.11369 0 77 -1.11369 1
gene 1 16 43 -0.940509 0 78 -0.940509 1
gene 1 16 44 -5 0 79 -5 1
gene 1 16 45 0.627429 0 80 0.627429 1
gene 1 17 41 4.20541 0 81 4.20541 1
gene 1 17 42 4.14272 0 82 4.14272 1
gene 1 17 43 -3.56048 0 83 -3.56048 1
gene 1 17 44 -0.764661 0 84 -0.764661 1
gene 1 17 45 1.89917 0 85 1.89917 1
gene 1 18 41 0.373876 0 86 0.373876 1
gene 1 18 42 -0.424139 0 87 -0.424139 1
gene 1 18 43 -4.26833 0 88 -4.26833 1
gene 1 18 44 -2.50762 0 89 -2.50762 1
gene 1 18 45 1.01449 0 90 1.01449 1
gene 1 19 41 4.01628 0 91 4.01628 1
gene 1 19 42 0.540772 0 92 0.540772 1
gene 1 19 43 -1.36177 0 93 -1.36177 1
gene 1 19 44 -3.08118 0 94 -3.08118 1
gene 1 19 45 0.547802 0 95 0.547802 1
gene 1 20 41 -0.16129 0 96 -0.16129 1
gene 1 20 42 -3.77485 0 97 -3.77485 1
gene 1 20 43 -0.530498 0 98 -0.530498 1
gene 1 20 44 -0.457568 0 99 -0.457568 1
gene 1 20 45 0.869415 0 100 0.869415 1
gene 1 21 41 -0.425616 0 101 -0.425616 1
gene 1 21 42 -1.07618 0 102 -1.07618 1
gene 1 21 43 0.184955 0 103 0.184955 1
gene 1 21 44 -1.85419 0 104 -1.85419 1
gene 1 21 45 -1.26545 0 105 -1.26545 1
gene 1 22 41 -2.38776 0 106 -2.38776 1
gene 1 22 42 0.0409536 0 107 0.0409536 1
gene 1 22 43 -1.52451 0 108 -1.52451 1
gene 1 22 44 -2.40759 0 109 -2.40759 1
gene 1 22 45 -1.44426 0 110 -1.44426 1
gene 1 23 41 2.30472 0 111 2.30472 1
gene 1 23 42 -0.865901 0 112 -0.865901 1
gene 1 23 43 -3.02236 0 113 -3.02236 1
gene 1 23 44 -0.651371 0 114 -0.651371 1
gene 1 23 45 -2.12224 0 115 -2.12224 1
gene 1 24 41 2.88506 0 116 2.88506 1
gene 1 24 42 -0.249149 0 117 -0.249149 1
gene 1 24 43 0.736254 0 118 0.736254 1
gene 1 24 44 -3.06891 0 119 -3.06891 1
gene 1 24 45 -0.47786 0 120 -0.47786 1
gene 1 25 41 -0.916439 0 121 -0.916439 1
gene 1 25 42 3.31013 0 122 3.31013 1
gene 1 25 43 -2.14233 0 123 -2.14233 1
gene 1 25 44 0.130448 0 124 0.130448 1
gene 1 25 45 -1.42081 0 125 -1.42081 1
gene 1 26 41 -1.80626 0 126 -1.80626 1
gene 1 26 42 -3.10696 0 127 -3.10696 1
gene 1 26 43 -0.430099 0 128 -0.430099 1
gene 1 26 44 1.12049 0 129 1.12049 1
gene 1 26 45 2.23827 0 130 2.23827 1
gene 1 27 41 4.87478 0 131 4.87478 1
gene 1 27 42 -0.453717 0 132 -0.453717 1
gene 1 27 43 -0.37131 0 133 -0.37131 1
gene 1 27 44 -2.57852 0 134 -2.57852 1
gene 1 27 45 1.21517 0 135 1.21517 1
gene 1 28 41 -4.79038 0 136 -4.79038 1
gene 1 28 42 -2.00312 0 137 -2.00312 1
gene 1 28 43 -4.15193 0 138 -4.15193 1
gene 1 28 44 -1.97808 0 139 -1.97808 1
gene 1 28 45 1.19997 0 140 1.19997 1
gene 1 29 41 -2.24484 0 141 -2.24484 1
gene 1 29 42 -1.81818 0 142 -1.81818 1
gene 1 29 43 -0.382301 0 143 -0.382301 1
gene 1 29 44 0.541283 0 144 0.541283 1
gene 1 29 45 -0.577296 0 145 -0.577296 1
gene 1 30 41 2.73999 0 146 2.73999 1
gene 1 30 42 0.0133914 0 147 0.0133914 1
gene 1 30 43 1.57908 0 148 1.57908 1
gene 1 30 44 -3.77568 0 149 -3.77568 1
gene 1 30 45 -0.96311 0 150 -0.96311 1
gene 1 31 41 0.994131 0 151 0.994131 1
gene 1 31 42 1.35577 0 152 1.35577 1
gene 1 31 43 -1.30517 0 153 -1.30517 1
gene 1 31 44 -2.94276 0 154 -2.94276 1
gene 1 31 45 -3.4197 0 155 -3.4197 1
gene 1 32 41 0.466662 0 156 0.466662 1
gene 1 32 42 -1.21085 0 157 -1.21085 1
gene 1 32 43 -1.72262 0 158 -1.72262 1
gene 1 32 44 -1.01531 0 159 -1.01531 1
gene 1 32 45 -0.852076 0 160 -0.852076 1
gene 1 33 41 2.02969 0 161 2.02969 1
gene 1 33 42 -1.45392 0 162 -1.45392 1
gene 1 33 43 -0.567947 0 163 -0.567947 1
gene 1 33 44 -0.194243 0 164 -0.194243 1
gene 1 33 45 0.298129 0 165 0.298129 1
gene 1 34 41 0.316831 0 166 0.316831 1
gene 1 34 42 0.247282 0 167 0.247282 1
gene 1 34 43 -0.474683 0 168 -0.474683 1
gene 1 34 44 0.163002 0 169 0.163002 1
gene 1 34 45 -1.24263 0 170 -1.24263 1
gene 1 35 41 1.85398 0 171 1.85398 1
gene 1 35 42 -3.34066 0 172 -3.34066 1
gene 1 35 43 0.852186 0 173 0.852186 1
gene 1 35 44 -1.12005 0 174 -1.12005 1
gene 1 35 45 2.22764 0 175 2.22764 1
gene 1 36 41 -1.36673 0 176 -1.36673 1
gene 1 36 42 -0.281605 0 177 -0.281605 1
gene 1 36 43 0.186168 0 178 0.186168 1
gene 1 36 44 -1.3757 0 179 -1.3757 1
gene 1 36 45 -0.0919103 0 180 -0.0919103 1
gene 1 37 41 -1.39527 0 181 -1.39527 1
gene 1 37 42 -1.75547 0 182 -1.75547 1
gene 1 37 43 -0.201199 0 183 -0.201199 1
gene 1 37 44 -0.255091 0 184 -0.255091 1
gene 1 37 45 -0.807935 0 185 -0.807935 1
gene 1 38 41 0.696787 0 186 0.696787 1
gene 1 38 42 -0.222374 0 187 -0.222374 1
gene 1 38 43 3.48562 0 188 3.48562 1
gene 1 38 44 -0.417141 0 189 -0.417141 1
gene 1 38 45 -1.21243 0 190 -1.21243 1
gene 1 39 41 -0.704451 0 191 -0.704451 1
gene 1 39 42 0.773324 0 192 0.773324 1
gene 1 39 43 1.3048 0 193 1.3048 1
gene 1 39 44 -0.808015 0 194 -0.808015 1
gene 1 39 45 0.0361362 0 195 0.0361362 1
gene 1 40 41 1.1697 0 196 1.1697 1
gene 1 40 42 4.82322 0 197 4.82322 1
gene 1 40 43 0.771647 0 198 0.771647 1
gene 1 40 44 -1.28727 0 199 -1.28727 1
gene 1 40 45 -1.43248 0 200 -1.43248 1
genomeend 9


