/* Organism #0 Fitness: 17742.824000 Time: 0 */
genomestart 0
trait 1 0.000000 0.000000 1.000000 0.000000 0.000000 0.000000 0.000000 0.000000 
node 1 1 1 1
node 2 1 1 1
node 3 1 1 1
node 4 1 1 1
node 5 1 1 1
node 6 1 1 1
node 7 1 1 1
node 8 1 1 1
node 9 1 1 1
node 10 1 1 1
node 11 1 1 1
node 12 1 1 1
node 13 1 1 1
node 14 1 1 1
node 15 1 1 1
node 16 1 1 1
node 17 1 1 1
node 18 1 1 1
node 19 1 1 1
node 20 1 1 1
node 21 1 1 1
node 22 1 1 1
node 23 1 1 1
node 24 1 1 1
node 25 1 1 1
node 26 1 1 1
node 27 1 1 1
node 28 1 1 1
node 29 1 1 1
node 30 1 1 1
node 31 1 1 1
node 32 1 1 1
node 33 1 1 1
node 34 1 1 1
node 35 1 1 1
node 36 1 1 1
node 37 1 1 1
node 38 1 1 1
node 39 1 1 1
node 40 1 1 3
node 41 1 0 2
node 42 1 0 2
node 43 1 0 2
node 44 1 0 2
node 45 1 0 2
gene 1 1 41 -4.37797 0 1 -4.37797 1
gene 1 1 42 -0.899682 0 2 -0.899682 1
gene 1 1 43 3.81074 0 3 3.81074 1
gene 1 1 44 -0.542501 0 4 -0.542501 1
gene 1 1 45 2.17744 0 5 2.17744 1
gene 1 2 41 0.944675 0 6 0.944675 1
gene 1 2 42 -5 0 7 -5 1
gene 1 2 43 -3.54871 0 8 -3.54871 1
gene 1 2 44 -5 0 9 -5 1
gene 1 2 45 1.82461 0 10 1.82461 1
gene 1 3 41 -1.37775 0 11 -1.37775 1
gene 1 3 42 -0.855542 0 12 -0.855542 1
gene 1 3 43 -2.54398 0 13 -2.54398 1
gene 1 3 44 -1.35883 0 14 -1.35883 1
gene 1 3 45 3.90608 0 15 3.90608 1
gene 1 4 41 1.5075 0 16 1.5075 1
gene 1 4 42 -1.92389 0 17 -1.92389 1
gene 1 4 43 -0.0932321 0 18 -0.0932321 1
gene 1 4 44 5 0 19 5 1
gene 1 4 45 -2.46789 0 20 -2.46789 1
gene 1 5 41 -1.94771 0 21 -1.94771 1
gene 1 5 42 3.62422 0 22 3.62422 1
gene 1 5 43 -2.85752 0 23 -2.85752 1
gene 1 5 44 1.10233 0 24 1.10233 1
gene 1 5 45 1.06411 0 25 1.06411 1
gene 1 6 41 4.91048 0 26 4.91048 1
gene 1 6 42 3.95787 0 27 3.95787 1
gene 1 6 43 0.352967 0 28 0.352967 1
gene 1 6 44 1.12801 0 29 1.12801 1
gene 1 6 45 -0.893407 0 30 -0.893407 1
gene 1 7 41 0.937797 0 31 0.937797 1
gene 1 7 42 -0.711613 0 32 -0.711613 1
gene 1 7 43 -0.904355 0 33 -0.904355 1
gene 1 7 44 -5 0 34 -5 1
gene 1 7 45 -2.75886 0 35 -2.75886 1
gene 1 8 41 -2.49415 0 36 -2.49415 1
gene 1 8 42 -3.88498 0 37 -3.88498 1
gene 1 8 43 -0.398286 0 38 -0.398286 1
gene 1 8 44 0.863455 0 39 0.863455 1
gene 1 8 45 4.54221 0 40 4.54221 1
gene 1 9 41 -1.52414 0 41 -1.52414 1
gene 1 9 42 -4.88034 0 42 -4.88034 1
gene 1 9 43 1.24676 0 43 1.24676 1
gene 1 9 44 1.51025 0 44 1.51025 1
gene 1 9 45 -5 0 45 -5 1
gene 1 10 41 0.937552 0 46 0.937552 1
gene 1 10 42 3.68056 0 47 3.68056 1
gene 1 10 43 2.58162 0 48 2.58162 1
gene 1 10 44 5 0 49 5 1
gene 1 10 45 4.34387 0 50 4.34387 1
gene 1 11 41 5 0 51 5 1
gene 1 11 42 -3.50462 0 52 -3.50462 1
gene 1 11 43 0.255673 0 53 0.255673 1
gene 1 11 44 -4.28483 0 54 -4.28483 1
gene 1 11 45 -3.12114 0 55 -3.12114 1
gene 1 12 41 -0.366739 0 56 -0.366739 1
gene 1 12 42 -1.67388 0 57 -1.67388 1
gene 1 12 43 -1.93188 0 58 -1.93188 1
gene 1 12 44 2.41849 0 59 2.41849 1
gene 1 12 45 -0.405079 0 60 -0.405079 1
gene 1 13 41 -4.80948 0 61 -4.80948 1
gene 1 13 42 4.1955 0 62 4.1955 1
gene 1 13 43 1.36786 0 63 1.36786 1
gene 1 13 44 -0.313063 0 64 -0.313063 1
gene 1 13 45 4.59785 0 65 4.59785 1
gene 1 14 41 -0.602621 0 66 -0.602621 1
gene 1 14 42 -3.25609 0 67 -3.25609 1
gene 1 14 43 3.92323 0 68 3.92323 1
gene 1 14 44 -2.2291 0 69 -2.2291 1
gene 1 14 45 0.066599 0 70 0.066599 1
gene 1 15 41 4.61723 0 71 4.61723 1
gene 1 15 42 -0.326084 0 72 -0.326084 1
gene 1 15 43 0.454853 0 73 0.454853 1
gene 1 15 44 -3.95333 0 74 -3.95333 1
gene 1 15 45 -2.42396 0 75 -2.42396 1
gene 1 16 41 4.11431 0 76 4.11431 1
gene 1 16 42 -3.53932 0 77 -3.53932 1
gene 1 16 43 -3.14199 0 78 -3.14199 1
gene 1 16 44 3.84896 0 79 3.84896 1
gene 1 16 45 0.829759 0 80 0.829759 1
gene 1 17 41 -1.27797 0 81 -1.27797 1
gene 1 17 42 -2.50555 0 82 -2.50555 1
gene 1 17 43 -1.6762 0 83 -1.6762 1
gene 1 17 44 -5 0 84 -5 1
gene 1 17 45 2.46435 0 85 2.46435 1
gene 1 18 41 -1.20095 0 86 -1.20095 1
gene 1 18 42 -0.560742 0 87 -0.560742 1
gene 1 18 43 -2.04228 0 88 -2.04228 1
gene 1 18 44 0.955882 0 89 0.955882 1
gene 1 18 45 -2.73696 0 90 -2.73696 1
gene 1 19 41 -4.47453 0 91 -4.47453 1
gene 1 19 42 -0.430886 0 92 -0.430886 1
gene 1 19 43 1.50545 0 93 1.50545 1
gene 1 19 44 4.90467 0 94 4.90467 1
gene 1 19 45 1.5572 0 95 1.5572 1
gene 1 20 41 -2.70676 0 96 -2.70676 1
gene 1 20 42 -1.8468 0 97 -1.8468 1
gene 1 20 43 -2.70915 0 98 -2.70915 1
gene 1 20 44 3.6639 0 99 3.6639 1
gene 1 20 45 4.12801 0 100 4.12801 1
gene 1 21 41 -3.41409 0 101 -3.41409 1
gene 1 21 42 0.579635 0 102 0.579635 1
gene 1 21 43 0.0890527 0 103 0.0890527 1
gene 1 21 44 -2.39974 0 104 -2.39974 1
gene 1 21 45 -3.74256 0 105 -3.74256 1
gene 1 22 41 1.47119 0 106 1.47119 1
gene 1 22 42 -1.43315 0 107 -1.43315 1
gene 1 22 43 -1.05855 0 108 -1.05855 1
gene 1 22 44 0.215776 0 109 0.215776 1
gene 1 22 45 3.02932 0 110 3.02932 1
gene 1 23 41 0.525541 0 111 0.525541 1
gene 1 23 42 4.49676 0 112 4.49676 1
gene 1 23 43 1.18378 0 113 1.18378 1
gene 1 23 44 -1.59922 0 114 -1.59922 1
gene 1 23 45 -0.992213 0 115 -0.992213 1
gene 1 24 41 3.07816 0 116 3.07816 1
gene 1 24 42 0.434153 0 117 0.434153 1
gene 1 24 43 -3.17142 0 118 -3.17142 1
gene 1 24 44 2.35368 0 119 2.35368 1
gene 1 24 45 -1.28789 0 120 -1.28789 1
gene 1 25 41 5 0 121 5 1
gene 1 25 42 4.10902 0 122 4.10902 1
gene 1 25 43 5 0 123 5 1
gene 1 25 44 -0.709846 0 124 -0.709846 1
gene 1 25 45 -3.83323 0 125 -3.83323 1
gene 1 26 41 1.88313 0 126 1.88313 1
gene 1 26 42 -4.26562 0 127 -4.26562 1
gene 1 26 43 3.28628 0 128 3.28628 1
gene 1 26 44 4.71545 0 129 4.71545 1
gene 1 26 45 -1.25782 0 130 -1.25782 1
gene 1 27 41 -0.0629701 0 131 -0.0629701 1
gene 1 27 42 0.866809 0 132 0.866809 1
gene 1 27 43 -4.2006 0 133 -4.2006 1
gene 1 27 44 3.04653 0 134 3.04653 1
gene 1 27 45 -2.3655 0 135 -2.3655 1
gene 1 28 41 -0.639253 0 136 -0.639253 1
gene 1 28 42 3.58206 0 137 3.58206 1
gene 1 28 43 2.18656 0 138 2.18656 1
gene 1 28 44 0.350467 0 139 0.350467 1
gene 1 28 45 -1.86929 0 140 -1.86929 1
gene 1 29 41 -0.0278857 0 141 -0.0278857 1
gene 1 29 42 -2.72598 0 142 -2.72598 1
gene 1 29 43 3.61091 0 143 3.61091 1
gene 1 29 44 5 0 144 5 1
gene 1 29 45 0.475564 0 145 0.475564 1
gene 1 30 41 2.57323 0 146 2.57323 1
gene 1 30 42 2.71456 0 147 2.71456 1
gene 1 30 43 -4.27336 0 148 -4.27336 1
gene 1 30 44 -4.50209 0 149 -4.50209 1
gene 1 30 45 -4.89786 0 150 -4.89786 1
gene 1 31 41 -1.20833 0 151 -1.20833 1
gene 1 31 42 -1.02687 0 152 -1.02687 1
gene 1 31 43 0.753373 0 153 0.753373 1
gene 1 31 44 -3.57746 0 154 -3.57746 1
gene 1 31 45 0.151788 0 155 0.151788 1
gene 1 32 41 -0.221925 0 156 -0.221925 1
gene 1 32 42 0.729941 0 157 0.729941 1
gene 1 32 43 1.73904 0 158 1.73904 1
gene 1 32 44 -5 0 159 -5 1
gene 1 32 45 4.02433 0 160 4.02433 1
gene 1 33 41 3.1292 0 161 3.1292 1
gene 1 33 42 0.190425 0 162 0.190425 1
gene 1 33 43 -1.60949 0 163 -1.60949 1
gene 1 33 44 1.32381 0 164 1.32381 1
gene 1 33 45 0.821728 0 165 0.821728 1
gene 1 34 41 0.219289 0 166 0.219289 1
gene 1 34 42 -0.381906 0 167 -0.381906 1
gene 1 34 43 -0.0951278 0 168 -0.0951278 1
gene 1 34 44 1.78627 0 169 1.78627 1
gene 1 34 45 -0.513622 0 170 -0.513622 1
gene 1 35 41 -0.87513 0 171 -0.87513 1
gene 1 35 42 -0.751181 0 172 -0.751181 1
gene 1 35 43 0.338042 0 173 0.338042 1
gene 1 35 44 -0.814136 0 174 -0.814136 1
gene 1 35 45 0.266795 0 175 0.266795 1
gene 1 36 41 -1.48632 0 176 -1.48632 1
gene 1 36 42 0.472444 0 177 0.472444 1
gene 1 36 43 -0.37783 0 178 -0.37783 1
gene 1 36 44 1.09784 0 179 1.09784 1
gene 1 36 45 -0.122444 0 180 -0.122444 1
gene 1 37 41 -0.442065 0 181 -0.442065 1
gene 1 37 42 1.1626 0 182 1.1626 1
gene 1 37 43 0.253305 0 183 0.253305 1
gene 1 37 44 0.624776 0 184 0.624776 1
gene 1 37 45 0.571799 0 185 0.571799 1
gene 1 38 41 -0.0601785 0 186 -0.0601785 1
gene 1 38 42 0.336408 0 187 0.336408 1
gene 1 38 43 -1.00082 0 188 -1.00082 1
gene 1 38 44 0.320371 0 189 0.320371 1
gene 1 38 45 -1.94735 0 190 -1.94735 1
gene 1 39 41 0.261201 0 191 0.261201 1
gene 1 39 42 -0.95804 0 192 -0.95804 1
gene 1 39 43 0.522866 0 193 0.522866 1
gene 1 39 44 -0.203067 0 194 -0.203067 1
gene 1 39 45 -0.873778 0 195 -0.873778 1
gene 1 40 41 1.04869 0 196 1.04869 1
gene 1 40 42 -0.810458 0 197 -0.810458 1
gene 1 40 43 -0.707396 0 198 -0.707396 1
gene 1 40 44 -0.75868 0 199 -0.75868 1
gene 1 40 45 -0.687069 0 200 -0.687069 1
genomeend 0


