/* Organism #0 Fitness: 18246.836000 Time: 0 */
genomestart 0
trait 1 0.000000 0.000000 0.000000 0.000000 1.000000 0.000000 0.213722 0.131804 
node 1 1 1 1
node 2 1 1 1
node 3 1 1 1
node 4 1 1 1
node 5 1 1 1
node 6 1 1 1
node 7 1 1 1
node 8 1 1 1
node 9 1 1 1
node 10 1 1 1
node 11 1 1 1
node 12 1 1 1
node 13 1 1 1
node 14 1 1 1
node 15 1 1 1
node 16 1 1 1
node 17 1 1 1
node 18 1 1 1
node 19 1 1 1
node 20 1 1 1
node 21 1 1 1
node 22 1 1 1
node 23 1 1 1
node 24 1 1 1
node 25 1 1 1
node 26 1 1 1
node 27 1 1 1
node 28 1 1 1
node 29 1 1 1
node 30 1 1 1
node 31 1 1 1
node 32 1 1 1
node 33 1 1 1
node 34 1 1 1
node 35 1 1 1
node 36 1 1 1
node 37 1 1 1
node 38 1 1 1
node 39 1 1 1
node 40 1 1 3
node 41 1 0 2
node 42 1 0 2
node 43 1 0 2
node 44 1 0 2
node 45 1 0 2
gene 1 1 41 -0.564139 0 1 -0.564139 1
gene 1 1 42 0.880047 0 2 0.880047 1
gene 1 1 43 0.987819 0 3 0.987819 1
gene 1 1 44 -2.23126 0 4 -2.23126 1
gene 1 1 45 2.21804 0 5 2.21804 1
gene 1 2 41 -2.17385 0 6 -2.17385 1
gene 1 2 42 -3.09455 0 7 -3.09455 1
gene 1 2 43 2.48466 0 8 2.48466 1
gene 1 2 44 0.0713465 0 9 0.0713465 1
gene 1 2 45 -5 0 10 -5 1
gene 1 3 41 1.49256 0 11 1.49256 1
gene 1 3 42 -2.04541 0 12 -2.04541 1
gene 1 3 43 -0.446276 0 13 -0.446276 1
gene 1 3 44 -1.36259 0 14 -1.36259 1
gene 1 3 45 -1.49313 0 15 -1.49313 1
gene 1 4 41 1.47866 0 16 1.47866 1
gene 1 4 42 5 0 17 5 1
gene 1 4 43 -1.90229 0 18 -1.90229 1
gene 1 4 44 -0.755063 0 19 -0.755063 1
gene 1 4 45 -0.925484 0 20 -0.925484 1
gene 1 5 41 -0.458666 0 21 -0.458666 1
gene 1 5 42 -0.577314 0 22 -0.577314 1
gene 1 5 43 -1.91751 0 23 -1.91751 1
gene 1 5 44 0.884173 0 24 0.884173 1
gene 1 5 45 -0.871731 0 25 -0.871731 1
gene 1 6 41 1.90427 0 26 1.90427 1
gene 1 6 42 0.764238 0 27 0.764238 1
gene 1 6 43 -1.88307 0 28 -1.88307 1
gene 1 6 44 0.76057 0 29 0.76057 1
gene 1 6 45 2.245 0 30 2.245 1
gene 1 7 41 -4.00689 0 31 -4.00689 1
gene 1 7 42 -0.75623 0 32 -0.75623 1
gene 1 7 43 -3.70102 0 33 -3.70102 1
gene 1 7 44 -2.72816 0 34 -2.72816 1
gene 1 7 45 1.3055 0 35 1.3055 1
gene 1 8 41 0.107605 0 36 0.107605 1
gene 1 8 42 -0.220902 0 37 -0.220902 1
gene 1 8 43 5 0 38 5 1
gene 1 8 44 -0.203608 0 39 -0.203608 1
gene 1 8 45 4.26801 0 40 4.26801 1
gene 1 9 41 0.580521 0 41 0.580521 1
gene 1 9 42 2.83299 0 42 2.83299 1
gene 1 9 43 -5 0 43 -5 1
gene 1 9 44 -5 0 44 -5 1
gene 1 9 45 -2.67388 0 45 -2.67388 1
gene 1 10 41 -3.20458 0 46 -3.20458 1
gene 1 10 42 1.5816 0 47 1.5816 1
gene 1 10 43 -3.20579 0 48 -3.20579 1
gene 1 10 44 -1.54469 0 49 -1.54469 1
gene 1 10 45 1.80327 0 50 1.80327 1
gene 1 11 41 -3.33785 0 51 -3.33785 1
gene 1 11 42 0.359747 0 52 0.359747 1
gene 1 11 43 4.93369 0 53 4.93369 1
gene 1 11 44 -0.285802 0 54 -0.285802 1
gene 1 11 45 1.13825 0 55 1.13825 1
gene 1 12 41 3.11514 0 56 3.11514 1
gene 1 12 42 -0.605174 0 57 -0.605174 1
gene 1 12 43 2.81204 0 58 2.81204 1
gene 1 12 44 -3.90918 0 59 -3.90918 1
gene 1 12 45 2.37382 0 60 2.37382 1
gene 1 13 41 1.29484 0 61 1.29484 1
gene 1 13 42 -3.4595 0 62 -3.4595 1
gene 1 13 43 3.21959 0 63 3.21959 1
gene 1 13 44 -2.31843 0 64 -2.31843 1
gene 1 13 45 -3.82644 0 65 -3.82644 1
gene 1 14 41 4.02379 0 66 4.02379 1
gene 1 14 42 -5 0 67 -5 1
gene 1 14 43 -1.21114 0 68 -1.21114 1
gene 1 14 44 5 0 69 5 1
gene 1 14 45 -0.243901 0 70 -0.243901 1
gene 1 15 41 2.80498 0 71 2.80498 1
gene 1 15 42 -4.94718 0 72 -4.94718 1
gene 1 15 43 -0.60102 0 73 -0.60102 1
gene 1 15 44 2.31188 0 74 2.31188 1
gene 1 15 45 1.04269 0 75 1.04269 1
gene 1 16 41 3.07984 0 76 3.07984 1
gene 1 16 42 0.137926 0 77 0.137926 1
gene 1 16 43 1.34181 0 78 1.34181 1
gene 1 16 44 -0.150582 0 79 -0.150582 1
gene 1 16 45 4.31996 0 80 4.31996 1
gene 1 17 41 -0.282987 0 81 -0.282987 1
gene 1 17 42 2.33741 0 82 2.33741 1
gene 1 17 43 -1.17234 0 83 -1.17234 1
gene 1 17 44 -0.756115 0 84 -0.756115 1
gene 1 17 45 2.21665 0 85 2.21665 1
gene 1 18 41 5 0 86 5 1
gene 1 18 42 2.56755 0 87 2.56755 1
gene 1 18 43 -3.20734 0 88 -3.20734 1
gene 1 18 44 -2.49298 0 89 -2.49298 1
gene 1 18 45 -5 0 90 -5 1
gene 1 19 41 0.683751 0 91 0.683751 1
gene 1 19 42 1.86356 0 92 1.86356 1
gene 1 19 43 -0.824796 0 93 -0.824796 1
gene 1 19 44 -3.50769 0 94 -3.50769 1
gene 1 19 45 -3.91846 0 95 -3.91846 1
gene 1 20 41 -0.908839 0 96 -0.908839 1
gene 1 20 42 -0.942491 0 97 -0.942491 1
gene 1 20 43 -1.67768 0 98 -1.67768 1
gene 1 20 44 -0.14084 0 99 -0.14084 1
gene 1 20 45 4.69221 0 100 4.69221 1
gene 1 21 41 -0.333425 0 101 -0.333425 1
gene 1 21 42 0.0921308 0 102 0.0921308 1
gene 1 21 43 0.761943 0 103 0.761943 1
gene 1 21 44 4.49539 0 104 4.49539 1
gene 1 21 45 -0.204871 0 105 -0.204871 1
gene 1 22 41 4.29997 0 106 4.29997 1
gene 1 22 42 -0.905298 0 107 -0.905298 1
gene 1 22 43 3.94531 0 108 3.94531 1
gene 1 22 44 1.57541 0 109 1.57541 1
gene 1 22 45 2.49617 0 110 2.49617 1
gene 1 23 41 -0.971994 0 111 -0.971994 1
gene 1 23 42 2.61538 0 112 2.61538 1
gene 1 23 43 -1.44576 0 113 -1.44576 1
gene 1 23 44 -3.14268 0 114 -3.14268 1
gene 1 23 45 -0.667674 0 115 -0.667674 1
gene 1 24 41 -0.844934 0 116 -0.844934 1
gene 1 24 42 -0.933461 0 117 -0.933461 1
gene 1 24 43 0.653261 0 118 0.653261 1
gene 1 24 44 -3.86335 0 119 -3.86335 1
gene 1 24 45 0.44464 0 120 0.44464 1
gene 1 25 41 -5 0 121 -5 1
gene 1 25 42 -1.05171 0 122 -1.05171 1
gene 1 25 43 4.07883 0 123 4.07883 1
gene 1 25 44 -1.43747 0 124 -1.43747 1
gene 1 25 45 -5 0 125 -5 1
gene 1 26 41 -0.575288 0 126 -0.575288 1
gene 1 26 42 -1.65177 0 127 -1.65177 1
gene 1 26 43 -1.93643 0 128 -1.93643 1
gene 1 26 44 0.79149 0 129 0.79149 1
gene 1 26 45 -1.59231 0 130 -1.59231 1
gene 1 27 41 -0.194669 0 131 -0.194669 1
gene 1 27 42 -0.539372 0 132 -0.539372 1
gene 1 27 43 -1.56559 0 133 -1.56559 1
gene 1 27 44 -2.12194 0 134 -2.12194 1
gene 1 27 45 -1.25416 0 135 -1.25416 1
gene 1 28 41 -1.48286 0 136 -1.48286 1
gene 1 28 42 -0.467878 0 137 -0.467878 1
gene 1 28 43 -1.32389 0 138 -1.32389 1
gene 1 28 44 0.52956 0 139 0.52956 1
gene 1 28 45 0.551883 0 140 0.551883 1
gene 1 29 41 -5 0 141 -5 1
gene 1 29 42 2.81758 0 142 2.81758 1
gene 1 29 43 -2.35307 0 143 -2.35307 1
gene 1 29 44 -0.0752605 0 144 -0.0752605 1
gene 1 29 45 1.88981 0 145 1.88981 1
gene 1 30 41 0.604565 0 146 0.604565 1
gene 1 30 42 5 0 147 5 1
gene 1 30 43 -3.92526 0 148 -3.92526 1
gene 1 30 44 -0.930599 0 149 -0.930599 1
gene 1 30 45 4.55365 0 150 4.55365 1
gene 1 31 41 3.21854 0 151 3.21854 1
gene 1 31 42 -0.0963 0 152 -0.0963 1
gene 1 31 43 0.37554 0 153 0.37554 1
gene 1 31 44 1.90276 0 154 1.90276 1
gene 1 31 45 -1.82249 0 155 -1.82249 1
gene 1 32 41 2.58014 0 156 2.58014 1
gene 1 32 42 1.6744 0 157 1.6744 1
gene 1 32 43 -1.13338 0 158 -1.13338 1
gene 1 32 44 2.256 0 159 2.256 1
gene 1 32 45 -0.0534851 0 160 -0.0534851 1
gene 1 33 41 5 0 161 5 1
gene 1 33 42 0.274696 0 162 0.274696 1
gene 1 33 43 -0.930431 0 163 -0.930431 1
gene 1 33 44 -0.219575 0 164 -0.219575 1
gene 1 33 45 -1.31563 0 165 -1.31563 1
gene 1 34 41 -0.757208 0 166 -0.757208 1
gene 1 34 42 2.03235 0 167 2.03235 1
gene 1 34 43 -0.905146 0 168 -0.905146 1
gene 1 34 44 -1.65557 0 169 -1.65557 1
gene 1 34 45 0.706866 0 170 0.706866 1
gene 1 35 41 0.201362 0 171 0.201362 1
gene 1 35 42 0.616366 0 172 0.616366 1
gene 1 35 43 -1.47461 0 173 -1.47461 1
gene 1 35 44 0.0511903 0 174 0.0511903 1
gene 1 35 45 0.700215 0 175 0.700215 1
gene 1 36 41 -0.189029 0 176 -0.189029 1
gene 1 36 42 0.0751376 0 177 0.0751376 1
gene 1 36 43 -1.45787 0 178 -1.45787 1
gene 1 36 44 1.11582 0 179 1.11582 1
gene 1 36 45 0.793891 0 180 0.793891 1
gene 1 37 41 0.429013 0 181 0.429013 1
gene 1 37 42 -0.595306 0 182 -0.595306 1
gene 1 37 43 -0.647463 0 183 -0.647463 1
gene 1 37 44 0.503702 0 184 0.503702 1
gene 1 37 45 1.9047 0 185 1.9047 1
gene 1 38 41 -0.66276 0 186 -0.66276 1
gene 1 38 42 0.472914 0 187 0.472914 1
gene 1 38 43 -1.73205 0 188 -1.73205 1
gene 1 38 44 1.59841 0 189 1.59841 1
gene 1 38 45 -0.855444 0 190 -0.855444 1
gene 1 39 41 1.09553 0 191 1.09553 1
gene 1 39 42 0.996613 0 192 0.996613 1
gene 1 39 43 0.432142 0 193 0.432142 1
gene 1 39 44 0.625605 0 194 0.625605 1
gene 1 39 45 -0.639752 0 195 -0.639752 1
gene 1 40 41 2.47376 0 196 2.47376 1
gene 1 40 42 -0.788688 0 197 -0.788688 1
gene 1 40 43 0.741854 0 198 0.741854 1
gene 1 40 44 -0.633218 0 199 -0.633218 1
gene 1 40 45 -0.155583 0 200 -0.155583 1
genomeend 0


