/* Organism #0 Fitness: 16603.182000 Time: 0 */
genomestart 0
trait 1 0.000000 0.000000 0.000000 0.000000 0.408118 0.240200 0.000000 0.000000 
node 1 1 1 1
node 2 1 1 1
node 3 1 1 1
node 4 1 1 1
node 5 1 1 1
node 6 1 1 1
node 7 1 1 1
node 8 1 1 1
node 9 1 1 1
node 10 1 1 1
node 11 1 1 1
node 12 1 1 1
node 13 1 1 1
node 14 1 1 1
node 15 1 1 1
node 16 1 1 1
node 17 1 1 1
node 18 1 1 1
node 19 1 1 1
node 20 1 1 1
node 21 1 1 1
node 22 1 1 1
node 23 1 1 1
node 24 1 1 1
node 25 1 1 1
node 26 1 1 1
node 27 1 1 1
node 28 1 1 1
node 29 1 1 1
node 30 1 1 1
node 31 1 1 1
node 32 1 1 1
node 33 1 1 1
node 34 1 1 1
node 35 1 1 1
node 36 1 1 1
node 37 1 1 1
node 38 1 1 1
node 39 1 1 1
node 40 1 1 3
node 41 1 0 2
node 42 1 0 2
node 43 1 0 2
node 44 1 0 2
node 45 1 0 2
gene 1 1 41 -2.45727 0 1 -2.45727 1
gene 1 1 42 3.17239 0 2 3.17239 1
gene 1 1 43 -0.98811 0 3 -0.98811 1
gene 1 1 44 2.97165 0 4 2.97165 1
gene 1 1 45 2.46298 0 5 2.46298 1
gene 1 2 41 -1.54738 0 6 -1.54738 1
gene 1 2 42 -5 0 7 -5 1
gene 1 2 43 2.78895 0 8 2.78895 1
gene 1 2 44 -5 0 9 -5 1
gene 1 2 45 1.42269 0 10 1.42269 1
gene 1 3 41 2.42537 0 11 2.42537 1
gene 1 3 42 2.0699 0 12 2.0699 1
gene 1 3 43 2.05685 0 13 2.05685 1
gene 1 3 44 -4.16143 0 14 -4.16143 1
gene 1 3 45 -3.60187 0 15 -3.60187 1
gene 1 4 41 -4.89022 0 16 -4.89022 1
gene 1 4 42 -1.27541 0 17 -1.27541 1
gene 1 4 43 2.71565 0 18 2.71565 1
gene 1 4 44 1.07621 0 19 1.07621 1
gene 1 4 45 -1.1112 0 20 -1.1112 1
gene 1 5 41 2.06739 0 21 2.06739 1
gene 1 5 42 2.63454 0 22 2.63454 1
gene 1 5 43 1.39867 0 23 1.39867 1
gene 1 5 44 0.270092 0 24 0.270092 1
gene 1 5 45 -4.86053 0 25 -4.86053 1
gene 1 6 41 -1.74652 0 26 -1.74652 1
gene 1 6 42 0.0469482 0 27 0.0469482 1
gene 1 6 43 -3.36728 0 28 -3.36728 1
gene 1 6 44 5 0 29 5 1
gene 1 6 45 2.44373 0 30 2.44373 1
gene 1 7 41 -1.28544 0 31 -1.28544 1
gene 1 7 42 -0.316948 0 32 -0.316948 1
gene 1 7 43 2.73299 0 33 2.73299 1
gene 1 7 44 3.14914 0 34 3.14914 1
gene 1 7 45 -2.01563 0 35 -2.01563 1
gene 1 8 41 0.45862 0 36 0.45862 1
gene 1 8 42 1.70738 0 37 1.70738 1
gene 1 8 43 -1.40091 0 38 -1.40091 1
gene 1 8 44 1.4275 0 39 1.4275 1
gene 1 8 45 3.19491 0 40 3.19491 1
gene 1 9 41 1.95656 0 41 1.95656 1
gene 1 9 42 -1.75914 0 42 -1.75914 1
gene 1 9 43 3.93575 0 43 3.93575 1
gene 1 9 44 1.01734 0 44 1.01734 1
gene 1 9 45 -0.442406 0 45 -0.442406 1
gene 1 10 41 2.48997 0 46 2.48997 1
gene 1 10 42 -2.61251 0 47 -2.61251 1
gene 1 10 43 -0.517776 0 48 -0.517776 1
gene 1 10 44 0.595882 0 49 0.595882 1
gene 1 10 45 1.96436 0 50 1.96436 1
gene 1 11 41 5 0 51 5 1
gene 1 11 42 -3.41136 0 52 -3.41136 1
gene 1 11 43 1.10908 0 53 1.10908 1
gene 1 11 44 -1.22078 0 54 -1.22078 1
gene 1 11 45 4.12905 0 55 4.12905 1
gene 1 12 41 0.474709 0 56 0.474709 1
gene 1 12 42 0.375217 0 57 0.375217 1
gene 1 12 43 -2.83501 0 58 -2.83501 1
gene 1 12 44 -2.16756 0 59 -2.16756 1
gene 1 12 45 5 0 60 5 1
gene 1 13 41 -5 0 61 -5 1
gene 1 13 42 4.25392 0 62 4.25392 1
gene 1 13 43 1.93264 0 63 1.93264 1
gene 1 13 44 -2.37628 0 64 -2.37628 1
gene 1 13 45 3.10669 0 65 3.10669 1
gene 1 14 41 -2.52352 0 66 -2.52352 1
gene 1 14 42 -2.98815 0 67 -2.98815 1
gene 1 14 43 0.00270633 0 68 0.00270633 1
gene 1 14 44 -4.98187 0 69 -4.98187 1
gene 1 14 45 2.83531 0 70 2.83531 1
gene 1 15 41 3.36671 0 71 3.36671 1
gene 1 15 42 -2.88159 0 72 -2.88159 1
gene 1 15 43 -0.945535 0 73 -0.945535 1
gene 1 15 44 3.27453 0 74 3.27453 1
gene 1 15 45 4.06081 0 75 4.06081 1
gene 1 16 41 2.89696 0 76 2.89696 1
gene 1 16 42 2.86599 0 77 2.86599 1
gene 1 16 43 -3.6648 0 78 -3.6648 1
gene 1 16 44 2.26946 0 79 2.26946 1
gene 1 16 45 -0.92675 0 80 -0.92675 1
gene 1 17 41 -0.528622 0 81 -0.528622 1
gene 1 17 42 -0.745516 0 82 -0.745516 1
gene 1 17 43 2.68092 0 83 2.68092 1
gene 1 17 44 1.09748 0 84 1.09748 1
gene 1 17 45 -1.38581 0 85 -1.38581 1
gene 1 18 41 0.320717 0 86 0.320717 1
gene 1 18 42 -3.05429 0 87 -3.05429 1
gene 1 18 43 -3.49242 0 88 -3.49242 1
gene 1 18 44 0.67231 0 89 0.67231 1
gene 1 18 45 -1.48247 0 90 -1.48247 1
gene 1 19 41 -3.53537 0 91 -3.53537 1
gene 1 19 42 0.435551 0 92 0.435551 1
gene 1 19 43 -0.338418 0 93 -0.338418 1
gene 1 19 44 -3.24462 0 94 -3.24462 1
gene 1 19 45 -0.462305 0 95 -0.462305 1
gene 1 20 41 -0.96059 0 96 -0.96059 1
gene 1 20 42 -3.11156 0 97 -3.11156 1
gene 1 20 43 2.09529 0 98 2.09529 1
gene 1 20 44 -1.93864 0 99 -1.93864 1
gene 1 20 45 -3.58604 0 100 -3.58604 1
gene 1 21 41 -2.2267 0 101 -2.2267 1
gene 1 21 42 5 0 102 5 1
gene 1 21 43 0.302266 0 103 0.302266 1
gene 1 21 44 0.19746 0 104 0.19746 1
gene 1 21 45 1.43551 0 105 1.43551 1
gene 1 22 41 -3.30514 0 106 -3.30514 1
gene 1 22 42 0.371638 0 107 0.371638 1
gene 1 22 43 -2.28113 0 108 -2.28113 1
gene 1 22 44 -0.466012 0 109 -0.466012 1
gene 1 22 45 1.74886 0 110 1.74886 1
gene 1 23 41 0.0243376 0 111 0.0243376 1
gene 1 23 42 -1.87666 0 112 -1.87666 1
gene 1 23 43 0.792962 0 113 0.792962 1
gene 1 23 44 2.98871 0 114 2.98871 1
gene 1 23 45 4.12353 0 115 4.12353 1
gene 1 24 41 0.0860706 0 116 0.0860706 1
gene 1 24 42 0.581196 0 117 0.581196 1
gene 1 24 43 2.58774 0 118 2.58774 1
gene 1 24 44 -1.98674 0 119 -1.98674 1
gene 1 24 45 0.438916 0 120 0.438916 1
gene 1 25 41 5 0 121 5 1
gene 1 25 42 4.33886 0 122 4.33886 1
gene 1 25 43 -2.17856 0 123 -2.17856 1
gene 1 25 44 -4.23866 0 124 -4.23866 1
gene 1 25 45 3.17786 0 125 3.17786 1
gene 1 26 41 3.96163 0 126 3.96163 1
gene 1 26 42 3.68022 0 127 3.68022 1
gene 1 26 43 3.42408 0 128 3.42408 1
gene 1 26 44 5 0 129 5 1
gene 1 26 45 0.815956 0 130 0.815956 1
gene 1 27 41 2.99773 0 131 2.99773 1
gene 1 27 42 -0.016629 0 132 -0.016629 1
gene 1 27 43 -0.700589 0 133 -0.700589 1
gene 1 27 44 -4.6461 0 134 -4.6461 1
gene 1 27 45 2.3457 0 135 2.3457 1
gene 1 28 41 2.77246 0 136 2.77246 1
gene 1 28 42 1.12176 0 137 1.12176 1
gene 1 28 43 -4.31628 0 138 -4.31628 1
gene 1 28 44 0.432076 0 139 0.432076 1
gene 1 28 45 0.512778 0 140 0.512778 1
gene 1 29 41 -3.12116 0 141 -3.12116 1
gene 1 29 42 4.21831 0 142 4.21831 1
gene 1 29 43 -1.1178 0 143 -1.1178 1
gene 1 29 44 0.113989 0 144 0.113989 1
gene 1 29 45 1.9534 0 145 1.9534 1
gene 1 30 41 -2.684 0 146 -2.684 1
gene 1 30 42 -3.6822 0 147 -3.6822 1
gene 1 30 43 -3.54255 0 148 -3.54255 1
gene 1 30 44 -3.75755 0 149 -3.75755 1
gene 1 30 45 4.72974 0 150 4.72974 1
gene 1 31 41 4.71804 0 151 4.71804 1
gene 1 31 42 0.207648 0 152 0.207648 1
gene 1 31 43 -2.55436 0 153 -2.55436 1
gene 1 31 44 1.28993 0 154 1.28993 1
gene 1 31 45 0.453948 0 155 0.453948 1
gene 1 32 41 -1.63562 0 156 -1.63562 1
gene 1 32 42 2.82099 0 157 2.82099 1
gene 1 32 43 -1.16147 0 158 -1.16147 1
gene 1 32 44 0.813167 0 159 0.813167 1
gene 1 32 45 -0.210595 0 160 -0.210595 1
gene 1 33 41 -1.76913 0 161 -1.76913 1
gene 1 33 42 2.30076 0 162 2.30076 1
gene 1 33 43 -0.772852 0 163 -0.772852 1
gene 1 33 44 -0.242039 0 164 -0.242039 1
gene 1 33 45 0.528803 0 165 0.528803 1
gene 1 34 41 1.6053 0 166 1.6053 1
gene 1 34 42 0.130611 0 167 0.130611 1
gene 1 34 43 0.970032 0 168 0.970032 1
gene 1 34 44 2.89211 0 169 2.89211 1
gene 1 34 45 0.138889 0 170 0.138889 1
gene 1 35 41 2.31916 0 171 2.31916 1
gene 1 35 42 0.0599161 0 172 0.0599161 1
gene 1 35 43 0.631097 0 173 0.631097 1
gene 1 35 44 -2.24974 0 174 -2.24974 1
gene 1 35 45 -1.54261 0 175 -1.54261 1
gene 1 36 41 0.504062 0 176 0.504062 1
gene 1 36 42 0.20368 0 177 0.20368 1
gene 1 36 43 1.24072 0 178 1.24072 1
gene 1 36 44 0.325868 0 179 0.325868 1
gene 1 36 45 -0.599247 0 180 -0.599247 1
gene 1 37 41 1.38127 0 181 1.38127 1
gene 1 37 42 0.72547 0 182 0.72547 1
gene 1 37 43 -1.29707 0 183 -1.29707 1
gene 1 37 44 0.223258 0 184 0.223258 1
gene 1 37 45 1.72106 0 185 1.72106 1
gene 1 38 41 -0.155229 0 186 -0.155229 1
gene 1 38 42 -0.221744 0 187 -0.221744 1
gene 1 38 43 2.06673 0 188 2.06673 1
gene 1 38 44 -0.422618 0 189 -0.422618 1
gene 1 38 45 0.0515764 0 190 0.0515764 1
gene 1 39 41 0.452699 0 191 0.452699 1
gene 1 39 42 2.38968 0 192 2.38968 1
gene 1 39 43 0.858235 0 193 0.858235 1
gene 1 39 44 -0.437758 0 194 -0.437758 1
gene 1 39 45 0.325701 0 195 0.325701 1
gene 1 40 41 -0.00874118 0 196 -0.00874118 1
gene 1 40 42 -0.105875 0 197 -0.105875 1
gene 1 40 43 -4.40264 0 198 -4.40264 1
gene 1 40 44 -0.343262 0 199 -0.343262 1
gene 1 40 45 -0.203462 0 200 -0.203462 1
genomeend 0


