/* Organism #0 Fitness: 17258.772000 Time: 0 */
genomestart 0
trait 1 0.685236 1.000000 0.141747 1.000000 0.694665 0.339173 0.000000 0.000000 
node 1 1 1 1
node 2 1 1 1
node 3 1 1 1
node 4 1 1 1
node 5 1 1 1
node 6 1 1 1
node 7 1 1 1
node 8 1 1 1
node 9 1 1 1
node 10 1 1 1
node 11 1 1 1
node 12 1 1 1
node 13 1 1 1
node 14 1 1 1
node 15 1 1 1
node 16 1 1 1
node 17 1 1 1
node 18 1 1 1
node 19 1 1 1
node 20 1 1 1
node 21 1 1 1
node 22 1 1 1
node 23 1 1 1
node 24 1 1 1
node 25 1 1 1
node 26 1 1 1
node 27 1 1 1
node 28 1 1 1
node 29 1 1 1
node 30 1 1 1
node 31 1 1 1
node 32 1 1 1
node 33 1 1 1
node 34 1 1 1
node 35 1 1 1
node 36 1 1 1
node 37 1 1 1
node 38 1 1 1
node 39 1 1 1
node 40 1 1 3
node 41 1 0 2
node 42 1 0 2
node 43 1 0 2
node 44 1 0 2
node 45 1 0 2
gene 1 1 41 -1.07406 0 1 -1.07406 1
gene 1 1 42 -3.97813 0 2 -3.97813 1
gene 1 1 43 -0.199492 0 3 -0.199492 1
gene 1 1 44 -3.74646 0 4 -3.74646 1
gene 1 1 45 1.61453 0 5 1.61453 1
gene 1 2 41 -0.682156 0 6 -0.682156 1
gene 1 2 42 4.37244 0 7 4.37244 1
gene 1 2 43 2.3813 0 8 2.3813 1
gene 1 2 44 1.17445 0 9 1.17445 1
gene 1 2 45 4.97359 0 10 4.97359 1
gene 1 3 41 1.07733 0 11 1.07733 1
gene 1 3 42 3.22171 0 12 3.22171 1
gene 1 3 43 3.96557 0 13 3.96557 1
gene 1 3 44 3.27149 0 14 3.27149 1
gene 1 3 45 0.559152 0 15 0.559152 1
gene 1 4 41 -1.05943 0 16 -1.05943 1
gene 1 4 42 1.70329 0 17 1.70329 1
gene 1 4 43 2.78289 0 18 2.78289 1
gene 1 4 44 -2.07443 0 19 -2.07443 1
gene 1 4 45 0.48592 0 20 0.48592 1
gene 1 5 41 -2.54411 0 21 -2.54411 1
gene 1 5 42 2.19869 0 22 2.19869 1
gene 1 5 43 -1.35842 0 23 -1.35842 1
gene 1 5 44 0.339975 0 24 0.339975 1
gene 1 5 45 -4.99867 0 25 -4.99867 1
gene 1 6 41 5 0 26 5 1
gene 1 6 42 2.21104 0 27 2.21104 1
gene 1 6 43 -4.61223 0 28 -4.61223 1
gene 1 6 44 0.87777 0 29 0.87777 1
gene 1 6 45 -4.24358 0 30 -4.24358 1
gene 1 7 41 1.72394 0 31 1.72394 1
gene 1 7 42 -0.241698 0 32 -0.241698 1
gene 1 7 43 1.4475 0 33 1.4475 1
gene 1 7 44 -0.888655 0 34 -0.888655 1
gene 1 7 45 -1.18698 0 35 -1.18698 1
gene 1 8 41 1.98291 0 36 1.98291 1
gene 1 8 42 -0.807304 0 37 -0.807304 1
gene 1 8 43 2.72272 0 38 2.72272 1
gene 1 8 44 0.334819 0 39 0.334819 1
gene 1 8 45 -1.53314 0 40 -1.53314 1
gene 1 9 41 -2.89971 0 41 -2.89971 1
gene 1 9 42 5 0 42 5 1
gene 1 9 43 -1.74067 0 43 -1.74067 1
gene 1 9 44 -1.81697 0 44 -1.81697 1
gene 1 9 45 0.708026 0 45 0.708026 1
gene 1 10 41 -3.53742 0 46 -3.53742 1
gene 1 10 42 2.20928 0 47 2.20928 1
gene 1 10 43 0.202483 0 48 0.202483 1
gene 1 10 44 0.155623 0 49 0.155623 1
gene 1 10 45 2.45434 0 50 2.45434 1
gene 1 11 41 -2.84023 0 51 -2.84023 1
gene 1 11 42 1.76208 0 52 1.76208 1
gene 1 11 43 -3.03739 0 53 -3.03739 1
gene 1 11 44 2.04921 0 54 2.04921 1
gene 1 11 45 -0.0834932 0 55 -0.0834932 1
gene 1 12 41 1.79089 0 56 1.79089 1
gene 1 12 42 -4.45622 0 57 -4.45622 1
gene 1 12 43 -4.22777 0 58 -4.22777 1
gene 1 12 44 -0.74726 0 59 -0.74726 1
gene 1 12 45 -3.57089 0 60 -3.57089 1
gene 1 13 41 2.18396 0 61 2.18396 1
gene 1 13 42 -4.20899 0 62 -4.20899 1
gene 1 13 43 -0.97178 0 63 -0.97178 1
gene 1 13 44 2.19129 0 64 2.19129 1
gene 1 13 45 2.49734 0 65 2.49734 1
gene 1 14 41 1.40607 0 66 1.40607 1
gene 1 14 42 -1.21026 0 67 -1.21026 1
gene 1 14 43 0.737574 0 68 0.737574 1
gene 1 14 44 -0.519787 0 69 -0.519787 1
gene 1 14 45 0.729412 0 70 0.729412 1
gene 1 15 41 3.38047 0 71 3.38047 1
gene 1 15 42 -4.35782 0 72 -4.35782 1
gene 1 15 43 -2.88884 0 73 -2.88884 1
gene 1 15 44 3.62366 0 74 3.62366 1
gene 1 15 45 0.504241 0 75 0.504241 1
gene 1 16 41 1.96259 0 76 1.96259 1
gene 1 16 42 -0.462553 0 77 -0.462553 1
gene 1 16 43 -1.96738 0 78 -1.96738 1
gene 1 16 44 1.8666 0 79 1.8666 1
gene 1 16 45 2.22135 0 80 2.22135 1
gene 1 17 41 -0.172324 0 81 -0.172324 1
gene 1 17 42 2.27416 0 82 2.27416 1
gene 1 17 43 -2.40585 0 83 -2.40585 1
gene 1 17 44 0.305278 0 84 0.305278 1
gene 1 17 45 -0.248834 0 85 -0.248834 1
gene 1 18 41 -2.78199 0 86 -2.78199 1
gene 1 18 42 4.93187 0 87 4.93187 1
gene 1 18 43 -0.488914 0 88 -0.488914 1
gene 1 18 44 5 0 89 5 1
gene 1 18 45 -0.694055 0 90 -0.694055 1
gene 1 19 41 3.1511 0 91 3.1511 1
gene 1 19 42 -2.94562 0 92 -2.94562 1
gene 1 19 43 0.172546 0 93 0.172546 1
gene 1 19 44 2.7362 0 94 2.7362 1
gene 1 19 45 2.10568 0 95 2.10568 1
gene 1 20 41 1.04165 0 96 1.04165 1
gene 1 20 42 -0.604112 0 97 -0.604112 1
gene 1 20 43 -5 0 98 -5 1
gene 1 20 44 0.106751 0 99 0.106751 1
gene 1 20 45 -0.0729668 0 100 -0.0729668 1
gene 1 21 41 -0.466046 0 101 -0.466046 1
gene 1 21 42 3.41087 0 102 3.41087 1
gene 1 21 43 -1.54765 0 103 -1.54765 1
gene 1 21 44 0.991722 0 104 0.991722 1
gene 1 21 45 1.73209 0 105 1.73209 1
gene 1 22 41 -0.165173 0 106 -0.165173 1
gene 1 22 42 -0.374183 0 107 -0.374183 1
gene 1 22 43 -2.36769 0 108 -2.36769 1
gene 1 22 44 -2.20645 0 109 -2.20645 1
gene 1 22 45 -5 0 110 -5 1
gene 1 23 41 0.751731 0 111 0.751731 1
gene 1 23 42 -0.190055 0 112 -0.190055 1
gene 1 23 43 0.759099 0 113 0.759099 1
gene 1 23 44 1.36067 0 114 1.36067 1
gene 1 23 45 -3.82285 0 115 -3.82285 1
gene 1 24 41 -0.375679 0 116 -0.375679 1
gene 1 24 42 -1.7822 0 117 -1.7822 1
gene 1 24 43 3.43603 0 118 3.43603 1
gene 1 24 44 -4.03565 0 119 -4.03565 1
gene 1 24 45 0.492106 0 120 0.492106 1
gene 1 25 41 -4.38346 0 121 -4.38346 1
gene 1 25 42 -5 0 122 -5 1
gene 1 25 43 1.79472 0 123 1.79472 1
gene 1 25 44 4.26401 0 124 4.26401 1
gene 1 25 45 4.52462 0 125 4.52462 1
gene 1 26 41 -0.626873 0 126 -0.626873 1
gene 1 26 42 -0.689015 0 127 -0.689015 1
gene 1 26 43 2.08234 0 128 2.08234 1
gene 1 26 44 -3.55457 0 129 -3.55457 1
gene 1 26 45 -1.23404 0 130 -1.23404 1
gene 1 27 41 5 0 131 5 1
gene 1 27 42 -0.466387 0 132 -0.466387 1
gene 1 27 43 1.7855 0 133 1.7855 1
gene 1 27 44 1.1453 0 134 1.1453 1
gene 1 27 45 1.54572 0 135 1.54572 1
gene 1 28 41 2.19165 0 136 2.19165 1
gene 1 28 42 -0.487678 0 137 -0.487678 1
gene 1 28 43 2.07491 0 138 2.07491 1
gene 1 28 44 -5 0 139 -5 1
gene 1 28 45 2.93178 0 140 2.93178 1
gene 1 29 41 -0.880382 0 141 -0.880382 1
gene 1 29 42 0.0870142 0 142 0.0870142 1
gene 1 29 43 4.4671 0 143 4.4671 1
gene 1 29 44 1.33548 0 144 1.33548 1
gene 1 29 45 2.78782 0 145 2.78782 1
gene 1 30 41 -2.18168 0 146 -2.18168 1
gene 1 30 42 0.428522 0 147 0.428522 1
gene 1 30 43 -4.37886 0 148 -4.37886 1
gene 1 30 44 1.2202 0 149 1.2202 1
gene 1 30 45 -4.62829 0 150 -4.62829 1
gene 1 31 41 -0.618277 0 151 -0.618277 1
gene 1 31 42 0.184323 0 152 0.184323 1
gene 1 31 43 -1.03269 0 153 -1.03269 1
gene 1 31 44 1.32316 0 154 1.32316 1
gene 1 31 45 1.86897 0 155 1.86897 1
gene 1 32 41 0.958072 0 156 0.958072 1
gene 1 32 42 5 0 157 5 1
gene 1 32 43 2.55777 0 158 2.55777 1
gene 1 32 44 2.39642 0 159 2.39642 1
gene 1 32 45 2.19943 0 160 2.19943 1
gene 1 33 41 2.04597 0 161 2.04597 1
gene 1 33 42 -0.47066 0 162 -0.47066 1
gene 1 33 43 -2.83032 0 163 -2.83032 1
gene 1 33 44 0.532345 0 164 0.532345 1
gene 1 33 45 -1.37756 0 165 -1.37756 1
gene 1 34 41 1.44981 0 166 1.44981 1
gene 1 34 42 0.903877 0 167 0.903877 1
gene 1 34 43 -0.0114276 0 168 -0.0114276 1
gene 1 34 44 0.0494041 0 169 0.0494041 1
gene 1 34 45 -1.14041 0 170 -1.14041 1
gene 1 35 41 0.470536 0 171 0.470536 1
gene 1 35 42 0.21565 0 172 0.21565 1
gene 1 35 43 0.440215 0 173 0.440215 1
gene 1 35 44 0.592444 0 174 0.592444 1
gene 1 35 45 -1.20007 0 175 -1.20007 1
gene 1 36 41 -0.29146 0 176 -0.29146 1
gene 1 36 42 -0.754474 0 177 -0.754474 1
gene 1 36 43 0.72832 0 178 0.72832 1
gene 1 36 44 0.387817 0 179 0.387817 1
gene 1 36 45 -0.157377 0 180 -0.157377 1
gene 1 37 41 -0.0306422 0 181 -0.0306422 1
gene 1 37 42 -0.837768 0 182 -0.837768 1
gene 1 37 43 -1.3951 0 183 -1.3951 1
gene 1 37 44 -0.219578 0 184 -0.219578 1
gene 1 37 45 -0.852878 0 185 -0.852878 1
gene 1 38 41 1.19369 0 186 1.19369 1
gene 1 38 42 -0.0556908 0 187 -0.0556908 1
gene 1 38 43 0.803584 0 188 0.803584 1
gene 1 38 44 -0.390657 0 189 -0.390657 1
gene 1 38 45 0.274708 0 190 0.274708 1
gene 1 39 41 -0.0450947 0 191 -0.0450947 1
gene 1 39 42 -2.11018 0 192 -2.11018 1
gene 1 39 43 -2.67782 0 193 -2.67782 1
gene 1 39 44 -0.643959 0 194 -0.643959 1
gene 1 39 45 -0.319581 0 195 -0.319581 1
gene 1 40 41 2.71436 0 196 2.71436 1
gene 1 40 42 -1.50681 0 197 -1.50681 1
gene 1 40 43 0.957474 0 198 0.957474 1
gene 1 40 44 -1.35327 0 199 -1.35327 1
gene 1 40 45 -0.83898 0 200 -0.83898 1
genomeend 0


