/* Organism #1 Fitness: 17316.228000 Time: 0 */
genomestart 1
trait 1 0.000000 0.000000 0.428421 1.000000 0.859163 0.703369 0.428338 0.252142 
node 1 1 1 1
node 2 1 1 1
node 3 1 1 1
node 4 1 1 1
node 5 1 1 1
node 6 1 1 1
node 7 1 1 1
node 8 1 1 1
node 9 1 1 1
node 10 1 1 1
node 11 1 1 1
node 12 1 1 1
node 13 1 1 1
node 14 1 1 1
node 15 1 1 1
node 16 1 1 1
node 17 1 1 1
node 18 1 1 1
node 19 1 1 1
node 20 1 1 1
node 21 1 1 1
node 22 1 1 1
node 23 1 1 1
node 24 1 1 1
node 25 1 1 1
node 26 1 1 1
node 27 1 1 1
node 28 1 1 1
node 29 1 1 1
node 30 1 1 1
node 31 1 1 1
node 32 1 1 1
node 33 1 1 1
node 34 1 1 1
node 35 1 1 1
node 36 1 1 1
node 37 1 1 1
node 38 1 1 1
node 39 1 1 1
node 40 1 1 3
node 41 1 0 2
node 42 1 0 2
node 43 1 0 2
node 44 1 0 2
node 45 1 0 2
gene 1 1 41 1.446 0 1 1.446 1
gene 1 1 42 -0.49221 0 2 -0.49221 1
gene 1 1 43 -1.5828 0 3 -1.5828 1
gene 1 1 44 3.84623 0 4 3.84623 1
gene 1 1 45 0.0617831 0 5 0.0617831 1
gene 1 2 41 -1.9825 0 6 -1.9825 1
gene 1 2 42 1.17259 0 7 1.17259 1
gene 1 2 43 1.69741 0 8 1.69741 1
gene 1 2 44 -3.59944 0 9 -3.59944 1
gene 1 2 45 1.42302 0 10 1.42302 1
gene 1 3 41 -3.54441 0 11 -3.54441 1
gene 1 3 42 3.35119 0 12 3.35119 1
gene 1 3 43 -0.487604 0 13 -0.487604 1
gene 1 3 44 -1.6023 0 14 -1.6023 1
gene 1 3 45 -3.52434 0 15 -3.52434 1
gene 1 4 41 4.97168 0 16 4.97168 1
gene 1 4 42 4.33285 0 17 4.33285 1
gene 1 4 43 -0.200959 0 18 -0.200959 1
gene 1 4 44 -1.17256 0 19 -1.17256 1
gene 1 4 45 -1.48659 0 20 -1.48659 1
gene 1 5 41 -1.45821 0 21 -1.45821 1
gene 1 5 42 0.429298 0 22 0.429298 1
gene 1 5 43 0.98436 0 23 0.98436 1
gene 1 5 44 3.78843 0 24 3.78843 1
gene 1 5 45 -0.568327 0 25 -0.568327 1
gene 1 6 41 -0.841632 0 26 -0.841632 1
gene 1 6 42 -1.4449 0 27 -1.4449 1
gene 1 6 43 -0.49325 0 28 -0.49325 1
gene 1 6 44 0.71588 0 29 0.71588 1
gene 1 6 45 1.62706 0 30 1.62706 1
gene 1 7 41 -1.49418 0 31 -1.49418 1
gene 1 7 42 -3.18829 0 32 -3.18829 1
gene 1 7 43 -5 0 33 -5 1
gene 1 7 44 2.35438 0 34 2.35438 1
gene 1 7 45 0.564672 0 35 0.564672 1
gene 1 8 41 -1.97864 0 36 -1.97864 1
gene 1 8 42 2.20096 0 37 2.20096 1
gene 1 8 43 1.57105 0 38 1.57105 1
gene 1 8 44 1.16416 0 39 1.16416 1
gene 1 8 45 -1.12923 0 40 -1.12923 1
gene 1 9 41 -5 0 41 -5 1
gene 1 9 42 3.04427 0 42 3.04427 1
gene 1 9 43 -1.41549 0 43 -1.41549 1
gene 1 9 44 -2.25983 0 44 -2.25983 1
gene 1 9 45 -0.970458 0 45 -0.970458 1
gene 1 10 41 -2.83078 0 46 -2.83078 1
gene 1 10 42 0.802229 0 47 0.802229 1
gene 1 10 43 -0.168863 0 48 -0.168863 1
gene 1 10 44 3.06193 0 49 3.06193 1
gene 1 10 45 0.770134 0 50 0.770134 1
gene 1 11 41 1.63112 0 51 1.63112 1
gene 1 11 42 3.0856 0 52 3.0856 1
gene 1 11 43 -0.113994 0 53 -0.113994 1
gene 1 11 44 -0.44446 0 54 -0.44446 1
gene 1 11 45 4.73057 0 55 4.73057 1
gene 1 12 41 4.15371 0 56 4.15371 1
gene 1 12 42 -4.50138 0 57 -4.50138 1
gene 1 12 43 -0.56945 0 58 -0.56945 1
gene 1 12 44 -0.112034 0 59 -0.112034 1
gene 1 12 45 -1.00301 0 60 -1.00301 1
gene 1 13 41 1.21753 0 61 1.21753 1
gene 1 13 42 3.09518 0 62 3.09518 1
gene 1 13 43 -0.322916 0 63 -0.322916 1
gene 1 13 44 -0.816205 0 64 -0.816205 1
gene 1 13 45 0.0603326 0 65 0.0603326 1
gene 1 14 41 -2.89973 0 66 -2.89973 1
gene 1 14 42 5 0 67 5 1
gene 1 14 43 1.7121 0 68 1.7121 1
gene 1 14 44 -3.67478 0 69 -3.67478 1
gene 1 14 45 -1.60335 0 70 -1.60335 1
gene 1 15 41 -1.01731 0 71 -1.01731 1
gene 1 15 42 -0.608655 0 72 -0.608655 1
gene 1 15 43 -1.81263 0 73 -1.81263 1
gene 1 15 44 3.0275 0 74 3.0275 1
gene 1 15 45 -1.58301 0 75 -1.58301 1
gene 1 16 41 -1.72951 0 76 -1.72951 1
gene 1 16 42 -1.31651 0 77 -1.31651 1
gene 1 16 43 -2.78292 0 78 -2.78292 1
gene 1 16 44 -1.23614 0 79 -1.23614 1
gene 1 16 45 2.84384 0 80 2.84384 1
gene 1 17 41 -0.400723 0 81 -0.400723 1
gene 1 17 42 -0.542286 0 82 -0.542286 1
gene 1 17 43 -0.248722 0 83 -0.248722 1
gene 1 17 44 0.47823 0 84 0.47823 1
gene 1 17 45 5 0 85 5 1
gene 1 18 41 -3.65723 0 86 -3.65723 1
gene 1 18 42 -0.390739 0 87 -0.390739 1
gene 1 18 43 -2.59447 0 88 -2.59447 1
gene 1 18 44 -1.62489 0 89 -1.62489 1
gene 1 18 45 1.44152 0 90 1.44152 1
gene 1 19 41 2.2431 0 91 2.2431 1
gene 1 19 42 -3.48432 0 92 -3.48432 1
gene 1 19 43 1.46578 0 93 1.46578 1
gene 1 19 44 0.146608 0 94 0.146608 1
gene 1 19 45 -3.41553 0 95 -3.41553 1
gene 1 20 41 1.01146 0 96 1.01146 1
gene 1 20 42 0.533017 0 97 0.533017 1
gene 1 20 43 -1.78578 0 98 -1.78578 1
gene 1 20 44 -4.2814 0 99 -4.2814 1
gene 1 20 45 -1.85644 0 100 -1.85644 1
gene 1 21 41 1.66812 0 101 1.66812 1
gene 1 21 42 0.0899852 0 102 0.0899852 1
gene 1 21 43 0.129941 0 103 0.129941 1
gene 1 21 44 0.686743 0 104 0.686743 1
gene 1 21 45 -0.622637 0 105 -0.622637 1
gene 1 22 41 -0.147673 0 106 -0.147673 1
gene 1 22 42 0.556287 0 107 0.556287 1
gene 1 22 43 2.47959 0 108 2.47959 1
gene 1 22 44 1.31531 0 109 1.31531 1
gene 1 22 45 1.53327 0 110 1.53327 1
gene 1 23 41 0.253877 0 111 0.253877 1
gene 1 23 42 0.303144 0 112 0.303144 1
gene 1 23 43 2.10063 0 113 2.10063 1
gene 1 23 44 0.776401 0 114 0.776401 1
gene 1 23 45 -3.3021 0 115 -3.3021 1
gene 1 24 41 -3.64302 0 116 -3.64302 1
gene 1 24 42 1.31179 0 117 1.31179 1
gene 1 24 43 0.835133 0 118 0.835133 1
gene 1 24 44 0.934278 0 119 0.934278 1
gene 1 24 45 2.26707 0 120 2.26707 1
gene 1 25 41 5 0 121 5 1
gene 1 25 42 3.8051 0 122 3.8051 1
gene 1 25 43 4.98029 0 123 4.98029 1
gene 1 25 44 1.43611 0 124 1.43611 1
gene 1 25 45 -4.10635 0 125 -4.10635 1
gene 1 26 41 4.38252 0 126 4.38252 1
gene 1 26 42 -0.403299 0 127 -0.403299 1
gene 1 26 43 -1.3183 0 128 -1.3183 1
gene 1 26 44 -1.30834 0 129 -1.30834 1
gene 1 26 45 0.449395 0 130 0.449395 1
gene 1 27 41 1.44367 0 131 1.44367 1
gene 1 27 42 0.434348 0 132 0.434348 1
gene 1 27 43 2.89606 0 133 2.89606 1
gene 1 27 44 -0.272654 0 134 -0.272654 1
gene 1 27 45 0.382523 0 135 0.382523 1
gene 1 28 41 -0.755275 0 136 -0.755275 1
gene 1 28 42 1.7006 0 137 1.7006 1
gene 1 28 43 -4.59612 0 138 -4.59612 1
gene 1 28 44 -2.16459 0 139 -2.16459 1
gene 1 28 45 2.7282 0 140 2.7282 1
gene 1 29 41 0.374006 0 141 0.374006 1
gene 1 29 42 0.0432478 0 142 0.0432478 1
gene 1 29 43 -0.528432 0 143 -0.528432 1
gene 1 29 44 -1.24362 0 144 -1.24362 1
gene 1 29 45 0.0205056 0 145 0.0205056 1
gene 1 30 41 -3.16856 0 146 -3.16856 1
gene 1 30 42 -0.462824 0 147 -0.462824 1
gene 1 30 43 -2.80169 0 148 -2.80169 1
gene 1 30 44 -1.41654 0 149 -1.41654 1
gene 1 30 45 0.245323 0 150 0.245323 1
gene 1 31 41 -1.05789 0 151 -1.05789 1
gene 1 31 42 0.33294 0 152 0.33294 1
gene 1 31 43 -0.247007 0 153 -0.247007 1
gene 1 31 44 -2.99394 0 154 -2.99394 1
gene 1 31 45 -0.967875 0 155 -0.967875 1
gene 1 32 41 2.75479 0 156 2.75479 1
gene 1 32 42 -0.188053 0 157 -0.188053 1
gene 1 32 43 -1.6063 0 158 -1.6063 1
gene 1 32 44 -1.2147 0 159 -1.2147 1
gene 1 32 45 2.79309 0 160 2.79309 1
gene 1 33 41 -1.46918 0 161 -1.46918 1
gene 1 33 42 -0.694742 0 162 -0.694742 1
gene 1 33 43 0.0679315 0 163 0.0679315 1
gene 1 33 44 -0.528366 0 164 -0.528366 1
gene 1 33 45 0.634936 0 165 0.634936 1
gene 1 34 41 -0.664012 0 166 -0.664012 1
gene 1 34 42 -0.935851 0 167 -0.935851 1
gene 1 34 43 -0.680567 0 168 -0.680567 1
gene 1 34 44 -1.47418 0 169 -1.47418 1
gene 1 34 45 -0.588714 0 170 -0.588714 1
gene 1 35 41 -0.408285 0 171 -0.408285 1
gene 1 35 42 0.338503 0 172 0.338503 1
gene 1 35 43 0.474409 0 173 0.474409 1
gene 1 35 44 -0.165012 0 174 -0.165012 1
gene 1 35 45 0.541858 0 175 0.541858 1
gene 1 36 41 -0.194034 0 176 -0.194034 1
gene 1 36 42 0.362594 0 177 0.362594 1
gene 1 36 43 -0.704308 0 178 -0.704308 1
gene 1 36 44 0.67413 0 179 0.67413 1
gene 1 36 45 -0.603943 0 180 -0.603943 1
gene 1 37 41 -0.931774 0 181 -0.931774 1
gene 1 37 42 -1.18825 0 182 -1.18825 1
gene 1 37 43 -0.764101 0 183 -0.764101 1
gene 1 37 44 -0.849549 0 184 -0.849549 1
gene 1 37 45 0.243854 0 185 0.243854 1
gene 1 38 41 -1.66798 0 186 -1.66798 1
gene 1 38 42 -1.42593 0 187 -1.42593 1
gene 1 38 43 -0.182306 0 188 -0.182306 1
gene 1 38 44 0.860212 0 189 0.860212 1
gene 1 38 45 -0.48659 0 190 -0.48659 1
gene 1 39 41 0.653668 0 191 0.653668 1
gene 1 39 42 1.34761 0 192 1.34761 1
gene 1 39 43 0.0438317 0 193 0.0438317 1
gene 1 39 44 -0.316245 0 194 -0.316245 1
gene 1 39 45 0.41919 0 195 0.41919 1
gene 1 40 41 -1.23198 0 196 -1.23198 1
gene 1 40 42 0.422025 0 197 0.422025 1
gene 1 40 43 -2.56061 0 198 -2.56061 1
gene 1 40 44 -0.137935 0 199 -0.137935 1
gene 1 40 45 0.485262 0 200 0.485262 1
genomeend 1


