/* Organism #90 Fitness: 16567.084000 Time: 0 */
genomestart 90
trait 1 0.000000 0.956125 0.000000 0.195460 0.940118 0.000000 0.786248 0.790502 
node 1 1 1 1
node 2 1 1 1
node 3 1 1 1
node 4 1 1 1
node 5 1 1 1
node 6 1 1 1
node 7 1 1 1
node 8 1 1 1
node 9 1 1 1
node 10 1 1 1
node 11 1 1 1
node 12 1 1 1
node 13 1 1 1
node 14 1 1 1
node 15 1 1 1
node 16 1 1 1
node 17 1 1 1
node 18 1 1 1
node 19 1 1 1
node 20 1 1 1
node 21 1 1 1
node 22 1 1 1
node 23 1 1 1
node 24 1 1 1
node 25 1 1 1
node 26 1 1 1
node 27 1 1 1
node 28 1 1 1
node 29 1 1 1
node 30 1 1 1
node 31 1 1 1
node 32 1 1 1
node 33 1 1 1
node 34 1 1 1
node 35 1 1 1
node 36 1 1 1
node 37 1 1 1
node 38 1 1 1
node 39 1 1 1
node 40 1 1 3
node 41 1 0 2
node 42 1 0 2
node 43 1 0 2
node 44 1 0 2
node 45 1 0 2
gene 1 1 41 1.93502 0 1 1.93502 1
gene 1 1 42 -3.38269 0 2 -3.38269 1
gene 1 1 43 1.70804 0 3 1.70804 1
gene 1 1 44 5 0 4 5 1
gene 1 1 45 -0.835638 0 5 -0.835638 1
gene 1 2 41 -0.0551641 0 6 -0.0551641 1
gene 1 2 42 1.5529 0 7 1.5529 1
gene 1 2 43 0.957401 0 8 0.957401 1
gene 1 2 44 -2.94412 0 9 -2.94412 1
gene 1 2 45 2.61275 0 10 2.61275 1
gene 1 3 41 1.26976 0 11 1.26976 1
gene 1 3 42 2.35728 0 12 2.35728 1
gene 1 3 43 -1.07442 0 13 -1.07442 1
gene 1 3 44 -0.550011 0 14 -0.550011 1
gene 1 3 45 2.73378 0 15 2.73378 1
gene 1 4 41 -3.60795 0 16 -3.60795 1
gene 1 4 42 -2.20744 0 17 -2.20744 1
gene 1 4 43 1.52438 0 18 1.52438 1
gene 1 4 44 3.21803 0 19 3.21803 1
gene 1 4 45 -3.17984 0 20 -3.17984 1
gene 1 5 41 1.07448 0 21 1.07448 1
gene 1 5 42 0.596066 0 22 0.596066 1
gene 1 5 43 2.42271 0 23 2.42271 1
gene 1 5 44 -4.71271 0 24 -4.71271 1
gene 1 5 45 2.98308 0 25 2.98308 1
gene 1 6 41 5 0 26 5 1
gene 1 6 42 4.32319 0 27 4.32319 1
gene 1 6 43 -1.08255 0 28 -1.08255 1
gene 1 6 44 1.65484 0 29 1.65484 1
gene 1 6 45 0.463407 0 30 0.463407 1
gene 1 7 41 5 0 31 5 1
gene 1 7 42 0.0160416 0 32 0.0160416 1
gene 1 7 43 -2.44105 0 33 -2.44105 1
gene 1 7 44 3.01077 0 34 3.01077 1
gene 1 7 45 1.28254 0 35 1.28254 1
gene 1 8 41 5 0 36 5 1
gene 1 8 42 0.565418 0 37 0.565418 1
gene 1 8 43 -0.165791 0 38 -0.165791 1
gene 1 8 44 0.0394235 0 39 0.0394235 1
gene 1 8 45 4.51281 0 40 4.51281 1
gene 1 9 41 4.92459 0 41 4.92459 1
gene 1 9 42 0.498247 0 42 0.498247 1
gene 1 9 43 1.68862 0 43 1.68862 1
gene 1 9 44 0.472016 0 44 0.472016 1
gene 1 9 45 -2.0804 0 45 -2.0804 1
gene 1 10 41 0.264414 0 46 0.264414 1
gene 1 10 42 -2.00329 0 47 -2.00329 1
gene 1 10 43 -1.11818 0 48 -1.11818 1
gene 1 10 44 0.52906 0 49 0.52906 1
gene 1 10 45 -0.0311337 0 50 -0.0311337 1
gene 1 11 41 -4.84062 0 51 -4.84062 1
gene 1 11 42 4.34171 0 52 4.34171 1
gene 1 11 43 -1.08798 0 53 -1.08798 1
gene 1 11 44 -1.63634 0 54 -1.63634 1
gene 1 11 45 1.30296 0 55 1.30296 1
gene 1 12 41 -0.557865 0 56 -0.557865 1
gene 1 12 42 -0.0164942 0 57 -0.0164942 1
gene 1 12 43 -4.00663 0 58 -4.00663 1
gene 1 12 44 2.59302 0 59 2.59302 1
gene 1 12 45 0.944861 0 60 0.944861 1
gene 1 13 41 -3.44538 0 61 -3.44538 1
gene 1 13 42 -1.90654 0 62 -1.90654 1
gene 1 13 43 0.859289 0 63 0.859289 1
gene 1 13 44 -2.19398 0 64 -2.19398 1
gene 1 13 45 0.0526187 0 65 0.0526187 1
gene 1 14 41 -1.65375 0 66 -1.65375 1
gene 1 14 42 -0.742731 0 67 -0.742731 1
gene 1 14 43 -1.32317 0 68 -1.32317 1
gene 1 14 44 -3.74629 0 69 -3.74629 1
gene 1 14 45 0.584123 0 70 0.584123 1
gene 1 15 41 4.75015 0 71 4.75015 1
gene 1 15 42 1.06106 0 72 1.06106 1
gene 1 15 43 -1.16735 0 73 -1.16735 1
gene 1 15 44 0.322084 0 74 0.322084 1
gene 1 15 45 1.16028 0 75 1.16028 1
gene 1 16 41 3.08561 0 76 3.08561 1
gene 1 16 42 2.60319 0 77 2.60319 1
gene 1 16 43 -1.84657 0 78 -1.84657 1
gene 1 16 44 -1.50433 0 79 -1.50433 1
gene 1 16 45 -3.56076 0 80 -3.56076 1
gene 1 17 41 -0.655528 0 81 -0.655528 1
gene 1 17 42 -1.03082 0 82 -1.03082 1
gene 1 17 43 -2.41731 0 83 -2.41731 1
gene 1 17 44 -0.974673 0 84 -0.974673 1
gene 1 17 45 0.901843 0 85 0.901843 1
gene 1 18 41 4.98098 0 86 4.98098 1
gene 1 18 42 0.40544 0 87 0.40544 1
gene 1 18 43 -4.66962 0 88 -4.66962 1
gene 1 18 44 -2.16855 0 89 -2.16855 1
gene 1 18 45 -4.41404 0 90 -4.41404 1
gene 1 19 41 -2.09504 0 91 -2.09504 1
gene 1 19 42 -0.485335 0 92 -0.485335 1
gene 1 19 43 -4.04411 0 93 -4.04411 1
gene 1 19 44 -2.63101 0 94 -2.63101 1
gene 1 19 45 -0.528181 0 95 -0.528181 1
gene 1 20 41 -3.5822 0 96 -3.5822 1
gene 1 20 42 -1.13298 0 97 -1.13298 1
gene 1 20 43 -0.364502 0 98 -0.364502 1
gene 1 20 44 -3.10126 0 99 -3.10126 1
gene 1 20 45 -0.220309 0 100 -0.220309 1
gene 1 21 41 4.0307 0 101 4.0307 1
gene 1 21 42 4.52777 0 102 4.52777 1
gene 1 21 43 2.99655 0 103 2.99655 1
gene 1 21 44 2.93218 0 104 2.93218 1
gene 1 21 45 -3.83395 0 105 -3.83395 1
gene 1 22 41 5 0 106 5 1
gene 1 22 42 4.72394 0 107 4.72394 1
gene 1 22 43 -2.53524 0 108 -2.53524 1
gene 1 22 44 -0.407529 0 109 -0.407529 1
gene 1 22 45 2.70794 0 110 2.70794 1
gene 1 23 41 0.309631 0 111 0.309631 1
gene 1 23 42 1.61852 0 112 1.61852 1
gene 1 23 43 0.737925 0 113 0.737925 1
gene 1 23 44 -0.300962 0 114 -0.300962 1
gene 1 23 45 2.04849 0 115 2.04849 1
gene 1 24 41 3.72233 0 116 3.72233 1
gene 1 24 42 3.65185 0 117 3.65185 1
gene 1 24 43 0.435343 0 118 0.435343 1
gene 1 24 44 1.28538 0 119 1.28538 1
gene 1 24 45 -3.37379 0 120 -3.37379 1
gene 1 25 41 -4.76255 0 121 -4.76255 1
gene 1 25 42 4.39782 0 122 4.39782 1
gene 1 25 43 1.7162 0 123 1.7162 1
gene 1 25 44 -3.29291 0 124 -3.29291 1
gene 1 25 45 3.99364 0 125 3.99364 1
gene 1 26 41 -1.82438 0 126 -1.82438 1
gene 1 26 42 -4.59402 0 127 -4.59402 1
gene 1 26 43 4.87239 0 128 4.87239 1
gene 1 26 44 2.76852 0 129 2.76852 1
gene 1 26 45 -1.85958 0 130 -1.85958 1
gene 1 27 41 -4.31743 0 131 -4.31743 1
gene 1 27 42 3.58932 0 132 3.58932 1
gene 1 27 43 -4.35002 0 133 -4.35002 1
gene 1 27 44 -0.383273 0 134 -0.383273 1
gene 1 27 45 0.723381 0 135 0.723381 1
gene 1 28 41 2.09813 0 136 2.09813 1
gene 1 28 42 2.77965 0 137 2.77965 1
gene 1 28 43 -1.35596 0 138 -1.35596 1
gene 1 28 44 0.825372 0 139 0.825372 1
gene 1 28 45 0.108425 0 140 0.108425 1
gene 1 29 41 -2.14853 0 141 -2.14853 1
gene 1 29 42 2.88053 0 142 2.88053 1
gene 1 29 43 2.66921 0 143 2.66921 1
gene 1 29 44 1.33479 0 144 1.33479 1
gene 1 29 45 -0.314262 0 145 -0.314262 1
gene 1 30 41 2.33141 0 146 2.33141 1
gene 1 30 42 1.04399 0 147 1.04399 1
gene 1 30 43 -5 0 148 -5 1
gene 1 30 44 3.44697 0 149 3.44697 1
gene 1 30 45 -1.5708 0 150 -1.5708 1
gene 1 31 41 -3.83532 0 151 -3.83532 1
gene 1 31 42 4.20038 0 152 4.20038 1
gene 1 31 43 2.54405 0 153 2.54405 1
gene 1 31 44 -3.33192 0 154 -3.33192 1
gene 1 31 45 2.89707 0 155 2.89707 1
gene 1 32 41 1.83164 0 156 1.83164 1
gene 1 32 42 -2.17454 0 157 -2.17454 1
gene 1 32 43 2.33219 0 158 2.33219 1
gene 1 32 44 -3.38661 0 159 -3.38661 1
gene 1 32 45 -4.10748 0 160 -4.10748 1
gene 1 33 41 -1.31379 0 161 -1.31379 1
gene 1 33 42 -0.0373922 0 162 -0.0373922 1
gene 1 33 43 -0.128959 0 163 -0.128959 1
gene 1 33 44 -0.00398289 0 164 -0.00398289 1
gene 1 33 45 -0.160958 0 165 -0.160958 1
gene 1 34 41 -0.982179 0 166 -0.982179 1
gene 1 34 42 0.857858 0 167 0.857858 1
gene 1 34 43 -1.42178 0 168 -1.42178 1
gene 1 34 44 1.41873 0 169 1.41873 1
gene 1 34 45 -0.616733 0 170 -0.616733 1
gene 1 35 41 -5 0 171 -5 1
gene 1 35 42 -0.857566 0 172 -0.857566 1
gene 1 35 43 -0.133296 0 173 -0.133296 1
gene 1 35 44 0.801809 0 174 0.801809 1
gene 1 35 45 0.0589554 0 175 0.0589554 1
gene 1 36 41 0.550734 0 176 0.550734 1
gene 1 36 42 2.04295 0 177 2.04295 1
gene 1 36 43 -1.03544 0 178 -1.03544 1
gene 1 36 44 0.0196012 0 179 0.0196012 1
gene 1 36 45 0.361435 0 180 0.361435 1
gene 1 37 41 0.54577 0 181 0.54577 1
gene 1 37 42 -0.776908 0 182 -0.776908 1
gene 1 37 43 -0.862432 0 183 -0.862432 1
gene 1 37 44 -1.44524 0 184 -1.44524 1
gene 1 37 45 2.12034 0 185 2.12034 1
gene 1 38 41 0.526063 0 186 0.526063 1
gene 1 38 42 -0.7101 0 187 -0.7101 1
gene 1 38 43 -0.133686 0 188 -0.133686 1
gene 1 38 44 -0.255588 0 189 -0.255588 1
gene 1 38 45 0.830781 0 190 0.830781 1
gene 1 39 41 1.10073 0 191 1.10073 1
gene 1 39 42 0.847027 0 192 0.847027 1
gene 1 39 43 -0.095216 0 193 -0.095216 1
gene 1 39 44 1.45718 0 194 1.45718 1
gene 1 39 45 -0.896875 0 195 -0.896875 1
gene 1 40 41 -0.127824 0 196 -0.127824 1
gene 1 40 42 4.87828 0 197 4.87828 1
gene 1 40 43 0.947916 0 198 0.947916 1
gene 1 40 44 -0.92587 0 199 -0.92587 1
gene 1 40 45 -2.63549 0 200 -2.63549 1
genomeend 90


