/* Organism #1 Fitness: 16710.936000 Time: 0 */
genomestart 1
trait 1 0.000000 0.000000 0.935388 0.227708 1.000000 0.697904 1.000000 1.000000 
node 1 1 1 1
node 2 1 1 1
node 3 1 1 1
node 4 1 1 1
node 5 1 1 1
node 6 1 1 1
node 7 1 1 1
node 8 1 1 1
node 9 1 1 1
node 10 1 1 1
node 11 1 1 1
node 12 1 1 1
node 13 1 1 1
node 14 1 1 1
node 15 1 1 1
node 16 1 1 1
node 17 1 1 1
node 18 1 1 1
node 19 1 1 1
node 20 1 1 1
node 21 1 1 1
node 22 1 1 1
node 23 1 1 1
node 24 1 1 1
node 25 1 1 1
node 26 1 1 1
node 27 1 1 1
node 28 1 1 1
node 29 1 1 1
node 30 1 1 1
node 31 1 1 1
node 32 1 1 1
node 33 1 1 1
node 34 1 1 1
node 35 1 1 1
node 36 1 1 1
node 37 1 1 1
node 38 1 1 1
node 39 1 1 1
node 40 1 1 3
node 41 1 0 2
node 42 1 0 2
node 43 1 0 2
node 44 1 0 2
node 45 1 0 2
gene 1 1 41 1.21787 0 1 1.21787 1
gene 1 1 42 -1.07293 0 2 -1.07293 1
gene 1 1 43 2.85785 0 3 2.85785 1
gene 1 1 44 -1.95629 0 4 -1.95629 1
gene 1 1 45 1.23824 0 5 1.23824 1
gene 1 2 41 -2.36207 0 6 -2.36207 1
gene 1 2 42 -3.87863 0 7 -3.87863 1
gene 1 2 43 0.780427 0 8 0.780427 1
gene 1 2 44 -0.320944 0 9 -0.320944 1
gene 1 2 45 1.15916 0 10 1.15916 1
gene 1 3 41 -3.0363 0 11 -3.0363 1
gene 1 3 42 4.07859 0 12 4.07859 1
gene 1 3 43 1.35657 0 13 1.35657 1
gene 1 3 44 2.58359 0 14 2.58359 1
gene 1 3 45 2.90255 0 15 2.90255 1
gene 1 4 41 2.93914 0 16 2.93914 1
gene 1 4 42 -1.72284 0 17 -1.72284 1
gene 1 4 43 -3.55548 0 18 -3.55548 1
gene 1 4 44 -1.27994 0 19 -1.27994 1
gene 1 4 45 5 0 20 5 1
gene 1 5 41 4.76194 0 21 4.76194 1
gene 1 5 42 2.18443 0 22 2.18443 1
gene 1 5 43 -0.675633 0 23 -0.675633 1
gene 1 5 44 -3.19312 0 24 -3.19312 1
gene 1 5 45 -2.46833 0 25 -2.46833 1
gene 1 6 41 3.83574 0 26 3.83574 1
gene 1 6 42 1.22978 0 27 1.22978 1
gene 1 6 43 -3.73824 0 28 -3.73824 1
gene 1 6 44 -2.37719 0 29 -2.37719 1
gene 1 6 45 2.25622 0 30 2.25622 1
gene 1 7 41 -1.5204 0 31 -1.5204 1
gene 1 7 42 -3.84888 0 32 -3.84888 1
gene 1 7 43 -4.30184 0 33 -4.30184 1
gene 1 7 44 0.855992 0 34 0.855992 1
gene 1 7 45 -1.11537 0 35 -1.11537 1
gene 1 8 41 -4.03889 0 36 -4.03889 1
gene 1 8 42 1.11353 0 37 1.11353 1
gene 1 8 43 1.86921 0 38 1.86921 1
gene 1 8 44 1.82683 0 39 1.82683 1
gene 1 8 45 -0.494264 0 40 -0.494264 1
gene 1 9 41 1.20956 0 41 1.20956 1
gene 1 9 42 1.92134 0 42 1.92134 1
gene 1 9 43 2.83718 0 43 2.83718 1
gene 1 9 44 0.959553 0 44 0.959553 1
gene 1 9 45 0.704661 0 45 0.704661 1
gene 1 10 41 4.25952 0 46 4.25952 1
gene 1 10 42 1.40947 0 47 1.40947 1
gene 1 10 43 -1.14728 0 48 -1.14728 1
gene 1 10 44 -2.60241 0 49 -2.60241 1
gene 1 10 45 -0.218406 0 50 -0.218406 1
gene 1 11 41 -1.08219 0 51 -1.08219 1
gene 1 11 42 4.21767 0 52 4.21767 1
gene 1 11 43 -0.332791 0 53 -0.332791 1
gene 1 11 44 -1.05908 0 54 -1.05908 1
gene 1 11 45 3.89691 0 55 3.89691 1
gene 1 12 41 -0.206087 0 56 -0.206087 1
gene 1 12 42 -1.34094 0 57 -1.34094 1
gene 1 12 43 -0.689844 0 58 -0.689844 1
gene 1 12 44 -0.266155 0 59 -0.266155 1
gene 1 12 45 -4.46585 0 60 -4.46585 1
gene 1 13 41 -5 0 61 -5 1
gene 1 13 42 2.51709 0 62 2.51709 1
gene 1 13 43 -0.696458 0 63 -0.696458 1
gene 1 13 44 0.426243 0 64 0.426243 1
gene 1 13 45 -0.753493 0 65 -0.753493 1
gene 1 14 41 1.92936 0 66 1.92936 1
gene 1 14 42 -1.84019 0 67 -1.84019 1
gene 1 14 43 -3.07262 0 68 -3.07262 1
gene 1 14 44 0.752157 0 69 0.752157 1
gene 1 14 45 0.11774 0 70 0.11774 1
gene 1 15 41 4.14695 0 71 4.14695 1
gene 1 15 42 -4.49114 0 72 -4.49114 1
gene 1 15 43 0.579548 0 73 0.579548 1
gene 1 15 44 1.62673 0 74 1.62673 1
gene 1 15 45 -0.282152 0 75 -0.282152 1
gene 1 16 41 2.52244 0 76 2.52244 1
gene 1 16 42 -0.177179 0 77 -0.177179 1
gene 1 16 43 0.947741 0 78 0.947741 1
gene 1 16 44 0.739515 0 79 0.739515 1
gene 1 16 45 0.46049 0 80 0.46049 1
gene 1 17 41 1.2435 0 81 1.2435 1
gene 1 17 42 1.01584 0 82 1.01584 1
gene 1 17 43 1.2268 0 83 1.2268 1
gene 1 17 44 0.944669 0 84 0.944669 1
gene 1 17 45 -1.69013 0 85 -1.69013 1
gene 1 18 41 3.39003 0 86 3.39003 1
gene 1 18 42 0.824671 0 87 0.824671 1
gene 1 18 43 1.01725 0 88 1.01725 1
gene 1 18 44 0.887594 0 89 0.887594 1
gene 1 18 45 -1.82735 0 90 -1.82735 1
gene 1 19 41 0.734241 0 91 0.734241 1
gene 1 19 42 2.9064 0 92 2.9064 1
gene 1 19 43 -3.42401 0 93 -3.42401 1
gene 1 19 44 -1.18354 0 94 -1.18354 1
gene 1 19 45 -1.21684 0 95 -1.21684 1
gene 1 20 41 -2.45045 0 96 -2.45045 1
gene 1 20 42 -0.159465 0 97 -0.159465 1
gene 1 20 43 -0.339849 0 98 -0.339849 1
gene 1 20 44 -0.228431 0 99 -0.228431 1
gene 1 20 45 -0.771467 0 100 -0.771467 1
gene 1 21 41 -1.24543 0 101 -1.24543 1
gene 1 21 42 3.21964 0 102 3.21964 1
gene 1 21 43 -0.730506 0 103 -0.730506 1
gene 1 21 44 1.05635 0 104 1.05635 1
gene 1 21 45 5 0 105 5 1
gene 1 22 41 -4.25355 0 106 -4.25355 1
gene 1 22 42 0.0916096 0 107 0.0916096 1
gene 1 22 43 0.670806 0 108 0.670806 1
gene 1 22 44 -1.2418 0 109 -1.2418 1
gene 1 22 45 3.85356 0 110 3.85356 1
gene 1 23 41 1.34697 0 111 1.34697 1
gene 1 23 42 0.851122 0 112 0.851122 1
gene 1 23 43 -0.839892 0 113 -0.839892 1
gene 1 23 44 3.3854 0 114 3.3854 1
gene 1 23 45 -1.26129 0 115 -1.26129 1
gene 1 24 41 -3.50255 0 116 -3.50255 1
gene 1 24 42 -0.027614 0 117 -0.027614 1
gene 1 24 43 0.226381 0 118 0.226381 1
gene 1 24 44 -0.116185 0 119 -0.116185 1
gene 1 24 45 -0.473738 0 120 -0.473738 1
gene 1 25 41 -2.53369 0 121 -2.53369 1
gene 1 25 42 4.64335 0 122 4.64335 1
gene 1 25 43 2.4083 0 123 2.4083 1
gene 1 25 44 1.15584 0 124 1.15584 1
gene 1 25 45 -2.05239 0 125 -2.05239 1
gene 1 26 41 -0.902435 0 126 -0.902435 1
gene 1 26 42 -1.09206 0 127 -1.09206 1
gene 1 26 43 2.32878 0 128 2.32878 1
gene 1 26 44 -3.55993 0 129 -3.55993 1
gene 1 26 45 -5 0 130 -5 1
gene 1 27 41 4.56202 0 131 4.56202 1
gene 1 27 42 0.743314 0 132 0.743314 1
gene 1 27 43 -0.874252 0 133 -0.874252 1
gene 1 27 44 1.16319 0 134 1.16319 1
gene 1 27 45 4.3365 0 135 4.3365 1
gene 1 28 41 0.0433936 0 136 0.0433936 1
gene 1 28 42 0.486555 0 137 0.486555 1
gene 1 28 43 1.2232 0 138 1.2232 1
gene 1 28 44 1.70891 0 139 1.70891 1
gene 1 28 45 -4.02223 0 140 -4.02223 1
gene 1 29 41 0.68329 0 141 0.68329 1
gene 1 29 42 0.0425778 0 142 0.0425778 1
gene 1 29 43 0.58174 0 143 0.58174 1
gene 1 29 44 -1.20648 0 144 -1.20648 1
gene 1 29 45 3.52392 0 145 3.52392 1
gene 1 30 41 -0.388077 0 146 -0.388077 1
gene 1 30 42 -5 0 147 -5 1
gene 1 30 43 -2.53976 0 148 -2.53976 1
gene 1 30 44 1.32219 0 149 1.32219 1
gene 1 30 45 -0.114019 0 150 -0.114019 1
gene 1 31 41 3.76006 0 151 3.76006 1
gene 1 31 42 -1.41964 0 152 -1.41964 1
gene 1 31 43 0.65578 0 153 0.65578 1
gene 1 31 44 3.81614 0 154 3.81614 1
gene 1 31 45 1.19431 0 155 1.19431 1
gene 1 32 41 -3.77631 0 156 -3.77631 1
gene 1 32 42 2.09887 0 157 2.09887 1
gene 1 32 43 -0.13801 0 158 -0.13801 1
gene 1 32 44 2.42095 0 159 2.42095 1
gene 1 32 45 0.177432 0 160 0.177432 1
gene 1 33 41 2.68413 0 161 2.68413 1
gene 1 33 42 -0.972192 0 162 -0.972192 1
gene 1 33 43 -0.582645 0 163 -0.582645 1
gene 1 33 44 -1.8522 0 164 -1.8522 1
gene 1 33 45 0.368613 0 165 0.368613 1
gene 1 34 41 0.484283 0 166 0.484283 1
gene 1 34 42 0.862885 0 167 0.862885 1
gene 1 34 43 1.4515 0 168 1.4515 1
gene 1 34 44 -0.358215 0 169 -0.358215 1
gene 1 34 45 0.150468 0 170 0.150468 1
gene 1 35 41 0.361753 0 171 0.361753 1
gene 1 35 42 0.043008 0 172 0.043008 1
gene 1 35 43 -1.98888 0 173 -1.98888 1
gene 1 35 44 -2.80393 0 174 -2.80393 1
gene 1 35 45 -0.171162 0 175 -0.171162 1
gene 1 36 41 -0.033625 0 176 -0.033625 1
gene 1 36 42 -1.65994 0 177 -1.65994 1
gene 1 36 43 0.942446 0 178 0.942446 1
gene 1 36 44 -0.342101 0 179 -0.342101 1
gene 1 36 45 -0.930631 0 180 -0.930631 1
gene 1 37 41 -2.13674 0 181 -2.13674 1
gene 1 37 42 -0.494117 0 182 -0.494117 1
gene 1 37 43 -1.66309 0 183 -1.66309 1
gene 1 37 44 0.791925 0 184 0.791925 1
gene 1 37 45 0.887158 0 185 0.887158 1
gene 1 38 41 0.499105 0 186 0.499105 1
gene 1 38 42 0.0697656 0 187 0.0697656 1
gene 1 38 43 0.892112 0 188 0.892112 1
gene 1 38 44 -0.180729 0 189 -0.180729 1
gene 1 38 45 -0.214511 0 190 -0.214511 1
gene 1 39 41 -0.190934 0 191 -0.190934 1
gene 1 39 42 -1.33718 0 192 -1.33718 1
gene 1 39 43 0.572509 0 193 0.572509 1
gene 1 39 44 0.154446 0 194 0.154446 1
gene 1 39 45 0.852631 0 195 0.852631 1
gene 1 40 41 -1.77328 0 196 -1.77328 1
gene 1 40 42 -0.370942 0 197 -0.370942 1
gene 1 40 43 0.353712 0 198 0.353712 1
gene 1 40 44 3.12666 0 199 3.12666 1
gene 1 40 45 -1.04315 0 200 -1.04315 1
genomeend 1


