/* Organism #0 Fitness: 16975.136000 Time: 0 */
genomestart 0
trait 1 0.100000 0.000000 0.000000 0.000000 0.088194 0.000000 0.396810 0.921088 
node 1 1 1 1
node 2 1 1 1
node 3 1 1 1
node 4 1 1 1
node 5 1 1 1
node 6 1 1 1
node 7 1 1 1
node 8 1 1 1
node 9 1 1 1
node 10 1 1 1
node 11 1 1 1
node 12 1 1 1
node 13 1 1 1
node 14 1 1 1
node 15 1 1 1
node 16 1 1 1
node 17 1 1 1
node 18 1 1 1
node 19 1 1 1
node 20 1 1 1
node 21 1 1 1
node 22 1 1 1
node 23 1 1 1
node 24 1 1 1
node 25 1 1 1
node 26 1 1 1
node 27 1 1 1
node 28 1 1 1
node 29 1 1 1
node 30 1 1 1
node 31 1 1 1
node 32 1 1 1
node 33 1 1 1
node 34 1 1 1
node 35 1 1 1
node 36 1 1 1
node 37 1 1 1
node 38 1 1 1
node 39 1 1 1
node 40 1 1 3
node 41 1 0 2
node 42 1 0 2
node 43 1 0 2
node 44 1 0 2
node 45 1 0 2
gene 1 1 41 -1.41058 0 1 -1.41058 1
gene 1 1 42 -2.16821 0 2 -2.16821 1
gene 1 1 43 -0.188292 0 3 -0.188292 1
gene 1 1 44 -0.420741 0 4 -0.420741 1
gene 1 1 45 1.14802 0 5 1.14802 1
gene 1 2 41 -1.00317 0 6 -1.00317 1
gene 1 2 42 -0.0545795 0 7 -0.0545795 1
gene 1 2 43 -2.05363 0 8 -2.05363 1
gene 1 2 44 0.302477 0 9 0.302477 1
gene 1 2 45 -0.7724 0 10 -0.7724 1
gene 1 3 41 3.06838 0 11 3.06838 1
gene 1 3 42 2.84942 0 12 2.84942 1
gene 1 3 43 0.579486 0 13 0.579486 1
gene 1 3 44 -0.942146 0 14 -0.942146 1
gene 1 3 45 1.62201 0 15 1.62201 1
gene 1 4 41 0.88331 0 16 0.88331 1
gene 1 4 42 -0.763434 0 17 -0.763434 1
gene 1 4 43 2.8539 0 18 2.8539 1
gene 1 4 44 -2.31601 0 19 -2.31601 1
gene 1 4 45 1.2097 0 20 1.2097 1
gene 1 5 41 4.1936 0 21 4.1936 1
gene 1 5 42 1.64917 0 22 1.64917 1
gene 1 5 43 -1.55724 0 23 -1.55724 1
gene 1 5 44 4.28991 0 24 4.28991 1
gene 1 5 45 2.47284 0 25 2.47284 1
gene 1 6 41 1.02111 0 26 1.02111 1
gene 1 6 42 -1.88936 0 27 -1.88936 1
gene 1 6 43 -1.19675 0 28 -1.19675 1
gene 1 6 44 0.569806 0 29 0.569806 1
gene 1 6 45 1.408 0 30 1.408 1
gene 1 7 41 -2.72096 0 31 -2.72096 1
gene 1 7 42 3.37465 0 32 3.37465 1
gene 1 7 43 3.71798 0 33 3.71798 1
gene 1 7 44 -4.44391 0 34 -4.44391 1
gene 1 7 45 1.76546 0 35 1.76546 1
gene 1 8 41 -1.17439 0 36 -1.17439 1
gene 1 8 42 -3.60634 0 37 -3.60634 1
gene 1 8 43 0.197857 0 38 0.197857 1
gene 1 8 44 2.49073 0 39 2.49073 1
gene 1 8 45 -0.359975 0 40 -0.359975 1
gene 1 9 41 -2.18921 0 41 -2.18921 1
gene 1 9 42 -0.065854 0 42 -0.065854 1
gene 1 9 43 0.111973 0 43 0.111973 1
gene 1 9 44 -0.492809 0 44 -0.492809 1
gene 1 9 45 1.08523 0 45 1.08523 1
gene 1 10 41 -0.672265 0 46 -0.672265 1
gene 1 10 42 -0.364043 0 47 -0.364043 1
gene 1 10 43 2.0933 0 48 2.0933 1
gene 1 10 44 -1.04932 0 49 -1.04932 1
gene 1 10 45 5 0 50 5 1
gene 1 11 41 -2.64126 0 51 -2.64126 1
gene 1 11 42 -0.202012 0 52 -0.202012 1
gene 1 11 43 0.605379 0 53 0.605379 1
gene 1 11 44 0.981166 0 54 0.981166 1
gene 1 11 45 2.89277 0 55 2.89277 1
gene 1 12 41 1.66771 0 56 1.66771 1
gene 1 12 42 -5 0 57 -5 1
gene 1 12 43 0.300709 0 58 0.300709 1
gene 1 12 44 -2.01253 0 59 -2.01253 1
gene 1 12 45 -2.08519 0 60 -2.08519 1
gene 1 13 41 -0.267014 0 61 -0.267014 1
gene 1 13 42 -0.523805 0 62 -0.523805 1
gene 1 13 43 1.37364 0 63 1.37364 1
gene 1 13 44 3.02223 0 64 3.02223 1
gene 1 13 45 0.990069 0 65 0.990069 1
gene 1 14 41 -3.47702 0 66 -3.47702 1
gene 1 14 42 3.22819 0 67 3.22819 1
gene 1 14 43 1.51052 0 68 1.51052 1
gene 1 14 44 -0.433558 0 69 -0.433558 1
gene 1 14 45 -0.665555 0 70 -0.665555 1
gene 1 15 41 -4.17088 0 71 -4.17088 1
gene 1 15 42 -0.122945 0 72 -0.122945 1
gene 1 15 43 0.167684 0 73 0.167684 1
gene 1 15 44 1.8204 0 74 1.8204 1
gene 1 15 45 -3.18091 0 75 -3.18091 1
gene 1 16 41 -3.22546 0 76 -3.22546 1
gene 1 16 42 4.70187 0 77 4.70187 1
gene 1 16 43 -0.653427 0 78 -0.653427 1
gene 1 16 44 1.3236 0 79 1.3236 1
gene 1 16 45 0.276903 0 80 0.276903 1
gene 1 17 41 -0.55313 0 81 -0.55313 1
gene 1 17 42 0.347298 0 82 0.347298 1
gene 1 17 43 -0.431296 0 83 -0.431296 1
gene 1 17 44 2.49108 0 84 2.49108 1
gene 1 17 45 0.543568 0 85 0.543568 1
gene 1 18 41 -2.38858 0 86 -2.38858 1
gene 1 18 42 -2.72893 0 87 -2.72893 1
gene 1 18 43 0.973764 0 88 0.973764 1
gene 1 18 44 0.479533 0 89 0.479533 1
gene 1 18 45 0.915679 0 90 0.915679 1
gene 1 19 41 1.41379 0 91 1.41379 1
gene 1 19 42 -0.492361 0 92 -0.492361 1
gene 1 19 43 -1.92603 0 93 -1.92603 1
gene 1 19 44 0.244505 0 94 0.244505 1
gene 1 19 45 5 0 95 5 1
gene 1 20 41 3.48055 0 96 3.48055 1
gene 1 20 42 1.9506 0 97 1.9506 1
gene 1 20 43 -2.09982 0 98 -2.09982 1
gene 1 20 44 2.99327 0 99 2.99327 1
gene 1 20 45 0.729478 0 100 0.729478 1
gene 1 21 41 -0.137559 0 101 -0.137559 1
gene 1 21 42 -0.599414 0 102 -0.599414 1
gene 1 21 43 0.210274 0 103 0.210274 1
gene 1 21 44 3.12874 0 104 3.12874 1
gene 1 21 45 -0.20415 0 105 -0.20415 1
gene 1 22 41 1.61593 0 106 1.61593 1
gene 1 22 42 -1.38205 0 107 -1.38205 1
gene 1 22 43 -1.31926 0 108 -1.31926 1
gene 1 22 44 1.78285 0 109 1.78285 1
gene 1 22 45 0.66766 0 110 0.66766 1
gene 1 23 41 -0.0430136 0 111 -0.0430136 1
gene 1 23 42 -0.975938 0 112 -0.975938 1
gene 1 23 43 -1.64159 0 113 -1.64159 1
gene 1 23 44 1.58438 0 114 1.58438 1
gene 1 23 45 1.27257 0 115 1.27257 1
gene 1 24 41 0.038834 0 116 0.038834 1
gene 1 24 42 -0.835424 0 117 -0.835424 1
gene 1 24 43 -1.4149 0 118 -1.4149 1
gene 1 24 44 -0.764142 0 119 -0.764142 1
gene 1 24 45 1.22154 0 120 1.22154 1
gene 1 25 41 3.71258 0 121 3.71258 1
gene 1 25 42 2.3382 0 122 2.3382 1
gene 1 25 43 -0.899253 0 123 -0.899253 1
gene 1 25 44 -5 0 124 -5 1
gene 1 25 45 2.71759 0 125 2.71759 1
gene 1 26 41 -4.88489 0 126 -4.88489 1
gene 1 26 42 -1.76421 0 127 -1.76421 1
gene 1 26 43 3.65598 0 128 3.65598 1
gene 1 26 44 0.300737 0 129 0.300737 1
gene 1 26 45 2.05977 0 130 2.05977 1
gene 1 27 41 0.291165 0 131 0.291165 1
gene 1 27 42 -2.71756 0 132 -2.71756 1
gene 1 27 43 1.65228 0 133 1.65228 1
gene 1 27 44 -0.120851 0 134 -0.120851 1
gene 1 27 45 0.303092 0 135 0.303092 1
gene 1 28 41 -0.771395 0 136 -0.771395 1
gene 1 28 42 -2.5746 0 137 -2.5746 1
gene 1 28 43 1.87458 0 138 1.87458 1
gene 1 28 44 -0.995839 0 139 -0.995839 1
gene 1 28 45 1.30903 0 140 1.30903 1
gene 1 29 41 0.724523 0 141 0.724523 1
gene 1 29 42 1.01866 0 142 1.01866 1
gene 1 29 43 4.00477 0 143 4.00477 1
gene 1 29 44 -4.60666 0 144 -4.60666 1
gene 1 29 45 3.50956 0 145 3.50956 1
gene 1 30 41 -4.12617 0 146 -4.12617 1
gene 1 30 42 -2.64396 0 147 -2.64396 1
gene 1 30 43 -3.85896 0 148 -3.85896 1
gene 1 30 44 -1.61979 0 149 -1.61979 1
gene 1 30 45 0.140187 0 150 0.140187 1
gene 1 31 41 -2.22923 0 151 -2.22923 1
gene 1 31 42 2.78145 0 152 2.78145 1
gene 1 31 43 -2.14298 0 153 -2.14298 1
gene 1 31 44 -0.567484 0 154 -0.567484 1
gene 1 31 45 0.0980902 0 155 0.0980902 1
gene 1 32 41 -0.435457 0 156 -0.435457 1
gene 1 32 42 -0.933202 0 157 -0.933202 1
gene 1 32 43 4.99989 0 158 4.99989 1
gene 1 32 44 0.493996 0 159 0.493996 1
gene 1 32 45 4.9408 0 160 4.9408 1
gene 1 33 41 0.503573 0 161 0.503573 1
gene 1 33 42 -1.73895 0 162 -1.73895 1
gene 1 33 43 -0.15303 0 163 -0.15303 1
gene 1 33 44 0.0799223 0 164 0.0799223 1
gene 1 33 45 -0.212849 0 165 -0.212849 1
gene 1 34 41 1.30689 0 166 1.30689 1
gene 1 34 42 0.441187 0 167 0.441187 1
gene 1 34 43 -1.74433 0 168 -1.74433 1
gene 1 34 44 0.0394377 0 169 0.0394377 1
gene 1 34 45 -0.883449 0 170 -0.883449 1
gene 1 35 41 2.20633 0 171 2.20633 1
gene 1 35 42 0.80659 0 172 0.80659 1
gene 1 35 43 0.94075 0 173 0.94075 1
gene 1 35 44 0.173946 0 174 0.173946 1
gene 1 35 45 -0.357354 0 175 -0.357354 1
gene 1 36 41 0.165439 0 176 0.165439 1
gene 1 36 42 0.951016 0 177 0.951016 1
gene 1 36 43 0.0163882 0 178 0.0163882 1
gene 1 36 44 -0.708613 0 179 -0.708613 1
gene 1 36 45 -0.428333 0 180 -0.428333 1
gene 1 37 41 0.299912 0 181 0.299912 1
gene 1 37 42 0.663669 0 182 0.663669 1
gene 1 37 43 -1.5651 0 183 -1.5651 1
gene 1 37 44 -0.944643 0 184 -0.944643 1
gene 1 37 45 0.610832 0 185 0.610832 1
gene 1 38 41 1.48566 0 186 1.48566 1
gene 1 38 42 -1.92043 0 187 -1.92043 1
gene 1 38 43 0.494102 0 188 0.494102 1
gene 1 38 44 0.333273 0 189 0.333273 1
gene 1 38 45 0.0568896 0 190 0.0568896 1
gene 1 39 41 -2.28573 0 191 -2.28573 1
gene 1 39 42 0.335647 0 192 0.335647 1
gene 1 39 43 2.59664 0 193 2.59664 1
gene 1 39 44 0.745449 0 194 0.745449 1
gene 1 39 45 -0.720888 0 195 -0.720888 1
gene 1 40 41 -1.42421 0 196 -1.42421 1
gene 1 40 42 0.944733 0 197 0.944733 1
gene 1 40 43 0.471086 0 198 0.471086 1
gene 1 40 44 -0.332242 0 199 -0.332242 1
gene 1 40 45 0.148973 0 200 0.148973 1
genomeend 0


