/* Organism #0 Fitness: 17934.544000 Time: 0 */
genomestart 0
trait 1 0.000000 0.000000 0.000000 0.183683 0.000000 0.000000 0.000000 0.000000 
node 1 1 1 1
node 2 1 1 1
node 3 1 1 1
node 4 1 1 1
node 5 1 1 1
node 6 1 1 1
node 7 1 1 1
node 8 1 1 1
node 9 1 1 1
node 10 1 1 1
node 11 1 1 1
node 12 1 1 1
node 13 1 1 1
node 14 1 1 1
node 15 1 1 1
node 16 1 1 1
node 17 1 1 1
node 18 1 1 1
node 19 1 1 1
node 20 1 1 1
node 21 1 1 1
node 22 1 1 1
node 23 1 1 1
node 24 1 1 1
node 25 1 1 1
node 26 1 1 1
node 27 1 1 1
node 28 1 1 1
node 29 1 1 1
node 30 1 1 1
node 31 1 1 1
node 32 1 1 1
node 33 1 1 1
node 34 1 1 1
node 35 1 1 1
node 36 1 1 1
node 37 1 1 1
node 38 1 1 1
node 39 1 1 1
node 40 1 1 3
node 41 1 0 2
node 42 1 0 2
node 43 1 0 2
node 44 1 0 2
node 45 1 0 2
gene 1 1 41 -1.96222 0 1 -1.96222 1
gene 1 1 42 -2.07016 0 2 -2.07016 1
gene 1 1 43 -0.354277 0 3 -0.354277 1
gene 1 1 44 -1.31671 0 4 -1.31671 1
gene 1 1 45 1.36521 0 5 1.36521 1
gene 1 2 41 -4.14354 0 6 -4.14354 1
gene 1 2 42 -2.2811 0 7 -2.2811 1
gene 1 2 43 4.34263 0 8 4.34263 1
gene 1 2 44 -2.23085 0 9 -2.23085 1
gene 1 2 45 -1.21234 0 10 -1.21234 1
gene 1 3 41 -1.78495 0 11 -1.78495 1
gene 1 3 42 0.387079 0 12 0.387079 1
gene 1 3 43 2.04293 0 13 2.04293 1
gene 1 3 44 -1.04571 0 14 -1.04571 1
gene 1 3 45 1.56246 0 15 1.56246 1
gene 1 4 41 3.16384 0 16 3.16384 1
gene 1 4 42 3.481 0 17 3.481 1
gene 1 4 43 -3.00228 0 18 -3.00228 1
gene 1 4 44 -0.839841 0 19 -0.839841 1
gene 1 4 45 -2.25333 0 20 -2.25333 1
gene 1 5 41 -1.96875 0 21 -1.96875 1
gene 1 5 42 1.36013 0 22 1.36013 1
gene 1 5 43 1.66795 0 23 1.66795 1
gene 1 5 44 -0.516377 0 24 -0.516377 1
gene 1 5 45 -0.552545 0 25 -0.552545 1
gene 1 6 41 4.7239 0 26 4.7239 1
gene 1 6 42 0.282699 0 27 0.282699 1
gene 1 6 43 1.91504 0 28 1.91504 1
gene 1 6 44 -1.12946 0 29 -1.12946 1
gene 1 6 45 1.00046 0 30 1.00046 1
gene 1 7 41 -0.666122 0 31 -0.666122 1
gene 1 7 42 0.0678087 0 32 0.0678087 1
gene 1 7 43 -1.30487 0 33 -1.30487 1
gene 1 7 44 -2.45488 0 34 -2.45488 1
gene 1 7 45 -3.1388 0 35 -3.1388 1
gene 1 8 41 0.274311 0 36 0.274311 1
gene 1 8 42 -1.92928 0 37 -1.92928 1
gene 1 8 43 -0.249384 0 38 -0.249384 1
gene 1 8 44 -1.35978 0 39 -1.35978 1
gene 1 8 45 0.744417 0 40 0.744417 1
gene 1 9 41 3.00615 0 41 3.00615 1
gene 1 9 42 -2.85458 0 42 -2.85458 1
gene 1 9 43 -5 0 43 -5 1
gene 1 9 44 0.150169 0 44 0.150169 1
gene 1 9 45 3.04771 0 45 3.04771 1
gene 1 10 41 5 0 46 5 1
gene 1 10 42 -0.827223 0 47 -0.827223 1
gene 1 10 43 -1.899 0 48 -1.899 1
gene 1 10 44 -2.31388 0 49 -2.31388 1
gene 1 10 45 -1.38135 0 50 -1.38135 1
gene 1 11 41 4.71682 0 51 4.71682 1
gene 1 11 42 1.3875 0 52 1.3875 1
gene 1 11 43 -2.08225 0 53 -2.08225 1
gene 1 11 44 -2.15408 0 54 -2.15408 1
gene 1 11 45 -1.20334 0 55 -1.20334 1
gene 1 12 41 3.58999 0 56 3.58999 1
gene 1 12 42 -3.25438 0 57 -3.25438 1
gene 1 12 43 1.18709 0 58 1.18709 1
gene 1 12 44 -0.801708 0 59 -0.801708 1
gene 1 12 45 -3.68218 0 60 -3.68218 1
gene 1 13 41 -1.92431 0 61 -1.92431 1
gene 1 13 42 3.46226 0 62 3.46226 1
gene 1 13 43 -3.33338 0 63 -3.33338 1
gene 1 13 44 3.13796 0 64 3.13796 1
gene 1 13 45 1.98566 0 65 1.98566 1
gene 1 14 41 0.292383 0 66 0.292383 1
gene 1 14 42 5 0 67 5 1
gene 1 14 43 -5 0 68 -5 1
gene 1 14 44 0.0282026 0 69 0.0282026 1
gene 1 14 45 -1.30187 0 70 -1.30187 1
gene 1 15 41 -1.12629 0 71 -1.12629 1
gene 1 15 42 -0.178231 0 72 -0.178231 1
gene 1 15 43 -0.404215 0 73 -0.404215 1
gene 1 15 44 0.264242 0 74 0.264242 1
gene 1 15 45 2.78233 0 75 2.78233 1
gene 1 16 41 -0.0156046 0 76 -0.0156046 1
gene 1 16 42 2.41014 0 77 2.41014 1
gene 1 16 43 -3.27062 0 78 -3.27062 1
gene 1 16 44 0.459579 0 79 0.459579 1
gene 1 16 45 0.438296 0 80 0.438296 1
gene 1 17 41 1.16397 0 81 1.16397 1
gene 1 17 42 -2.48743 0 82 -2.48743 1
gene 1 17 43 0.0769398 0 83 0.0769398 1
gene 1 17 44 -3.69097 0 84 -3.69097 1
gene 1 17 45 -3.20785 0 85 -3.20785 1
gene 1 18 41 -1.03232 0 86 -1.03232 1
gene 1 18 42 -4.37336 0 87 -4.37336 1
gene 1 18 43 0.101863 0 88 0.101863 1
gene 1 18 44 -0.338652 0 89 -0.338652 1
gene 1 18 45 0.848198 0 90 0.848198 1
gene 1 19 41 -2.04948 0 91 -2.04948 1
gene 1 19 42 2.13554 0 92 2.13554 1
gene 1 19 43 -3.27269 0 93 -3.27269 1
gene 1 19 44 -3.04331 0 94 -3.04331 1
gene 1 19 45 3.12033 0 95 3.12033 1
gene 1 20 41 -1.33452 0 96 -1.33452 1
gene 1 20 42 -1.73951 0 97 -1.73951 1
gene 1 20 43 -2.84731 0 98 -2.84731 1
gene 1 20 44 -2.14488 0 99 -2.14488 1
gene 1 20 45 0.429949 0 100 0.429949 1
gene 1 21 41 -2.54144 0 101 -2.54144 1
gene 1 21 42 5 0 102 5 1
gene 1 21 43 3.37957 0 103 3.37957 1
gene 1 21 44 -4.38848 0 104 -4.38848 1
gene 1 21 45 0.488537 0 105 0.488537 1
gene 1 22 41 -2.41805 0 106 -2.41805 1
gene 1 22 42 1.04975 0 107 1.04975 1
gene 1 22 43 0.705771 0 108 0.705771 1
gene 1 22 44 -4.27249 0 109 -4.27249 1
gene 1 22 45 0.292805 0 110 0.292805 1
gene 1 23 41 -0.90113 0 111 -0.90113 1
gene 1 23 42 -1.0999 0 112 -1.0999 1
gene 1 23 43 -1.55306 0 113 -1.55306 1
gene 1 23 44 -0.0849922 0 114 -0.0849922 1
gene 1 23 45 -1.19069 0 115 -1.19069 1
gene 1 24 41 3.10528 0 116 3.10528 1
gene 1 24 42 3.87914 0 117 3.87914 1
gene 1 24 43 2.19788 0 118 2.19788 1
gene 1 24 44 -0.554603 0 119 -0.554603 1
gene 1 24 45 -2.98074 0 120 -2.98074 1
gene 1 25 41 3.44355 0 121 3.44355 1
gene 1 25 42 4.17543 0 122 4.17543 1
gene 1 25 43 -0.856471 0 123 -0.856471 1
gene 1 25 44 -3.6082 0 124 -3.6082 1
gene 1 25 45 4.06515 0 125 4.06515 1
gene 1 26 41 -0.334396 0 126 -0.334396 1
gene 1 26 42 -0.54209 0 127 -0.54209 1
gene 1 26 43 2.51616 0 128 2.51616 1
gene 1 26 44 3.0046 0 129 3.0046 1
gene 1 26 45 -0.08106 0 130 -0.08106 1
gene 1 27 41 0.432334 0 131 0.432334 1
gene 1 27 42 -4.73569 0 132 -4.73569 1
gene 1 27 43 1.48708 0 133 1.48708 1
gene 1 27 44 -2.57977 0 134 -2.57977 1
gene 1 27 45 2.54977 0 135 2.54977 1
gene 1 28 41 1.12032 0 136 1.12032 1
gene 1 28 42 -4.43206 0 137 -4.43206 1
gene 1 28 43 2.97317 0 138 2.97317 1
gene 1 28 44 3.2425 0 139 3.2425 1
gene 1 28 45 1.83344 0 140 1.83344 1
gene 1 29 41 -2.16293 0 141 -2.16293 1
gene 1 29 42 -1.83896 0 142 -1.83896 1
gene 1 29 43 -0.444721 0 143 -0.444721 1
gene 1 29 44 2.68966 0 144 2.68966 1
gene 1 29 45 3.09758 0 145 3.09758 1
gene 1 30 41 -5 0 146 -5 1
gene 1 30 42 -1.48536 0 147 -1.48536 1
gene 1 30 43 -4.66012 0 148 -4.66012 1
gene 1 30 44 1.47539 0 149 1.47539 1
gene 1 30 45 -2.25758 0 150 -2.25758 1
gene 1 31 41 1.79137 0 151 1.79137 1
gene 1 31 42 -0.731355 0 152 -0.731355 1
gene 1 31 43 1.21851 0 153 1.21851 1
gene 1 31 44 -3.81577 0 154 -3.81577 1
gene 1 31 45 1.86569 0 155 1.86569 1
gene 1 32 41 1.12988 0 156 1.12988 1
gene 1 32 42 -0.176174 0 157 -0.176174 1
gene 1 32 43 0.643426 0 158 0.643426 1
gene 1 32 44 -2.35899 0 159 -2.35899 1
gene 1 32 45 -2.32552 0 160 -2.32552 1
gene 1 33 41 0.371229 0 161 0.371229 1
gene 1 33 42 1.1907 0 162 1.1907 1
gene 1 33 43 1.57096 0 163 1.57096 1
gene 1 33 44 -0.175049 0 164 -0.175049 1
gene 1 33 45 0.232241 0 165 0.232241 1
gene 1 34 41 2.233 0 166 2.233 1
gene 1 34 42 -0.751946 0 167 -0.751946 1
gene 1 34 43 -1.48224 0 168 -1.48224 1
gene 1 34 44 -0.083677 0 169 -0.083677 1
gene 1 34 45 -0.160484 0 170 -0.160484 1
gene 1 35 41 1.4246 0 171 1.4246 1
gene 1 35 42 -0.53718 0 172 -0.53718 1
gene 1 35 43 -1.64482 0 173 -1.64482 1
gene 1 35 44 -1.50809 0 174 -1.50809 1
gene 1 35 45 0.794742 0 175 0.794742 1
gene 1 36 41 0.51136 0 176 0.51136 1
gene 1 36 42 1.63501 0 177 1.63501 1
gene 1 36 43 -0.503433 0 178 -0.503433 1
gene 1 36 44 0.0156952 0 179 0.0156952 1
gene 1 36 45 1.95214 0 180 1.95214 1
gene 1 37 41 -1.96967 0 181 -1.96967 1
gene 1 37 42 0.416338 0 182 0.416338 1
gene 1 37 43 -0.0467333 0 183 -0.0467333 1
gene 1 37 44 -2.02218 0 184 -2.02218 1
gene 1 37 45 -1.73509 0 185 -1.73509 1
gene 1 38 41 -0.48067 0 186 -0.48067 1
gene 1 38 42 1.55236 0 187 1.55236 1
gene 1 38 43 0.340029 0 188 0.340029 1
gene 1 38 44 1.65876 0 189 1.65876 1
gene 1 38 45 0.981602 0 190 0.981602 1
gene 1 39 41 0.0948429 0 191 0.0948429 1
gene 1 39 42 0.0355977 0 192 0.0355977 1
gene 1 39 43 0.0217216 0 193 0.0217216 1
gene 1 39 44 -0.218205 0 194 -0.218205 1
gene 1 39 45 -0.727561 0 195 -0.727561 1
gene 1 40 41 -1.41662 0 196 -1.41662 1
gene 1 40 42 0.503193 0 197 0.503193 1
gene 1 40 43 -0.998514 0 198 -0.998514 1
gene 1 40 44 0.568184 0 199 0.568184 1
gene 1 40 45 -0.990735 0 200 -0.990735 1
genomeend 0


