/* Organism #0 Fitness: 18994.196000 Time: 0 */
genomestart 0
trait 1 0.000000 0.000000 0.000000 0.000000 0.000000 0.000000 0.000000 0.266082 
node 1 1 1 1
node 2 1 1 1
node 3 1 1 1
node 4 1 1 1
node 5 1 1 1
node 6 1 1 1
node 7 1 1 1
node 8 1 1 1
node 9 1 1 1
node 10 1 1 1
node 11 1 1 1
node 12 1 1 1
node 13 1 1 1
node 14 1 1 1
node 15 1 1 1
node 16 1 1 1
node 17 1 1 1
node 18 1 1 1
node 19 1 1 1
node 20 1 1 1
node 21 1 1 1
node 22 1 1 1
node 23 1 1 1
node 24 1 1 1
node 25 1 1 1
node 26 1 1 1
node 27 1 1 1
node 28 1 1 1
node 29 1 1 1
node 30 1 1 1
node 31 1 1 1
node 32 1 1 1
node 33 1 1 1
node 34 1 1 1
node 35 1 1 1
node 36 1 1 1
node 37 1 1 1
node 38 1 1 1
node 39 1 1 1
node 40 1 1 3
node 41 1 0 2
node 42 1 0 2
node 43 1 0 2
node 44 1 0 2
node 45 1 0 2
gene 1 1 41 -4.34518 0 1 -4.34518 1
gene 1 1 42 -3.80538 0 2 -3.80538 1
gene 1 1 43 2.26129 0 3 2.26129 1
gene 1 1 44 -1.95886 0 4 -1.95886 1
gene 1 1 45 4.46222 0 5 4.46222 1
gene 1 2 41 0.350921 0 6 0.350921 1
gene 1 2 42 -2.28539 0 7 -2.28539 1
gene 1 2 43 2.59162 0 8 2.59162 1
gene 1 2 44 0.602556 0 9 0.602556 1
gene 1 2 45 -1.21022 0 10 -1.21022 1
gene 1 3 41 -1.44205 0 11 -1.44205 1
gene 1 3 42 -2.63669 0 12 -2.63669 1
gene 1 3 43 4.76648 0 13 4.76648 1
gene 1 3 44 1.73155 0 14 1.73155 1
gene 1 3 45 -5 0 15 -5 1
gene 1 4 41 -1.05721 0 16 -1.05721 1
gene 1 4 42 -1.88096 0 17 -1.88096 1
gene 1 4 43 -1.66994 0 18 -1.66994 1
gene 1 4 44 0.488464 0 19 0.488464 1
gene 1 4 45 -0.128113 0 20 -0.128113 1
gene 1 5 41 -0.159524 0 21 -0.159524 1
gene 1 5 42 -0.992489 0 22 -0.992489 1
gene 1 5 43 0.472876 0 23 0.472876 1
gene 1 5 44 -3.5943 0 24 -3.5943 1
gene 1 5 45 -2.70118 0 25 -2.70118 1
gene 1 6 41 1.45656 0 26 1.45656 1
gene 1 6 42 -3.20068 0 27 -3.20068 1
gene 1 6 43 -1.61901 0 28 -1.61901 1
gene 1 6 44 -3.28479 0 29 -3.28479 1
gene 1 6 45 2.5675 0 30 2.5675 1
gene 1 7 41 -0.872699 0 31 -0.872699 1
gene 1 7 42 1.59834 0 32 1.59834 1
gene 1 7 43 3.57265 0 33 3.57265 1
gene 1 7 44 -1.39867 0 34 -1.39867 1
gene 1 7 45 -0.327329 0 35 -0.327329 1
gene 1 8 41 -0.721188 0 36 -0.721188 1
gene 1 8 42 -0.517214 0 37 -0.517214 1
gene 1 8 43 -4.41454 0 38 -4.41454 1
gene 1 8 44 -1.12618 0 39 -1.12618 1
gene 1 8 45 1.33568 0 40 1.33568 1
gene 1 9 41 -4.33547 0 41 -4.33547 1
gene 1 9 42 1.10732 0 42 1.10732 1
gene 1 9 43 -2.16497 0 43 -2.16497 1
gene 1 9 44 -1.81586 0 44 -1.81586 1
gene 1 9 45 -0.359479 0 45 -0.359479 1
gene 1 10 41 -2.60731 0 46 -2.60731 1
gene 1 10 42 4.44991 0 47 4.44991 1
gene 1 10 43 -1.26879 0 48 -1.26879 1
gene 1 10 44 0.0271044 0 49 0.0271044 1
gene 1 10 45 -0.741849 0 50 -0.741849 1
gene 1 11 41 0.641291 0 51 0.641291 1
gene 1 11 42 1.14772 0 52 1.14772 1
gene 1 11 43 0.137483 0 53 0.137483 1
gene 1 11 44 -4.05957 0 54 -4.05957 1
gene 1 11 45 -1.03148 0 55 -1.03148 1
gene 1 12 41 -0.850319 0 56 -0.850319 1
gene 1 12 42 -1.57806 0 57 -1.57806 1
gene 1 12 43 -1.73999 0 58 -1.73999 1
gene 1 12 44 -1.71837 0 59 -1.71837 1
gene 1 12 45 -0.543015 0 60 -0.543015 1
gene 1 13 41 1.18311 0 61 1.18311 1
gene 1 13 42 0.0355287 0 62 0.0355287 1
gene 1 13 43 0.653805 0 63 0.653805 1
gene 1 13 44 -1.51494 0 64 -1.51494 1
gene 1 13 45 -0.49762 0 65 -0.49762 1
gene 1 14 41 -1.38614 0 66 -1.38614 1
gene 1 14 42 -3.53621 0 67 -3.53621 1
gene 1 14 43 -2.27014 0 68 -2.27014 1
gene 1 14 44 -1.57313 0 69 -1.57313 1
gene 1 14 45 0.652923 0 70 0.652923 1
gene 1 15 41 0.953491 0 71 0.953491 1
gene 1 15 42 -4.26605 0 72 -4.26605 1
gene 1 15 43 -2.18329 0 73 -2.18329 1
gene 1 15 44 -1.38463 0 74 -1.38463 1
gene 1 15 45 -4.64341 0 75 -4.64341 1
gene 1 16 41 1.7418 0 76 1.7418 1
gene 1 16 42 0.553933 0 77 0.553933 1
gene 1 16 43 -1.88139 0 78 -1.88139 1
gene 1 16 44 -0.937177 0 79 -0.937177 1
gene 1 16 45 2.40975 0 80 2.40975 1
gene 1 17 41 4.33117 0 81 4.33117 1
gene 1 17 42 1.39758 0 82 1.39758 1
gene 1 17 43 1.35478 0 83 1.35478 1
gene 1 17 44 3.04063 0 84 3.04063 1
gene 1 17 45 0.432696 0 85 0.432696 1
gene 1 18 41 4.11686 0 86 4.11686 1
gene 1 18 42 -1.12423 0 87 -1.12423 1
gene 1 18 43 -0.609201 0 88 -0.609201 1
gene 1 18 44 -4.51761 0 89 -4.51761 1
gene 1 18 45 -1.04029 0 90 -1.04029 1
gene 1 19 41 -0.91603 0 91 -0.91603 1
gene 1 19 42 1.72267 0 92 1.72267 1
gene 1 19 43 -0.880851 0 93 -0.880851 1
gene 1 19 44 -4.0498 0 94 -4.0498 1
gene 1 19 45 -0.598289 0 95 -0.598289 1
gene 1 20 41 -2.54181 0 96 -2.54181 1
gene 1 20 42 -2.01915 0 97 -2.01915 1
gene 1 20 43 -1.54433 0 98 -1.54433 1
gene 1 20 44 -2.36187 0 99 -2.36187 1
gene 1 20 45 5 0 100 5 1
gene 1 21 41 -1.5027 0 101 -1.5027 1
gene 1 21 42 -1.05309 0 102 -1.05309 1
gene 1 21 43 -4.37065 0 103 -4.37065 1
gene 1 21 44 2.63179 0 104 2.63179 1
gene 1 21 45 -5 0 105 -5 1
gene 1 22 41 -0.111186 0 106 -0.111186 1
gene 1 22 42 -1.38355 0 107 -1.38355 1
gene 1 22 43 3.40137 0 108 3.40137 1
gene 1 22 44 -0.304383 0 109 -0.304383 1
gene 1 22 45 -5 0 110 -5 1
gene 1 23 41 2.13651 0 111 2.13651 1
gene 1 23 42 2.93351 0 112 2.93351 1
gene 1 23 43 0.928771 0 113 0.928771 1
gene 1 23 44 1.83011 0 114 1.83011 1
gene 1 23 45 -0.226532 0 115 -0.226532 1
gene 1 24 41 2.20479 0 116 2.20479 1
gene 1 24 42 4.76194 0 117 4.76194 1
gene 1 24 43 -0.557584 0 118 -0.557584 1
gene 1 24 44 -4.6941 0 119 -4.6941 1
gene 1 24 45 0.711909 0 120 0.711909 1
gene 1 25 41 -0.173548 0 121 -0.173548 1
gene 1 25 42 0.856843 0 122 0.856843 1
gene 1 25 43 -1.26402 0 123 -1.26402 1
gene 1 25 44 -4.58155 0 124 -4.58155 1
gene 1 25 45 0.933977 0 125 0.933977 1
gene 1 26 41 0.762877 0 126 0.762877 1
gene 1 26 42 -1.70743 0 127 -1.70743 1
gene 1 26 43 0.279203 0 128 0.279203 1
gene 1 26 44 0.908747 0 129 0.908747 1
gene 1 26 45 -1.2893 0 130 -1.2893 1
gene 1 27 41 -0.122989 0 131 -0.122989 1
gene 1 27 42 -0.260157 0 132 -0.260157 1
gene 1 27 43 -1.59711 0 133 -1.59711 1
gene 1 27 44 -3.28867 0 134 -3.28867 1
gene 1 27 45 0.397623 0 135 0.397623 1
gene 1 28 41 -3.07836 0 136 -3.07836 1
gene 1 28 42 -0.343522 0 137 -0.343522 1
gene 1 28 43 1.24849 0 138 1.24849 1
gene 1 28 44 3.77451 0 139 3.77451 1
gene 1 28 45 -1.17141 0 140 -1.17141 1
gene 1 29 41 -2.3478 0 141 -2.3478 1
gene 1 29 42 -2.64135 0 142 -2.64135 1
gene 1 29 43 0.21953 0 143 0.21953 1
gene 1 29 44 -5 0 144 -5 1
gene 1 29 45 0.199702 0 145 0.199702 1
gene 1 30 41 3.18695 0 146 3.18695 1
gene 1 30 42 3.31481 0 147 3.31481 1
gene 1 30 43 0.263274 0 148 0.263274 1
gene 1 30 44 5 0 149 5 1
gene 1 30 45 -1.71076 0 150 -1.71076 1
gene 1 31 41 3.38483 0 151 3.38483 1
gene 1 31 42 1.77761 0 152 1.77761 1
gene 1 31 43 -3.24032 0 153 -3.24032 1
gene 1 31 44 0.697449 0 154 0.697449 1
gene 1 31 45 1.55217 0 155 1.55217 1
gene 1 32 41 1.98134 0 156 1.98134 1
gene 1 32 42 -0.0721005 0 157 -0.0721005 1
gene 1 32 43 -1.34816 0 158 -1.34816 1
gene 1 32 44 1.43142 0 159 1.43142 1
gene 1 32 45 -1.63733 0 160 -1.63733 1
gene 1 33 41 -2.56024 0 161 -2.56024 1
gene 1 33 42 0.124921 0 162 0.124921 1
gene 1 33 43 -1.90346 0 163 -1.90346 1
gene 1 33 44 1.27565 0 164 1.27565 1
gene 1 33 45 0.366194 0 165 0.366194 1
gene 1 34 41 -1.85867 0 166 -1.85867 1
gene 1 34 42 -1.61509 0 167 -1.61509 1
gene 1 34 43 2.33876 0 168 2.33876 1
gene 1 34 44 0.192498 0 169 0.192498 1
gene 1 34 45 -1.79059 0 170 -1.79059 1
gene 1 35 41 0.353768 0 171 0.353768 1
gene 1 35 42 -0.653651 0 172 -0.653651 1
gene 1 35 43 0.18638 0 173 0.18638 1
gene 1 35 44 -0.191827 0 174 -0.191827 1
gene 1 35 45 1.59763 0 175 1.59763 1
gene 1 36 41 -0.933865 0 176 -0.933865 1
gene 1 36 42 0.523248 0 177 0.523248 1
gene 1 36 43 0.336096 0 178 0.336096 1
gene 1 36 44 0.0183382 0 179 0.0183382 1
gene 1 36 45 0.542294 0 180 0.542294 1
gene 1 37 41 1.7649 0 181 1.7649 1
gene 1 37 42 0.725066 0 182 0.725066 1
gene 1 37 43 -1.50786 0 183 -1.50786 1
gene 1 37 44 -1.04811 0 184 -1.04811 1
gene 1 37 45 0.250847 0 185 0.250847 1
gene 1 38 41 -0.728039 0 186 -0.728039 1
gene 1 38 42 -0.468735 0 187 -0.468735 1
gene 1 38 43 0.875514 0 188 0.875514 1
gene 1 38 44 -0.370052 0 189 -0.370052 1
gene 1 38 45 0.719934 0 190 0.719934 1
gene 1 39 41 0.225082 0 191 0.225082 1
gene 1 39 42 -1.51817 0 192 -1.51817 1
gene 1 39 43 -2.28678 0 193 -2.28678 1
gene 1 39 44 0.288147 0 194 0.288147 1
gene 1 39 45 0.811675 0 195 0.811675 1
gene 1 40 41 -0.506916 0 196 -0.506916 1
gene 1 40 42 0.197992 0 197 0.197992 1
gene 1 40 43 -1.82866 0 198 -1.82866 1
gene 1 40 44 -0.494385 0 199 -0.494385 1
gene 1 40 45 0.923815 0 200 0.923815 1
genomeend 0


