/* Organism #33 Fitness: 19789.838000 Time: 0 */
genomestart 33
trait 1 0.100000 0.000000 0.557502 0.209561 0.268408 0.000000 0.508001 0.000000 
node 1 1 1 1
node 2 1 1 1
node 3 1 1 1
node 4 1 1 1
node 5 1 1 1
node 6 1 1 1
node 7 1 1 1
node 8 1 1 1
node 9 1 1 1
node 10 1 1 1
node 11 1 1 1
node 12 1 1 1
node 13 1 1 1
node 14 1 1 1
node 15 1 1 1
node 16 1 1 1
node 17 1 1 1
node 18 1 1 1
node 19 1 1 1
node 20 1 1 1
node 21 1 1 1
node 22 1 1 1
node 23 1 1 1
node 24 1 1 1
node 25 1 1 1
node 26 1 1 1
node 27 1 1 1
node 28 1 1 1
node 29 1 1 1
node 30 1 1 1
node 31 1 1 1
node 32 1 1 1
node 33 1 1 1
node 34 1 1 1
node 35 1 1 1
node 36 1 1 1
node 37 1 1 1
node 38 1 1 1
node 39 1 1 1
node 40 1 1 3
node 41 1 0 2
node 42 1 0 2
node 43 1 0 2
node 44 1 0 2
node 45 1 0 2
gene 1 1 41 -2.42118 0 1 -2.42118 1
gene 1 1 42 -2.12839 0 2 -2.12839 1
gene 1 1 43 -1.73395 0 3 -1.73395 1
gene 1 1 44 0.0259986 0 4 0.0259986 1
gene 1 1 45 1.25559 0 5 1.25559 1
gene 1 2 41 1.45899 0 6 1.45899 1
gene 1 2 42 1.52677 0 7 1.52677 1
gene 1 2 43 -0.0155525 0 8 -0.0155525 1
gene 1 2 44 -1.01263 0 9 -1.01263 1
gene 1 2 45 0.533759 0 10 0.533759 1
gene 1 3 41 1.12331 0 11 1.12331 1
gene 1 3 42 -0.790546 0 12 -0.790546 1
gene 1 3 43 3.37221 0 13 3.37221 1
gene 1 3 44 -1.29702 0 14 -1.29702 1
gene 1 3 45 -2.94022 0 15 -2.94022 1
gene 1 4 41 -1.61778 0 16 -1.61778 1
gene 1 4 42 -2.26815 0 17 -2.26815 1
gene 1 4 43 -1.25275 0 18 -1.25275 1
gene 1 4 44 -2.65877 0 19 -2.65877 1
gene 1 4 45 -1.88429 0 20 -1.88429 1
gene 1 5 41 0.653025 0 21 0.653025 1
gene 1 5 42 0.522202 0 22 0.522202 1
gene 1 5 43 -0.456097 0 23 -0.456097 1
gene 1 5 44 -0.00611016 0 24 -0.00611016 1
gene 1 5 45 3.13846 0 25 3.13846 1
gene 1 6 41 1.72864 0 26 1.72864 1
gene 1 6 42 -0.431901 0 27 -0.431901 1
gene 1 6 43 0.823443 0 28 0.823443 1
gene 1 6 44 -1.50168 0 29 -1.50168 1
gene 1 6 45 -2.57508 0 30 -2.57508 1
gene 1 7 41 -0.782632 0 31 -0.782632 1
gene 1 7 42 -4.45148 0 32 -4.45148 1
gene 1 7 43 -5 0 33 -5 1
gene 1 7 44 -0.115698 0 34 -0.115698 1
gene 1 7 45 -0.557588 0 35 -0.557588 1
gene 1 8 41 0.104671 0 36 0.104671 1
gene 1 8 42 1.27343 0 37 1.27343 1
gene 1 8 43 3.08139 0 38 3.08139 1
gene 1 8 44 0.297056 0 39 0.297056 1
gene 1 8 45 -1.18591 0 40 -1.18591 1
gene 1 9 41 -1.86912 0 41 -1.86912 1
gene 1 9 42 3.16395 0 42 3.16395 1
gene 1 9 43 -5 0 43 -5 1
gene 1 9 44 -0.685456 0 44 -0.685456 1
gene 1 9 45 -1.9518 0 45 -1.9518 1
gene 1 10 41 -2.97003 0 46 -2.97003 1
gene 1 10 42 0.550886 0 47 0.550886 1
gene 1 10 43 -2.53354 0 48 -2.53354 1
gene 1 10 44 1.42191 0 49 1.42191 1
gene 1 10 45 -3.09453 0 50 -3.09453 1
gene 1 11 41 -2.61364 0 51 -2.61364 1
gene 1 11 42 3.56511 0 52 3.56511 1
gene 1 11 43 -0.307685 0 53 -0.307685 1
gene 1 11 44 0.685351 0 54 0.685351 1
gene 1 11 45 0.544303 0 55 0.544303 1
gene 1 12 41 -5 0 56 -5 1
gene 1 12 42 0.497935 0 57 0.497935 1
gene 1 12 43 1.76185 0 58 1.76185 1
gene 1 12 44 -2.02206 0 59 -2.02206 1
gene 1 12 45 1.34084 0 60 1.34084 1
gene 1 13 41 -1.58731 0 61 -1.58731 1
gene 1 13 42 -1.05649 0 62 -1.05649 1
gene 1 13 43 -2.93412 0 63 -2.93412 1
gene 1 13 44 3.59614 0 64 3.59614 1
gene 1 13 45 -1.38594 0 65 -1.38594 1
gene 1 14 41 3.10223 0 66 3.10223 1
gene 1 14 42 -3.9891 0 67 -3.9891 1
gene 1 14 43 1.04445 0 68 1.04445 1
gene 1 14 44 4.35123 0 69 4.35123 1
gene 1 14 45 0.100669 0 70 0.100669 1
gene 1 15 41 3.43196 0 71 3.43196 1
gene 1 15 42 -2.42083 0 72 -2.42083 1
gene 1 15 43 -4.07185 0 73 -4.07185 1
gene 1 15 44 -1.53612 0 74 -1.53612 1
gene 1 15 45 -0.236204 0 75 -0.236204 1
gene 1 16 41 1.71819 0 76 1.71819 1
gene 1 16 42 -2.9006 0 77 -2.9006 1
gene 1 16 43 -0.316232 0 78 -0.316232 1
gene 1 16 44 2.9086 0 79 2.9086 1
gene 1 16 45 -3.24149 0 80 -3.24149 1
gene 1 17 41 4.60028 0 81 4.60028 1
gene 1 17 42 -0.233005 0 82 -0.233005 1
gene 1 17 43 -0.464373 0 83 -0.464373 1
gene 1 17 44 -1.82538 0 84 -1.82538 1
gene 1 17 45 0.194876 0 85 0.194876 1
gene 1 18 41 -1.18507 0 86 -1.18507 1
gene 1 18 42 4.84124 0 87 4.84124 1
gene 1 18 43 1.38211 0 88 1.38211 1
gene 1 18 44 1.16905 0 89 1.16905 1
gene 1 18 45 0.411793 0 90 0.411793 1
gene 1 19 41 1.93774 0 91 1.93774 1
gene 1 19 42 0.786712 0 92 0.786712 1
gene 1 19 43 1.41926 0 93 1.41926 1
gene 1 19 44 0.842545 0 94 0.842545 1
gene 1 19 45 -1.46296 0 95 -1.46296 1
gene 1 20 41 0.151873 0 96 0.151873 1
gene 1 20 42 -3.14834 0 97 -3.14834 1
gene 1 20 43 -2.92436 0 98 -2.92436 1
gene 1 20 44 -0.270054 0 99 -0.270054 1
gene 1 20 45 -0.300529 0 100 -0.300529 1
gene 1 21 41 -5 0 101 -5 1
gene 1 21 42 -0.75734 0 102 -0.75734 1
gene 1 21 43 -4.82992 0 103 -4.82992 1
gene 1 21 44 -1.65773 0 104 -1.65773 1
gene 1 21 45 1.51363 0 105 1.51363 1
gene 1 22 41 -2.44557 0 106 -2.44557 1
gene 1 22 42 0.663068 0 107 0.663068 1
gene 1 22 43 -2.33407 0 108 -2.33407 1
gene 1 22 44 0.282929 0 109 0.282929 1
gene 1 22 45 2.09944 0 110 2.09944 1
gene 1 23 41 1.44371 0 111 1.44371 1
gene 1 23 42 0.5073 0 112 0.5073 1
gene 1 23 43 1.51925 0 113 1.51925 1
gene 1 23 44 -1.71673 0 114 -1.71673 1
gene 1 23 45 4.4922 0 115 4.4922 1
gene 1 24 41 -1.42007 0 116 -1.42007 1
gene 1 24 42 5 0 117 5 1
gene 1 24 43 0.427735 0 118 0.427735 1
gene 1 24 44 -0.202691 0 119 -0.202691 1
gene 1 24 45 0.677636 0 120 0.677636 1
gene 1 25 41 0.832268 0 121 0.832268 1
gene 1 25 42 -0.186014 0 122 -0.186014 1
gene 1 25 43 -1.2732 0 123 -1.2732 1
gene 1 25 44 -0.699912 0 124 -0.699912 1
gene 1 25 45 -3.0999 0 125 -3.0999 1
gene 1 26 41 -4.67564 0 126 -4.67564 1
gene 1 26 42 0.833421 0 127 0.833421 1
gene 1 26 43 4.22957 0 128 4.22957 1
gene 1 26 44 -3.34614 0 129 -3.34614 1
gene 1 26 45 -4.16785 0 130 -4.16785 1
gene 1 27 41 1.7479 0 131 1.7479 1
gene 1 27 42 3.09895 0 132 3.09895 1
gene 1 27 43 -4.54959 0 133 -4.54959 1
gene 1 27 44 3.56859 0 134 3.56859 1
gene 1 27 45 -0.543662 0 135 -0.543662 1
gene 1 28 41 -4.28207 0 136 -4.28207 1
gene 1 28 42 2.84127 0 137 2.84127 1
gene 1 28 43 -2.26882 0 138 -2.26882 1
gene 1 28 44 -3.07791 0 139 -3.07791 1
gene 1 28 45 2.44023 0 140 2.44023 1
gene 1 29 41 1.4411 0 141 1.4411 1
gene 1 29 42 3.76821 0 142 3.76821 1
gene 1 29 43 0.0648618 0 143 0.0648618 1
gene 1 29 44 -2.64352 0 144 -2.64352 1
gene 1 29 45 3.72424 0 145 3.72424 1
gene 1 30 41 2.48748 0 146 2.48748 1
gene 1 30 42 4.2433 0 147 4.2433 1
gene 1 30 43 1.80759 0 148 1.80759 1
gene 1 30 44 4.53764 0 149 4.53764 1
gene 1 30 45 -3.14316 0 150 -3.14316 1
gene 1 31 41 -0.134229 0 151 -0.134229 1
gene 1 31 42 2.94962 0 152 2.94962 1
gene 1 31 43 -0.218871 0 153 -0.218871 1
gene 1 31 44 -3.77517 0 154 -3.77517 1
gene 1 31 45 -1.77429 0 155 -1.77429 1
gene 1 32 41 3.9042 0 156 3.9042 1
gene 1 32 42 0.411453 0 157 0.411453 1
gene 1 32 43 -1.79153 0 158 -1.79153 1
gene 1 32 44 -2.30698 0 159 -2.30698 1
gene 1 32 45 -0.531132 0 160 -0.531132 1
gene 1 33 41 2.60288 0 161 2.60288 1
gene 1 33 42 -0.405507 0 162 -0.405507 1
gene 1 33 43 1.62727 0 163 1.62727 1
gene 1 33 44 -0.979782 0 164 -0.979782 1
gene 1 33 45 0.112646 0 165 0.112646 1
gene 1 34 41 -1.50025 0 166 -1.50025 1
gene 1 34 42 1.62664 0 167 1.62664 1
gene 1 34 43 -0.414548 0 168 -0.414548 1
gene 1 34 44 0.68072 0 169 0.68072 1
gene 1 34 45 1.33205 0 170 1.33205 1
gene 1 35 41 0.39261 0 171 0.39261 1
gene 1 35 42 0.0186346 0 172 0.0186346 1
gene 1 35 43 -0.267724 0 173 -0.267724 1
gene 1 35 44 -0.0258139 0 174 -0.0258139 1
gene 1 35 45 -0.285634 0 175 -0.285634 1
gene 1 36 41 -0.483137 0 176 -0.483137 1
gene 1 36 42 -0.189729 0 177 -0.189729 1
gene 1 36 43 0.849693 0 178 0.849693 1
gene 1 36 44 0.342944 0 179 0.342944 1
gene 1 36 45 -1.98163 0 180 -1.98163 1
gene 1 37 41 0.108729 0 181 0.108729 1
gene 1 37 42 -1.2731 0 182 -1.2731 1
gene 1 37 43 -1.24253 0 183 -1.24253 1
gene 1 37 44 -0.902643 0 184 -0.902643 1
gene 1 37 45 -0.65708 0 185 -0.65708 1
gene 1 38 41 0.258003 0 186 0.258003 1
gene 1 38 42 -0.353834 0 187 -0.353834 1
gene 1 38 43 -0.0431356 0 188 -0.0431356 1
gene 1 38 44 -1.65252 0 189 -1.65252 1
gene 1 38 45 -0.499496 0 190 -0.499496 1
gene 1 39 41 1.66319 0 191 1.66319 1
gene 1 39 42 -0.905357 0 192 -0.905357 1
gene 1 39 43 -0.923613 0 193 -0.923613 1
gene 1 39 44 0.126371 0 194 0.126371 1
gene 1 39 45 -0.326992 0 195 -0.326992 1
gene 1 40 41 -1.05182 0 196 -1.05182 1
gene 1 40 42 0.577303 0 197 0.577303 1
gene 1 40 43 -0.783648 0 198 -0.783648 1
gene 1 40 44 -3.77471 0 199 -3.77471 1
gene 1 40 45 -0.35257 0 200 -0.35257 1
genomeend 33


