/* Organism #2 Fitness: 17968.552000 Time: 0 */
genomestart 2
trait 1 0.411552 1.000000 0.825411 0.000000 0.265187 0.000000 0.000000 0.000000 
node 1 1 1 1
node 2 1 1 1
node 3 1 1 1
node 4 1 1 1
node 5 1 1 1
node 6 1 1 1
node 7 1 1 1
node 8 1 1 1
node 9 1 1 1
node 10 1 1 1
node 11 1 1 1
node 12 1 1 1
node 13 1 1 1
node 14 1 1 1
node 15 1 1 1
node 16 1 1 1
node 17 1 1 1
node 18 1 1 1
node 19 1 1 1
node 20 1 1 1
node 21 1 1 1
node 22 1 1 1
node 23 1 1 1
node 24 1 1 1
node 25 1 1 1
node 26 1 1 1
node 27 1 1 1
node 28 1 1 1
node 29 1 1 1
node 30 1 1 1
node 31 1 1 1
node 32 1 1 1
node 33 1 1 1
node 34 1 1 1
node 35 1 1 1
node 36 1 1 1
node 37 1 1 1
node 38 1 1 1
node 39 1 1 1
node 40 1 1 3
node 41 1 0 2
node 42 1 0 2
node 43 1 0 2
node 44 1 0 2
node 45 1 0 2
gene 1 1 41 -1.32721 0 1 -1.32721 1
gene 1 1 42 1.71946 0 2 1.71946 1
gene 1 1 43 0.710806 0 3 0.710806 1
gene 1 1 44 1.2833 0 4 1.2833 1
gene 1 1 45 -1.33785 0 5 -1.33785 1
gene 1 2 41 -0.521842 0 6 -0.521842 1
gene 1 2 42 -0.351866 0 7 -0.351866 1
gene 1 2 43 -2.77598 0 8 -2.77598 1
gene 1 2 44 -1.30087 0 9 -1.30087 1
gene 1 2 45 4.16801 0 10 4.16801 1
gene 1 3 41 1.15458 0 11 1.15458 1
gene 1 3 42 2.64049 0 12 2.64049 1
gene 1 3 43 -3.25513 0 13 -3.25513 1
gene 1 3 44 -0.856513 0 14 -0.856513 1
gene 1 3 45 1.41859 0 15 1.41859 1
gene 1 4 41 2.56768 0 16 2.56768 1
gene 1 4 42 4.66373 0 17 4.66373 1
gene 1 4 43 -1.32729 0 18 -1.32729 1
gene 1 4 44 0.920683 0 19 0.920683 1
gene 1 4 45 2.96331 0 20 2.96331 1
gene 1 5 41 3.12765 0 21 3.12765 1
gene 1 5 42 -3.92727 0 22 -3.92727 1
gene 1 5 43 -1.37259 0 23 -1.37259 1
gene 1 5 44 0.633475 0 24 0.633475 1
gene 1 5 45 -0.644125 0 25 -0.644125 1
gene 1 6 41 -0.826885 0 26 -0.826885 1
gene 1 6 42 3.70526 0 27 3.70526 1
gene 1 6 43 0.392706 0 28 0.392706 1
gene 1 6 44 -4.03061 0 29 -4.03061 1
gene 1 6 45 3.5484 0 30 3.5484 1
gene 1 7 41 1.54754 0 31 1.54754 1
gene 1 7 42 2.03942 0 32 2.03942 1
gene 1 7 43 4.93613 0 33 4.93613 1
gene 1 7 44 -3.24068 0 34 -3.24068 1
gene 1 7 45 0.0704826 0 35 0.0704826 1
gene 1 8 41 1.75324 0 36 1.75324 1
gene 1 8 42 -1.54575 0 37 -1.54575 1
gene 1 8 43 -1.42895 0 38 -1.42895 1
gene 1 8 44 0.0790063 0 39 0.0790063 1
gene 1 8 45 -0.0539348 0 40 -0.0539348 1
gene 1 9 41 -1.90778 0 41 -1.90778 1
gene 1 9 42 -1.60509 0 42 -1.60509 1
gene 1 9 43 1.30745 0 43 1.30745 1
gene 1 9 44 1.19687 0 44 1.19687 1
gene 1 9 45 2.00514 0 45 2.00514 1
gene 1 10 41 -0.0940443 0 46 -0.0940443 1
gene 1 10 42 0.0666898 0 47 0.0666898 1
gene 1 10 43 -1.87109 0 48 -1.87109 1
gene 1 10 44 -4.85707 0 49 -4.85707 1
gene 1 10 45 4.16757 0 50 4.16757 1
gene 1 11 41 0.502 0 51 0.502 1
gene 1 11 42 -1.82332 0 52 -1.82332 1
gene 1 11 43 -2.21593 0 53 -2.21593 1
gene 1 11 44 5 0 54 5 1
gene 1 11 45 -3.49033 0 55 -3.49033 1
gene 1 12 41 5 0 56 5 1
gene 1 12 42 -4.32857 0 57 -4.32857 1
gene 1 12 43 -1.31133 0 58 -1.31133 1
gene 1 12 44 2.52821 0 59 2.52821 1
gene 1 12 45 0.889317 0 60 0.889317 1
gene 1 13 41 -0.63287 0 61 -0.63287 1
gene 1 13 42 3.21243 0 62 3.21243 1
gene 1 13 43 -0.444627 0 63 -0.444627 1
gene 1 13 44 -2.97217 0 64 -2.97217 1
gene 1 13 45 1.73125 0 65 1.73125 1
gene 1 14 41 -3.52383 0 66 -3.52383 1
gene 1 14 42 5 0 67 5 1
gene 1 14 43 0.231549 0 68 0.231549 1
gene 1 14 44 -0.159318 0 69 -0.159318 1
gene 1 14 45 0.631165 0 70 0.631165 1
gene 1 15 41 1.2682 0 71 1.2682 1
gene 1 15 42 2.61005 0 72 2.61005 1
gene 1 15 43 1.83886 0 73 1.83886 1
gene 1 15 44 -4.53821 0 74 -4.53821 1
gene 1 15 45 1.47105 0 75 1.47105 1
gene 1 16 41 0.618091 0 76 0.618091 1
gene 1 16 42 5 0 77 5 1
gene 1 16 43 0.691734 0 78 0.691734 1
gene 1 16 44 -4.26045 0 79 -4.26045 1
gene 1 16 45 -3.34048 0 80 -3.34048 1
gene 1 17 41 -4.19357 0 81 -4.19357 1
gene 1 17 42 -0.959051 0 82 -0.959051 1
gene 1 17 43 -0.173255 0 83 -0.173255 1
gene 1 17 44 1.89301 0 84 1.89301 1
gene 1 17 45 5 0 85 5 1
gene 1 18 41 -0.56304 0 86 -0.56304 1
gene 1 18 42 -5 0 87 -5 1
gene 1 18 43 -3.32848 0 88 -3.32848 1
gene 1 18 44 -1.29009 0 89 -1.29009 1
gene 1 18 45 -1.99866 0 90 -1.99866 1
gene 1 19 41 1.20119 0 91 1.20119 1
gene 1 19 42 -1.90866 0 92 -1.90866 1
gene 1 19 43 -0.73578 0 93 -0.73578 1
gene 1 19 44 0.433095 0 94 0.433095 1
gene 1 19 45 -3.02126 0 95 -3.02126 1
gene 1 20 41 2.33126 0 96 2.33126 1
gene 1 20 42 3.9869 0 97 3.9869 1
gene 1 20 43 -0.974943 0 98 -0.974943 1
gene 1 20 44 0.14355 0 99 0.14355 1
gene 1 20 45 -1.23429 0 100 -1.23429 1
gene 1 21 41 -4.15812 0 101 -4.15812 1
gene 1 21 42 1.16874 0 102 1.16874 1
gene 1 21 43 0.699058 0 103 0.699058 1
gene 1 21 44 0.885909 0 104 0.885909 1
gene 1 21 45 -3.35934 0 105 -3.35934 1
gene 1 22 41 1.90146 0 106 1.90146 1
gene 1 22 42 -0.192074 0 107 -0.192074 1
gene 1 22 43 0.98494 0 108 0.98494 1
gene 1 22 44 -1.27177 0 109 -1.27177 1
gene 1 22 45 2.70869 0 110 2.70869 1
gene 1 23 41 -3.10869 0 111 -3.10869 1
gene 1 23 42 0.0724675 0 112 0.0724675 1
gene 1 23 43 -1.89336 0 113 -1.89336 1
gene 1 23 44 -1.36557 0 114 -1.36557 1
gene 1 23 45 -1.55759 0 115 -1.55759 1
gene 1 24 41 0.264944 0 116 0.264944 1
gene 1 24 42 1.47164 0 117 1.47164 1
gene 1 24 43 -0.246613 0 118 -0.246613 1
gene 1 24 44 0.177028 0 119 0.177028 1
gene 1 24 45 -2.15958 0 120 -2.15958 1
gene 1 25 41 -5 0 121 -5 1
gene 1 25 42 3.50516 0 122 3.50516 1
gene 1 25 43 0.0186535 0 123 0.0186535 1
gene 1 25 44 0.377838 0 124 0.377838 1
gene 1 25 45 2.35678 0 125 2.35678 1
gene 1 26 41 3.80608 0 126 3.80608 1
gene 1 26 42 -3.71329 0 127 -3.71329 1
gene 1 26 43 2.00548 0 128 2.00548 1
gene 1 26 44 -0.505168 0 129 -0.505168 1
gene 1 26 45 0.00605192 0 130 0.00605192 1
gene 1 27 41 1.88388 0 131 1.88388 1
gene 1 27 42 0.977289 0 132 0.977289 1
gene 1 27 43 2.8375 0 133 2.8375 1
gene 1 27 44 -1.60753 0 134 -1.60753 1
gene 1 27 45 -4.47589 0 135 -4.47589 1
gene 1 28 41 4.07556 0 136 4.07556 1
gene 1 28 42 4.33794 0 137 4.33794 1
gene 1 28 43 -1.93354 0 138 -1.93354 1
gene 1 28 44 1.64108 0 139 1.64108 1
gene 1 28 45 -1.21519 0 140 -1.21519 1
gene 1 29 41 0.172696 0 141 0.172696 1
gene 1 29 42 1.97925 0 142 1.97925 1
gene 1 29 43 -1.85833 0 143 -1.85833 1
gene 1 29 44 1.49908 0 144 1.49908 1
gene 1 29 45 -4.1273 0 145 -4.1273 1
gene 1 30 41 -3.80847 0 146 -3.80847 1
gene 1 30 42 -4.45864 0 147 -4.45864 1
gene 1 30 43 -1.49398 0 148 -1.49398 1
gene 1 30 44 4.1494 0 149 4.1494 1
gene 1 30 45 3.55278 0 150 3.55278 1
gene 1 31 41 3.7186 0 151 3.7186 1
gene 1 31 42 -2.2076 0 152 -2.2076 1
gene 1 31 43 1.53135 0 153 1.53135 1
gene 1 31 44 0.991212 0 154 0.991212 1
gene 1 31 45 0.205428 0 155 0.205428 1
gene 1 32 41 1.09355 0 156 1.09355 1
gene 1 32 42 0.0524063 0 157 0.0524063 1
gene 1 32 43 3.17444 0 158 3.17444 1
gene 1 32 44 -5 0 159 -5 1
gene 1 32 45 -3.76636 0 160 -3.76636 1
gene 1 33 41 -0.564068 0 161 -0.564068 1
gene 1 33 42 0.802752 0 162 0.802752 1
gene 1 33 43 0.107406 0 163 0.107406 1
gene 1 33 44 -1.28329 0 164 -1.28329 1
gene 1 33 45 -1.93906 0 165 -1.93906 1
gene 1 34 41 0.833341 0 166 0.833341 1
gene 1 34 42 0.0562422 0 167 0.0562422 1
gene 1 34 43 1.78708 0 168 1.78708 1
gene 1 34 44 0.861476 0 169 0.861476 1
gene 1 34 45 0.878615 0 170 0.878615 1
gene 1 35 41 0.678073 0 171 0.678073 1
gene 1 35 42 -0.957577 0 172 -0.957577 1
gene 1 35 43 0.250401 0 173 0.250401 1
gene 1 35 44 -1.29665 0 174 -1.29665 1
gene 1 35 45 0.809276 0 175 0.809276 1
gene 1 36 41 0.930084 0 176 0.930084 1
gene 1 36 42 -0.597878 0 177 -0.597878 1
gene 1 36 43 3.16091 0 178 3.16091 1
gene 1 36 44 -1.91793 0 179 -1.91793 1
gene 1 36 45 0.942069 0 180 0.942069 1
gene 1 37 41 0.979639 0 181 0.979639 1
gene 1 37 42 -1.44953 0 182 -1.44953 1
gene 1 37 43 0.33388 0 183 0.33388 1
gene 1 37 44 0.154267 0 184 0.154267 1
gene 1 37 45 -2.0266 0 185 -2.0266 1
gene 1 38 41 1.14786 0 186 1.14786 1
gene 1 38 42 0.0157164 0 187 0.0157164 1
gene 1 38 43 4.14274 0 188 4.14274 1
gene 1 38 44 0.730609 0 189 0.730609 1
gene 1 38 45 1.81045 0 190 1.81045 1
gene 1 39 41 -0.941425 0 191 -0.941425 1
gene 1 39 42 -0.311193 0 192 -0.311193 1
gene 1 39 43 -0.443947 0 193 -0.443947 1
gene 1 39 44 -3.08058 0 194 -3.08058 1
gene 1 39 45 -0.495928 0 195 -0.495928 1
gene 1 40 41 -0.521278 0 196 -0.521278 1
gene 1 40 42 0.4784 0 197 0.4784 1
gene 1 40 43 -2.10476 0 198 -2.10476 1
gene 1 40 44 -3.35136 0 199 -3.35136 1
gene 1 40 45 0.811572 0 200 0.811572 1
genomeend 2


