/* Organism #6 Fitness: 18984.058000 Time: 0 */
genomestart 6
trait 1 0.017168 0.948889 0.758922 1.000000 0.000000 0.000000 0.000000 1.000000 
node 1 1 1 1
node 2 1 1 1
node 3 1 1 1
node 4 1 1 1
node 5 1 1 1
node 6 1 1 1
node 7 1 1 1
node 8 1 1 1
node 9 1 1 1
node 10 1 1 1
node 11 1 1 1
node 12 1 1 1
node 13 1 1 1
node 14 1 1 1
node 15 1 1 1
node 16 1 1 1
node 17 1 1 1
node 18 1 1 1
node 19 1 1 1
node 20 1 1 1
node 21 1 1 1
node 22 1 1 1
node 23 1 1 1
node 24 1 1 1
node 25 1 1 1
node 26 1 1 1
node 27 1 1 1
node 28 1 1 1
node 29 1 1 1
node 30 1 1 1
node 31 1 1 1
node 32 1 1 1
node 33 1 1 1
node 34 1 1 1
node 35 1 1 1
node 36 1 1 1
node 37 1 1 1
node 38 1 1 1
node 39 1 1 1
node 40 1 1 3
node 41 1 0 2
node 42 1 0 2
node 43 1 0 2
node 44 1 0 2
node 45 1 0 2
gene 1 1 41 -4.2914 0 1 -4.2914 1
gene 1 1 42 -1.55212 0 2 -1.55212 1
gene 1 1 43 3.29749 0 3 3.29749 1
gene 1 1 44 -2.4682 0 4 -2.4682 1
gene 1 1 45 -0.64258 0 5 -0.64258 1
gene 1 2 41 0.500858 0 6 0.500858 1
gene 1 2 42 2.29834 0 7 2.29834 1
gene 1 2 43 3.33681 0 8 3.33681 1
gene 1 2 44 -1.86241 0 9 -1.86241 1
gene 1 2 45 -1.79875 0 10 -1.79875 1
gene 1 3 41 -0.800013 0 11 -0.800013 1
gene 1 3 42 -2.52574 0 12 -2.52574 1
gene 1 3 43 -4.68952 0 13 -4.68952 1
gene 1 3 44 -2.35003 0 14 -2.35003 1
gene 1 3 45 -4.35971 0 15 -4.35971 1
gene 1 4 41 -3.94594 0 16 -3.94594 1
gene 1 4 42 2.07073 0 17 2.07073 1
gene 1 4 43 3.54567 0 18 3.54567 1
gene 1 4 44 1.40356 0 19 1.40356 1
gene 1 4 45 -1.02599 0 20 -1.02599 1
gene 1 5 41 1.31076 0 21 1.31076 1
gene 1 5 42 -0.462479 0 22 -0.462479 1
gene 1 5 43 -1.73805 0 23 -1.73805 1
gene 1 5 44 1.19413 0 24 1.19413 1
gene 1 5 45 -0.599254 0 25 -0.599254 1
gene 1 6 41 -0.0819867 0 26 -0.0819867 1
gene 1 6 42 -0.973255 0 27 -0.973255 1
gene 1 6 43 -2.71413 0 28 -2.71413 1
gene 1 6 44 -2.11773 0 29 -2.11773 1
gene 1 6 45 -1.28539 0 30 -1.28539 1
gene 1 7 41 0.206441 0 31 0.206441 1
gene 1 7 42 2.05769 0 32 2.05769 1
gene 1 7 43 -0.81374 0 33 -0.81374 1
gene 1 7 44 0.753582 0 34 0.753582 1
gene 1 7 45 1.36951 0 35 1.36951 1
gene 1 8 41 -3.31387 0 36 -3.31387 1
gene 1 8 42 -0.892226 0 37 -0.892226 1
gene 1 8 43 -1.62513 0 38 -1.62513 1
gene 1 8 44 -0.682209 0 39 -0.682209 1
gene 1 8 45 5 0 40 5 1
gene 1 9 41 0.412526 0 41 0.412526 1
gene 1 9 42 0.634998 0 42 0.634998 1
gene 1 9 43 2.06404 0 43 2.06404 1
gene 1 9 44 -0.395446 0 44 -0.395446 1
gene 1 9 45 4.36939 0 45 4.36939 1
gene 1 10 41 -5 0 46 -5 1
gene 1 10 42 2.13012 0 47 2.13012 1
gene 1 10 43 -4.17004 0 48 -4.17004 1
gene 1 10 44 4.39764 0 49 4.39764 1
gene 1 10 45 1.17944 0 50 1.17944 1
gene 1 11 41 -5 0 51 -5 1
gene 1 11 42 0.707386 0 52 0.707386 1
gene 1 11 43 0.671773 0 53 0.671773 1
gene 1 11 44 -5 0 54 -5 1
gene 1 11 45 -3.6127 0 55 -3.6127 1
gene 1 12 41 -4.75857 0 56 -4.75857 1
gene 1 12 42 0.593884 0 57 0.593884 1
gene 1 12 43 1.21541 0 58 1.21541 1
gene 1 12 44 -0.679732 0 59 -0.679732 1
gene 1 12 45 -3.29816 0 60 -3.29816 1
gene 1 13 41 -1.50241 0 61 -1.50241 1
gene 1 13 42 -1.04344 0 62 -1.04344 1
gene 1 13 43 0.375198 0 63 0.375198 1
gene 1 13 44 -2.10366 0 64 -2.10366 1
gene 1 13 45 -1.1488 0 65 -1.1488 1
gene 1 14 41 -0.680736 0 66 -0.680736 1
gene 1 14 42 1.21732 0 67 1.21732 1
gene 1 14 43 2.50048 0 68 2.50048 1
gene 1 14 44 2.11469 0 69 2.11469 1
gene 1 14 45 -5 0 70 -5 1
gene 1 15 41 0.933389 0 71 0.933389 1
gene 1 15 42 -3.26411 0 72 -3.26411 1
gene 1 15 43 2.71775 0 73 2.71775 1
gene 1 15 44 2.36989 0 74 2.36989 1
gene 1 15 45 -1.61465 0 75 -1.61465 1
gene 1 16 41 5 0 76 5 1
gene 1 16 42 -2.56781 0 77 -2.56781 1
gene 1 16 43 -1.32036 0 78 -1.32036 1
gene 1 16 44 2.40064 0 79 2.40064 1
gene 1 16 45 -2.56373 0 80 -2.56373 1
gene 1 17 41 0.816036 0 81 0.816036 1
gene 1 17 42 3.77685 0 82 3.77685 1
gene 1 17 43 0.712711 0 83 0.712711 1
gene 1 17 44 2.03441 0 84 2.03441 1
gene 1 17 45 0.271625 0 85 0.271625 1
gene 1 18 41 4.12778 0 86 4.12778 1
gene 1 18 42 1.78717 0 87 1.78717 1
gene 1 18 43 -4.41955 0 88 -4.41955 1
gene 1 18 44 -5 0 89 -5 1
gene 1 18 45 -3.65394 0 90 -3.65394 1
gene 1 19 41 0.465489 0 91 0.465489 1
gene 1 19 42 0.827146 0 92 0.827146 1
gene 1 19 43 -2.96093 0 93 -2.96093 1
gene 1 19 44 -0.648925 0 94 -0.648925 1
gene 1 19 45 -1.05647 0 95 -1.05647 1
gene 1 20 41 -0.553753 0 96 -0.553753 1
gene 1 20 42 -2.8268 0 97 -2.8268 1
gene 1 20 43 -2.48611 0 98 -2.48611 1
gene 1 20 44 -0.266711 0 99 -0.266711 1
gene 1 20 45 -0.412932 0 100 -0.412932 1
gene 1 21 41 -2.43919 0 101 -2.43919 1
gene 1 21 42 1.90398 0 102 1.90398 1
gene 1 21 43 -0.30753 0 103 -0.30753 1
gene 1 21 44 0.996552 0 104 0.996552 1
gene 1 21 45 -1.9323 0 105 -1.9323 1
gene 1 22 41 -0.558779 0 106 -0.558779 1
gene 1 22 42 5 0 107 5 1
gene 1 22 43 -2.63345 0 108 -2.63345 1
gene 1 22 44 -0.843586 0 109 -0.843586 1
gene 1 22 45 1.87184 0 110 1.87184 1
gene 1 23 41 -0.599103 0 111 -0.599103 1
gene 1 23 42 0.541031 0 112 0.541031 1
gene 1 23 43 1.63573 0 113 1.63573 1
gene 1 23 44 -4.06093 0 114 -4.06093 1
gene 1 23 45 2.54084 0 115 2.54084 1
gene 1 24 41 3.35254 0 116 3.35254 1
gene 1 24 42 5 0 117 5 1
gene 1 24 43 0.791805 0 118 0.791805 1
gene 1 24 44 0.753069 0 119 0.753069 1
gene 1 24 45 2.10874 0 120 2.10874 1
gene 1 25 41 -5 0 121 -5 1
gene 1 25 42 -1.50038 0 122 -1.50038 1
gene 1 25 43 4.85378 0 123 4.85378 1
gene 1 25 44 -1.05052 0 124 -1.05052 1
gene 1 25 45 -2.28588 0 125 -2.28588 1
gene 1 26 41 -3.35386 0 126 -3.35386 1
gene 1 26 42 0.00630824 0 127 0.00630824 1
gene 1 26 43 0.729483 0 128 0.729483 1
gene 1 26 44 -4.13373 0 129 -4.13373 1
gene 1 26 45 -0.881725 0 130 -0.881725 1
gene 1 27 41 3.30783 0 131 3.30783 1
gene 1 27 42 -3.14285 0 132 -3.14285 1
gene 1 27 43 2.74576 0 133 2.74576 1
gene 1 27 44 0.716872 0 134 0.716872 1
gene 1 27 45 -0.805477 0 135 -0.805477 1
gene 1 28 41 3.08869 0 136 3.08869 1
gene 1 28 42 -0.508448 0 137 -0.508448 1
gene 1 28 43 4.06547 0 138 4.06547 1
gene 1 28 44 1.26311 0 139 1.26311 1
gene 1 28 45 -1.38987 0 140 -1.38987 1
gene 1 29 41 -2.0035 0 141 -2.0035 1
gene 1 29 42 -1.75468 0 142 -1.75468 1
gene 1 29 43 -0.830594 0 143 -0.830594 1
gene 1 29 44 -4.47848 0 144 -4.47848 1
gene 1 29 45 5 0 145 5 1
gene 1 30 41 0.758348 0 146 0.758348 1
gene 1 30 42 5 0 147 5 1
gene 1 30 43 -5 0 148 -5 1
gene 1 30 44 3.97726 0 149 3.97726 1
gene 1 30 45 0.70977 0 150 0.70977 1
gene 1 31 41 -2.484 0 151 -2.484 1
gene 1 31 42 5 0 152 5 1
gene 1 31 43 0.664814 0 153 0.664814 1
gene 1 31 44 -1.8286 0 154 -1.8286 1
gene 1 31 45 5 0 155 5 1
gene 1 32 41 2.71548 0 156 2.71548 1
gene 1 32 42 3.83103 0 157 3.83103 1
gene 1 32 43 -5 0 158 -5 1
gene 1 32 44 1.2358 0 159 1.2358 1
gene 1 32 45 -1.80132 0 160 -1.80132 1
gene 1 33 41 -0.777402 0 161 -0.777402 1
gene 1 33 42 0.609352 0 162 0.609352 1
gene 1 33 43 -0.676095 0 163 -0.676095 1
gene 1 33 44 -0.215787 0 164 -0.215787 1
gene 1 33 45 -1.30584 0 165 -1.30584 1
gene 1 34 41 5 0 166 5 1
gene 1 34 42 -0.864757 0 167 -0.864757 1
gene 1 34 43 -1.08027 0 168 -1.08027 1
gene 1 34 44 0.8891 0 169 0.8891 1
gene 1 34 45 0.501929 0 170 0.501929 1
gene 1 35 41 0.916989 0 171 0.916989 1
gene 1 35 42 -1.42337 0 172 -1.42337 1
gene 1 35 43 0.142127 0 173 0.142127 1
gene 1 35 44 -0.745401 0 174 -0.745401 1
gene 1 35 45 1.05602 0 175 1.05602 1
gene 1 36 41 -0.306869 0 176 -0.306869 1
gene 1 36 42 0.155764 0 177 0.155764 1
gene 1 36 43 -1.47817 0 178 -1.47817 1
gene 1 36 44 -0.529701 0 179 -0.529701 1
gene 1 36 45 0.73787 0 180 0.73787 1
gene 1 37 41 0.567174 0 181 0.567174 1
gene 1 37 42 0.137872 0 182 0.137872 1
gene 1 37 43 -0.465289 0 183 -0.465289 1
gene 1 37 44 0.196135 0 184 0.196135 1
gene 1 37 45 -0.111135 0 185 -0.111135 1
gene 1 38 41 1.20678 0 186 1.20678 1
gene 1 38 42 -0.222616 0 187 -0.222616 1
gene 1 38 43 -1.7521 0 188 -1.7521 1
gene 1 38 44 -0.8825 0 189 -0.8825 1
gene 1 38 45 0.659417 0 190 0.659417 1
gene 1 39 41 -0.589496 0 191 -0.589496 1
gene 1 39 42 -0.90883 0 192 -0.90883 1
gene 1 39 43 0.0938192 0 193 0.0938192 1
gene 1 39 44 0.929157 0 194 0.929157 1
gene 1 39 45 -1.46967 0 195 -1.46967 1
gene 1 40 41 -0.76242 0 196 -0.76242 1
gene 1 40 42 0.0146619 0 197 0.0146619 1
gene 1 40 43 0.574415 0 198 0.574415 1
gene 1 40 44 -4.77136 0 199 -4.77136 1
gene 1 40 45 1.30114 0 200 1.30114 1
genomeend 6


