/* Organism #0 Fitness: 17175.836000 Time: 0 */
genomestart 0
trait 1 0.000000 0.000000 0.611868 0.562865 0.393325 0.000000 0.302979 0.324996 
node 1 1 1 1
node 2 1 1 1
node 3 1 1 1
node 4 1 1 1
node 5 1 1 1
node 6 1 1 1
node 7 1 1 1
node 8 1 1 1
node 9 1 1 1
node 10 1 1 1
node 11 1 1 1
node 12 1 1 1
node 13 1 1 1
node 14 1 1 1
node 15 1 1 1
node 16 1 1 1
node 17 1 1 1
node 18 1 1 1
node 19 1 1 1
node 20 1 1 1
node 21 1 1 1
node 22 1 1 1
node 23 1 1 1
node 24 1 1 1
node 25 1 1 1
node 26 1 1 1
node 27 1 1 1
node 28 1 1 1
node 29 1 1 1
node 30 1 1 1
node 31 1 1 1
node 32 1 1 1
node 33 1 1 1
node 34 1 1 1
node 35 1 1 1
node 36 1 1 1
node 37 1 1 1
node 38 1 1 1
node 39 1 1 1
node 40 1 1 3
node 41 1 0 2
node 42 1 0 2
node 43 1 0 2
node 44 1 0 2
node 45 1 0 2
gene 1 1 41 0.119854 0 1 0.119854 1
gene 1 1 42 1.93038 0 2 1.93038 1
gene 1 1 43 -4.59753 0 3 -4.59753 1
gene 1 1 44 0.435199 0 4 0.435199 1
gene 1 1 45 -2.73479 0 5 -2.73479 1
gene 1 2 41 0.819187 0 6 0.819187 1
gene 1 2 42 -3.60956 0 7 -3.60956 1
gene 1 2 43 -0.359586 0 8 -0.359586 1
gene 1 2 44 1.62574 0 9 1.62574 1
gene 1 2 45 -1.30088 0 10 -1.30088 1
gene 1 3 41 -1.75387 0 11 -1.75387 1
gene 1 3 42 -0.825946 0 12 -0.825946 1
gene 1 3 43 2.34459 0 13 2.34459 1
gene 1 3 44 -1.14093 0 14 -1.14093 1
gene 1 3 45 0.0155387 0 15 0.0155387 1
gene 1 4 41 5 0 16 5 1
gene 1 4 42 1.67942 0 17 1.67942 1
gene 1 4 43 -3.52108 0 18 -3.52108 1
gene 1 4 44 0.803431 0 19 0.803431 1
gene 1 4 45 0.682502 0 20 0.682502 1
gene 1 5 41 1.03375 0 21 1.03375 1
gene 1 5 42 4.18768 0 22 4.18768 1
gene 1 5 43 -0.800283 0 23 -0.800283 1
gene 1 5 44 -3.49377 0 24 -3.49377 1
gene 1 5 45 -4.25448 0 25 -4.25448 1
gene 1 6 41 -1.40644 0 26 -1.40644 1
gene 1 6 42 1.21808 0 27 1.21808 1
gene 1 6 43 -4.8873 0 28 -4.8873 1
gene 1 6 44 -2.50243 0 29 -2.50243 1
gene 1 6 45 0.316905 0 30 0.316905 1
gene 1 7 41 0.382813 0 31 0.382813 1
gene 1 7 42 -1.60712 0 32 -1.60712 1
gene 1 7 43 0.154299 0 33 0.154299 1
gene 1 7 44 -3.74427 0 34 -3.74427 1
gene 1 7 45 -1.10462 0 35 -1.10462 1
gene 1 8 41 -1.88467 0 36 -1.88467 1
gene 1 8 42 4.52061 0 37 4.52061 1
gene 1 8 43 1.33412 0 38 1.33412 1
gene 1 8 44 -0.879616 0 39 -0.879616 1
gene 1 8 45 4.01966 0 40 4.01966 1
gene 1 9 41 -5 0 41 -5 1
gene 1 9 42 2.05926 0 42 2.05926 1
gene 1 9 43 0.255591 0 43 0.255591 1
gene 1 9 44 0.196596 0 44 0.196596 1
gene 1 9 45 -4.56324 0 45 -4.56324 1
gene 1 10 41 4.59529 0 46 4.59529 1
gene 1 10 42 0.846736 0 47 0.846736 1
gene 1 10 43 2.41344 0 48 2.41344 1
gene 1 10 44 -1.51871 0 49 -1.51871 1
gene 1 10 45 -5 0 50 -5 1
gene 1 11 41 -1.72178 0 51 -1.72178 1
gene 1 11 42 -5 0 52 -5 1
gene 1 11 43 0.524599 0 53 0.524599 1
gene 1 11 44 -5.06355e-05 0 54 -5.06355e-05 1
gene 1 11 45 -4.79648 0 55 -4.79648 1
gene 1 12 41 4.65789 0 56 4.65789 1
gene 1 12 42 -5 0 57 -5 1
gene 1 12 43 2.41165 0 58 2.41165 1
gene 1 12 44 -1.30901 0 59 -1.30901 1
gene 1 12 45 0.159537 0 60 0.159537 1
gene 1 13 41 -4.69802 0 61 -4.69802 1
gene 1 13 42 5 0 62 5 1
gene 1 13 43 -0.634796 0 63 -0.634796 1
gene 1 13 44 -4.74067 0 64 -4.74067 1
gene 1 13 45 3.76267 0 65 3.76267 1
gene 1 14 41 -0.53793 0 66 -0.53793 1
gene 1 14 42 -0.105681 0 67 -0.105681 1
gene 1 14 43 0.567684 0 68 0.567684 1
gene 1 14 44 -3.01986 0 69 -3.01986 1
gene 1 14 45 -1.26902 0 70 -1.26902 1
gene 1 15 41 0.750654 0 71 0.750654 1
gene 1 15 42 1.39118 0 72 1.39118 1
gene 1 15 43 -1.98637 0 73 -1.98637 1
gene 1 15 44 -0.221809 0 74 -0.221809 1
gene 1 15 45 0.831734 0 75 0.831734 1
gene 1 16 41 -1.71421 0 76 -1.71421 1
gene 1 16 42 1.57331 0 77 1.57331 1
gene 1 16 43 4.24571 0 78 4.24571 1
gene 1 16 44 -3.6889 0 79 -3.6889 1
gene 1 16 45 -3.03857 0 80 -3.03857 1
gene 1 17 41 2.32398 0 81 2.32398 1
gene 1 17 42 0.117093 0 82 0.117093 1
gene 1 17 43 0.989814 0 83 0.989814 1
gene 1 17 44 -2.661 0 84 -2.661 1
gene 1 17 45 -1.8732 0 85 -1.8732 1
gene 1 18 41 -4.27919 0 86 -4.27919 1
gene 1 18 42 -3.39596 0 87 -3.39596 1
gene 1 18 43 -4.51388 0 88 -4.51388 1
gene 1 18 44 -3.70408 0 89 -3.70408 1
gene 1 18 45 -5 0 90 -5 1
gene 1 19 41 -2.86332 0 91 -2.86332 1
gene 1 19 42 -0.27737 0 92 -0.27737 1
gene 1 19 43 -1.58288 0 93 -1.58288 1
gene 1 19 44 3.5439 0 94 3.5439 1
gene 1 19 45 -0.411235 0 95 -0.411235 1
gene 1 20 41 2.78894 0 96 2.78894 1
gene 1 20 42 3.23767 0 97 3.23767 1
gene 1 20 43 1.89638 0 98 1.89638 1
gene 1 20 44 -1.28058 0 99 -1.28058 1
gene 1 20 45 3.19455 0 100 3.19455 1
gene 1 21 41 -3.38537 0 101 -3.38537 1
gene 1 21 42 -0.854022 0 102 -0.854022 1
gene 1 21 43 -0.00250888 0 103 -0.00250888 1
gene 1 21 44 -1.12574 0 104 -1.12574 1
gene 1 21 45 2.18439 0 105 2.18439 1
gene 1 22 41 -0.697812 0 106 -0.697812 1
gene 1 22 42 1.29128 0 107 1.29128 1
gene 1 22 43 1.03674 0 108 1.03674 1
gene 1 22 44 -2.48672 0 109 -2.48672 1
gene 1 22 45 1.01336 0 110 1.01336 1
gene 1 23 41 3.96357 0 111 3.96357 1
gene 1 23 42 1.51492 0 112 1.51492 1
gene 1 23 43 -4.79473 0 113 -4.79473 1
gene 1 23 44 -5 0 114 -5 1
gene 1 23 45 -4.25421 0 115 -4.25421 1
gene 1 24 41 -3.13937 0 116 -3.13937 1
gene 1 24 42 -1.23876 0 117 -1.23876 1
gene 1 24 43 0.243029 0 118 0.243029 1
gene 1 24 44 5 0 119 5 1
gene 1 24 45 1.89179 0 120 1.89179 1
gene 1 25 41 0.521509 0 121 0.521509 1
gene 1 25 42 -2.14307 0 122 -2.14307 1
gene 1 25 43 -1.50463 0 123 -1.50463 1
gene 1 25 44 -0.408467 0 124 -0.408467 1
gene 1 25 45 -0.0304931 0 125 -0.0304931 1
gene 1 26 41 2.2142 0 126 2.2142 1
gene 1 26 42 1.40282 0 127 1.40282 1
gene 1 26 43 2.92801 0 128 2.92801 1
gene 1 26 44 -0.212688 0 129 -0.212688 1
gene 1 26 45 -2.9737 0 130 -2.9737 1
gene 1 27 41 3.79117 0 131 3.79117 1
gene 1 27 42 0.79746 0 132 0.79746 1
gene 1 27 43 -2.18322 0 133 -2.18322 1
gene 1 27 44 -3.30156 0 134 -3.30156 1
gene 1 27 45 0.541569 0 135 0.541569 1
gene 1 28 41 0.162809 0 136 0.162809 1
gene 1 28 42 3.50369 0 137 3.50369 1
gene 1 28 43 -0.596049 0 138 -0.596049 1
gene 1 28 44 -2.305 0 139 -2.305 1
gene 1 28 45 -4.89236 0 140 -4.89236 1
gene 1 29 41 -0.835123 0 141 -0.835123 1
gene 1 29 42 -0.541205 0 142 -0.541205 1
gene 1 29 43 -2.29274 0 143 -2.29274 1
gene 1 29 44 -1.55187 0 144 -1.55187 1
gene 1 29 45 2.40976 0 145 2.40976 1
gene 1 30 41 -3.92567 0 146 -3.92567 1
gene 1 30 42 -3.8404 0 147 -3.8404 1
gene 1 30 43 -1.66889 0 148 -1.66889 1
gene 1 30 44 1.45803 0 149 1.45803 1
gene 1 30 45 -1.55828 0 150 -1.55828 1
gene 1 31 41 -3.46261 0 151 -3.46261 1
gene 1 31 42 1.82567 0 152 1.82567 1
gene 1 31 43 -1.43601 0 153 -1.43601 1
gene 1 31 44 2.28816 0 154 2.28816 1
gene 1 31 45 -0.131832 0 155 -0.131832 1
gene 1 32 41 1.02269 0 156 1.02269 1
gene 1 32 42 -1.9138 0 157 -1.9138 1
gene 1 32 43 -0.914487 0 158 -0.914487 1
gene 1 32 44 0.084574 0 159 0.084574 1
gene 1 32 45 -3.16032 0 160 -3.16032 1
gene 1 33 41 0.070628 0 161 0.070628 1
gene 1 33 42 -0.868701 0 162 -0.868701 1
gene 1 33 43 0.56238 0 163 0.56238 1
gene 1 33 44 -0.612859 0 164 -0.612859 1
gene 1 33 45 -0.993754 0 165 -0.993754 1
gene 1 34 41 0.10703 0 166 0.10703 1
gene 1 34 42 0.434945 0 167 0.434945 1
gene 1 34 43 2.47945 0 168 2.47945 1
gene 1 34 44 -1.22861 0 169 -1.22861 1
gene 1 34 45 -0.111921 0 170 -0.111921 1
gene 1 35 41 0.098616 0 171 0.098616 1
gene 1 35 42 -0.766016 0 172 -0.766016 1
gene 1 35 43 0.28785 0 173 0.28785 1
gene 1 35 44 1.00619 0 174 1.00619 1
gene 1 35 45 -0.961441 0 175 -0.961441 1
gene 1 36 41 3.11313 0 176 3.11313 1
gene 1 36 42 0.747862 0 177 0.747862 1
gene 1 36 43 0.738248 0 178 0.738248 1
gene 1 36 44 -1.10181 0 179 -1.10181 1
gene 1 36 45 0.929661 0 180 0.929661 1
gene 1 37 41 -0.0227421 0 181 -0.0227421 1
gene 1 37 42 -1.3008 0 182 -1.3008 1
gene 1 37 43 -0.580109 0 183 -0.580109 1
gene 1 37 44 0.161504 0 184 0.161504 1
gene 1 37 45 -0.277079 0 185 -0.277079 1
gene 1 38 41 0.663482 0 186 0.663482 1
gene 1 38 42 1.05508 0 187 1.05508 1
gene 1 38 43 0.0978175 0 188 0.0978175 1
gene 1 38 44 0.926713 0 189 0.926713 1
gene 1 38 45 -1.06551 0 190 -1.06551 1
gene 1 39 41 0.00511719 0 191 0.00511719 1
gene 1 39 42 0.253466 0 192 0.253466 1
gene 1 39 43 1.16348 0 193 1.16348 1
gene 1 39 44 0.604235 0 194 0.604235 1
gene 1 39 45 -0.208289 0 195 -0.208289 1
gene 1 40 41 0.664908 0 196 0.664908 1
gene 1 40 42 0.137948 0 197 0.137948 1
gene 1 40 43 -0.678141 0 198 -0.678141 1
gene 1 40 44 0.664099 0 199 0.664099 1
gene 1 40 45 0.15903 0 200 0.15903 1
genomeend 0


