/* Organism #3 Fitness: 19432.134000 Time: 0 */
genomestart 3
trait 1 0.000000 1.000000 0.000000 0.000000 0.000000 0.721805 0.014902 0.384048 
node 1 1 1 1
node 2 1 1 1
node 3 1 1 1
node 4 1 1 1
node 5 1 1 1
node 6 1 1 1
node 7 1 1 1
node 8 1 1 1
node 9 1 1 1
node 10 1 1 1
node 11 1 1 1
node 12 1 1 1
node 13 1 1 1
node 14 1 1 1
node 15 1 1 1
node 16 1 1 1
node 17 1 1 1
node 18 1 1 1
node 19 1 1 1
node 20 1 1 1
node 21 1 1 1
node 22 1 1 1
node 23 1 1 1
node 24 1 1 1
node 25 1 1 1
node 26 1 1 1
node 27 1 1 1
node 28 1 1 1
node 29 1 1 1
node 30 1 1 1
node 31 1 1 1
node 32 1 1 1
node 33 1 1 1
node 34 1 1 1
node 35 1 1 1
node 36 1 1 1
node 37 1 1 1
node 38 1 1 1
node 39 1 1 1
node 40 1 1 3
node 41 1 0 2
node 42 1 0 2
node 43 1 0 2
node 44 1 0 2
node 45 1 0 2
gene 1 1 41 1.51828 0 1 1.51828 1
gene 1 1 42 1.03818 0 2 1.03818 1
gene 1 1 43 -1.39429 0 3 -1.39429 1
gene 1 1 44 0.804712 0 4 0.804712 1
gene 1 1 45 -2.3162 0 5 -2.3162 1
gene 1 2 41 -4.30299 0 6 -4.30299 1
gene 1 2 42 -5 0 7 -5 1
gene 1 2 43 0.0961745 0 8 0.0961745 1
gene 1 2 44 -0.0764739 0 9 -0.0764739 1
gene 1 2 45 0.656589 0 10 0.656589 1
gene 1 3 41 0.211804 0 11 0.211804 1
gene 1 3 42 -0.467578 0 12 -0.467578 1
gene 1 3 43 -0.995624 0 13 -0.995624 1
gene 1 3 44 0.842699 0 14 0.842699 1
gene 1 3 45 1.09505 0 15 1.09505 1
gene 1 4 41 -0.455763 0 16 -0.455763 1
gene 1 4 42 -2.67782 0 17 -2.67782 1
gene 1 4 43 -0.913237 0 18 -0.913237 1
gene 1 4 44 -0.85276 0 19 -0.85276 1
gene 1 4 45 -0.0847173 0 20 -0.0847173 1
gene 1 5 41 -0.759466 0 21 -0.759466 1
gene 1 5 42 -0.313023 0 22 -0.313023 1
gene 1 5 43 -3.71055 0 23 -3.71055 1
gene 1 5 44 0.816497 0 24 0.816497 1
gene 1 5 45 -2.44432 0 25 -2.44432 1
gene 1 6 41 0.441285 0 26 0.441285 1
gene 1 6 42 0.837162 0 27 0.837162 1
gene 1 6 43 -0.345294 0 28 -0.345294 1
gene 1 6 44 -4.86257 0 29 -4.86257 1
gene 1 6 45 2.42749 0 30 2.42749 1
gene 1 7 41 1.10534 0 31 1.10534 1
gene 1 7 42 -5 0 32 -5 1
gene 1 7 43 3.46141 0 33 3.46141 1
gene 1 7 44 0.898782 0 34 0.898782 1
gene 1 7 45 -1.33101 0 35 -1.33101 1
gene 1 8 41 -1.99793 0 36 -1.99793 1
gene 1 8 42 2.25149 0 37 2.25149 1
gene 1 8 43 -3.71105 0 38 -3.71105 1
gene 1 8 44 -1.4337 0 39 -1.4337 1
gene 1 8 45 -1.01253 0 40 -1.01253 1
gene 1 9 41 -0.951489 0 41 -0.951489 1
gene 1 9 42 1.56078 0 42 1.56078 1
gene 1 9 43 -0.574586 0 43 -0.574586 1
gene 1 9 44 0.526895 0 44 0.526895 1
gene 1 9 45 0.620668 0 45 0.620668 1
gene 1 10 41 -4.287 0 46 -4.287 1
gene 1 10 42 5 0 47 5 1
gene 1 10 43 -0.300925 0 48 -0.300925 1
gene 1 10 44 -0.435681 0 49 -0.435681 1
gene 1 10 45 -0.151947 0 50 -0.151947 1
gene 1 11 41 -0.553334 0 51 -0.553334 1
gene 1 11 42 1.26822 0 52 1.26822 1
gene 1 11 43 -2.96992 0 53 -2.96992 1
gene 1 11 44 5 0 54 5 1
gene 1 11 45 -1.68608 0 55 -1.68608 1
gene 1 12 41 1.06474 0 56 1.06474 1
gene 1 12 42 -3.71991 0 57 -3.71991 1
gene 1 12 43 1.43065 0 58 1.43065 1
gene 1 12 44 2.04519 0 59 2.04519 1
gene 1 12 45 -0.487605 0 60 -0.487605 1
gene 1 13 41 2.05856 0 61 2.05856 1
gene 1 13 42 -1.13777 0 62 -1.13777 1
gene 1 13 43 -1.64788 0 63 -1.64788 1
gene 1 13 44 -0.318452 0 64 -0.318452 1
gene 1 13 45 3.92433 0 65 3.92433 1
gene 1 14 41 0.325788 0 66 0.325788 1
gene 1 14 42 -1.71302 0 67 -1.71302 1
gene 1 14 43 0.965607 0 68 0.965607 1
gene 1 14 44 -2.00477 0 69 -2.00477 1
gene 1 14 45 -4.95705 0 70 -4.95705 1
gene 1 15 41 -1.13303 0 71 -1.13303 1
gene 1 15 42 -1.28519 0 72 -1.28519 1
gene 1 15 43 3.2595 0 73 3.2595 1
gene 1 15 44 0.583326 0 74 0.583326 1
gene 1 15 45 -2.42593 0 75 -2.42593 1
gene 1 16 41 -1.85466 0 76 -1.85466 1
gene 1 16 42 3.98853 0 77 3.98853 1
gene 1 16 43 0.521072 0 78 0.521072 1
gene 1 16 44 2.99351 0 79 2.99351 1
gene 1 16 45 1.87708 0 80 1.87708 1
gene 1 17 41 1.63284 0 81 1.63284 1
gene 1 17 42 1.72898 0 82 1.72898 1
gene 1 17 43 -1.07537 0 83 -1.07537 1
gene 1 17 44 1.66443 0 84 1.66443 1
gene 1 17 45 2.43974 0 85 2.43974 1
gene 1 18 41 -0.0347541 0 86 -0.0347541 1
gene 1 18 42 3.57928 0 87 3.57928 1
gene 1 18 43 -1.91983 0 88 -1.91983 1
gene 1 18 44 -1.14379 0 89 -1.14379 1
gene 1 18 45 0.950557 0 90 0.950557 1
gene 1 19 41 0.872958 0 91 0.872958 1
gene 1 19 42 0.515847 0 92 0.515847 1
gene 1 19 43 2.30112 0 93 2.30112 1
gene 1 19 44 0.300377 0 94 0.300377 1
gene 1 19 45 -0.660889 0 95 -0.660889 1
gene 1 20 41 -0.344383 0 96 -0.344383 1
gene 1 20 42 -0.129443 0 97 -0.129443 1
gene 1 20 43 0.65964 0 98 0.65964 1
gene 1 20 44 -0.130031 0 99 -0.130031 1
gene 1 20 45 0.127658 0 100 0.127658 1
gene 1 21 41 -1.26247 0 101 -1.26247 1
gene 1 21 42 1.1597 0 102 1.1597 1
gene 1 21 43 -2.29575 0 103 -2.29575 1
gene 1 21 44 4.89068 0 104 4.89068 1
gene 1 21 45 3.24462 0 105 3.24462 1
gene 1 22 41 1.17758 0 106 1.17758 1
gene 1 22 42 0.140501 0 107 0.140501 1
gene 1 22 43 4.34662 0 108 4.34662 1
gene 1 22 44 4.25986 0 109 4.25986 1
gene 1 22 45 0.358426 0 110 0.358426 1
gene 1 23 41 -0.279661 0 111 -0.279661 1
gene 1 23 42 0.733059 0 112 0.733059 1
gene 1 23 43 -4.17954 0 113 -4.17954 1
gene 1 23 44 -1.9071 0 114 -1.9071 1
gene 1 23 45 -4.45301 0 115 -4.45301 1
gene 1 24 41 -3.73541 0 116 -3.73541 1
gene 1 24 42 -2.64725 0 117 -2.64725 1
gene 1 24 43 -4.60106 0 118 -4.60106 1
gene 1 24 44 -2.67264 0 119 -2.67264 1
gene 1 24 45 -2.69357 0 120 -2.69357 1
gene 1 25 41 0.432758 0 121 0.432758 1
gene 1 25 42 4.43327 0 122 4.43327 1
gene 1 25 43 4.18176 0 123 4.18176 1
gene 1 25 44 2.49785 0 124 2.49785 1
gene 1 25 45 2.28592 0 125 2.28592 1
gene 1 26 41 0.771566 0 126 0.771566 1
gene 1 26 42 3.70954 0 127 3.70954 1
gene 1 26 43 1.21859 0 128 1.21859 1
gene 1 26 44 -2.27148 0 129 -2.27148 1
gene 1 26 45 3.9693 0 130 3.9693 1
gene 1 27 41 0.593112 0 131 0.593112 1
gene 1 27 42 -0.187721 0 132 -0.187721 1
gene 1 27 43 -1.9379 0 133 -1.9379 1
gene 1 27 44 -2.16333 0 134 -2.16333 1
gene 1 27 45 -3.01256 0 135 -3.01256 1
gene 1 28 41 -2.53472 0 136 -2.53472 1
gene 1 28 42 4.731 0 137 4.731 1
gene 1 28 43 2.63712 0 138 2.63712 1
gene 1 28 44 -1.91326 0 139 -1.91326 1
gene 1 28 45 1.09767 0 140 1.09767 1
gene 1 29 41 0.72345 0 141 0.72345 1
gene 1 29 42 2.06958 0 142 2.06958 1
gene 1 29 43 3.18199 0 143 3.18199 1
gene 1 29 44 -0.51795 0 144 -0.51795 1
gene 1 29 45 1.49915 0 145 1.49915 1
gene 1 30 41 3.77598 0 146 3.77598 1
gene 1 30 42 1.99189 0 147 1.99189 1
gene 1 30 43 0.459178 0 148 0.459178 1
gene 1 30 44 3.98762 0 149 3.98762 1
gene 1 30 45 -3.52512 0 150 -3.52512 1
gene 1 31 41 0.605727 0 151 0.605727 1
gene 1 31 42 0.110132 0 152 0.110132 1
gene 1 31 43 -1.62887 0 153 -1.62887 1
gene 1 31 44 -0.346756 0 154 -0.346756 1
gene 1 31 45 -2.49247 0 155 -2.49247 1
gene 1 32 41 -0.764465 0 156 -0.764465 1
gene 1 32 42 -0.171213 0 157 -0.171213 1
gene 1 32 43 -2.15843 0 158 -2.15843 1
gene 1 32 44 -2.58038 0 159 -2.58038 1
gene 1 32 45 3.08032 0 160 3.08032 1
gene 1 33 41 -2.46918 0 161 -2.46918 1
gene 1 33 42 -0.682391 0 162 -0.682391 1
gene 1 33 43 -0.0314768 0 163 -0.0314768 1
gene 1 33 44 -0.372416 0 164 -0.372416 1
gene 1 33 45 0.6607 0 165 0.6607 1
gene 1 34 41 -2.86779 0 166 -2.86779 1
gene 1 34 42 -0.81562 0 167 -0.81562 1
gene 1 34 43 -1.19464 0 168 -1.19464 1
gene 1 34 44 -0.858426 0 169 -0.858426 1
gene 1 34 45 0.995073 0 170 0.995073 1
gene 1 35 41 0.813207 0 171 0.813207 1
gene 1 35 42 -1.01675 0 172 -1.01675 1
gene 1 35 43 -1.28152 0 173 -1.28152 1
gene 1 35 44 -0.69297 0 174 -0.69297 1
gene 1 35 45 0.833369 0 175 0.833369 1
gene 1 36 41 -0.043086 0 176 -0.043086 1
gene 1 36 42 -0.171572 0 177 -0.171572 1
gene 1 36 43 -0.307086 0 178 -0.307086 1
gene 1 36 44 0.65399 0 179 0.65399 1
gene 1 36 45 1.17139 0 180 1.17139 1
gene 1 37 41 -0.0750167 0 181 -0.0750167 1
gene 1 37 42 0.526077 0 182 0.526077 1
gene 1 37 43 -0.150234 0 183 -0.150234 1
gene 1 37 44 0.646667 0 184 0.646667 1
gene 1 37 45 1.55451 0 185 1.55451 1
gene 1 38 41 -1.06399 0 186 -1.06399 1
gene 1 38 42 -0.271891 0 187 -0.271891 1
gene 1 38 43 -0.812649 0 188 -0.812649 1
gene 1 38 44 0.0538209 0 189 0.0538209 1
gene 1 38 45 2.46592 0 190 2.46592 1
gene 1 39 41 -1.43065 0 191 -1.43065 1
gene 1 39 42 0.532201 0 192 0.532201 1
gene 1 39 43 -0.761772 0 193 -0.761772 1
gene 1 39 44 0.00660675 0 194 0.00660675 1
gene 1 39 45 -0.0925544 0 195 -0.0925544 1
gene 1 40 41 0.976473 0 196 0.976473 1
gene 1 40 42 -3.25896 0 197 -3.25896 1
gene 1 40 43 1.4803 0 198 1.4803 1
gene 1 40 44 -4.03357 0 199 -4.03357 1
gene 1 40 45 -1.81104 0 200 -1.81104 1
genomeend 3


