/* Organism #0 Fitness: 17902.258000 Time: 0 */
genomestart 0
trait 1 0.000000 0.000000 0.556670 0.897508 0.000000 0.000000 0.000000 0.000000 
node 1 1 1 1
node 2 1 1 1
node 3 1 1 1
node 4 1 1 1
node 5 1 1 1
node 6 1 1 1
node 7 1 1 1
node 8 1 1 1
node 9 1 1 1
node 10 1 1 1
node 11 1 1 1
node 12 1 1 1
node 13 1 1 1
node 14 1 1 1
node 15 1 1 1
node 16 1 1 1
node 17 1 1 1
node 18 1 1 1
node 19 1 1 1
node 20 1 1 1
node 21 1 1 1
node 22 1 1 1
node 23 1 1 1
node 24 1 1 1
node 25 1 1 1
node 26 1 1 1
node 27 1 1 1
node 28 1 1 1
node 29 1 1 1
node 30 1 1 1
node 31 1 1 1
node 32 1 1 1
node 33 1 1 1
node 34 1 1 1
node 35 1 1 1
node 36 1 1 1
node 37 1 1 1
node 38 1 1 1
node 39 1 1 1
node 40 1 1 3
node 41 1 0 2
node 42 1 0 2
node 43 1 0 2
node 44 1 0 2
node 45 1 0 2
gene 1 1 41 0.637248 0 1 0.637248 1
gene 1 1 42 -1.9622 0 2 -1.9622 1
gene 1 1 43 -5 0 3 -5 1
gene 1 1 44 -4.46557 0 4 -4.46557 1
gene 1 1 45 -0.634999 0 5 -0.634999 1
gene 1 2 41 1.33881 0 6 1.33881 1
gene 1 2 42 -0.172145 0 7 -0.172145 1
gene 1 2 43 3.30535 0 8 3.30535 1
gene 1 2 44 -2.25795 0 9 -2.25795 1
gene 1 2 45 -0.0399042 0 10 -0.0399042 1
gene 1 3 41 -1.14445 0 11 -1.14445 1
gene 1 3 42 -2.3309 0 12 -2.3309 1
gene 1 3 43 -2.42941 0 13 -2.42941 1
gene 1 3 44 -2.76769 0 14 -2.76769 1
gene 1 3 45 3.12634 0 15 3.12634 1
gene 1 4 41 -4.82786 0 16 -4.82786 1
gene 1 4 42 -0.750173 0 17 -0.750173 1
gene 1 4 43 1.01959 0 18 1.01959 1
gene 1 4 44 -0.920677 0 19 -0.920677 1
gene 1 4 45 1.08047 0 20 1.08047 1
gene 1 5 41 -2.35706 0 21 -2.35706 1
gene 1 5 42 0.405107 0 22 0.405107 1
gene 1 5 43 -0.543492 0 23 -0.543492 1
gene 1 5 44 -1.3149 0 24 -1.3149 1
gene 1 5 45 0.308592 0 25 0.308592 1
gene 1 6 41 4.45918 0 26 4.45918 1
gene 1 6 42 -1.09681 0 27 -1.09681 1
gene 1 6 43 -1.78122 0 28 -1.78122 1
gene 1 6 44 0.0344212 0 29 0.0344212 1
gene 1 6 45 -3.30625 0 30 -3.30625 1
gene 1 7 41 2.49188 0 31 2.49188 1
gene 1 7 42 4.05889 0 32 4.05889 1
gene 1 7 43 0.206751 0 33 0.206751 1
gene 1 7 44 -2.16809 0 34 -2.16809 1
gene 1 7 45 -3.10126 0 35 -3.10126 1
gene 1 8 41 -0.366006 0 36 -0.366006 1
gene 1 8 42 -0.0848058 0 37 -0.0848058 1
gene 1 8 43 1.81091 0 38 1.81091 1
gene 1 8 44 -0.328155 0 39 -0.328155 1
gene 1 8 45 2.93338 0 40 2.93338 1
gene 1 9 41 0.433293 0 41 0.433293 1
gene 1 9 42 1.18501 0 42 1.18501 1
gene 1 9 43 1.05548 0 43 1.05548 1
gene 1 9 44 -1.10056 0 44 -1.10056 1
gene 1 9 45 -3.70286 0 45 -3.70286 1
gene 1 10 41 4.07369 0 46 4.07369 1
gene 1 10 42 -2.63043 0 47 -2.63043 1
gene 1 10 43 0.730601 0 48 0.730601 1
gene 1 10 44 2.24068 0 49 2.24068 1
gene 1 10 45 -0.884321 0 50 -0.884321 1
gene 1 11 41 4.82507 0 51 4.82507 1
gene 1 11 42 -0.287292 0 52 -0.287292 1
gene 1 11 43 -2.0114 0 53 -2.0114 1
gene 1 11 44 -3.81041 0 54 -3.81041 1
gene 1 11 45 0.0249293 0 55 0.0249293 1
gene 1 12 41 5 0 56 5 1
gene 1 12 42 0.650901 0 57 0.650901 1
gene 1 12 43 -1.02865 0 58 -1.02865 1
gene 1 12 44 1.37779 0 59 1.37779 1
gene 1 12 45 0.0468249 0 60 0.0468249 1
gene 1 13 41 -3.20516 0 61 -3.20516 1
gene 1 13 42 1.71072 0 62 1.71072 1
gene 1 13 43 0.702861 0 63 0.702861 1
gene 1 13 44 -3.73056 0 64 -3.73056 1
gene 1 13 45 0.781722 0 65 0.781722 1
gene 1 14 41 -1.90264 0 66 -1.90264 1
gene 1 14 42 4.86893 0 67 4.86893 1
gene 1 14 43 -0.258916 0 68 -0.258916 1
gene 1 14 44 0.835286 0 69 0.835286 1
gene 1 14 45 -0.228311 0 70 -0.228311 1
gene 1 15 41 0.361752 0 71 0.361752 1
gene 1 15 42 4.85814 0 72 4.85814 1
gene 1 15 43 2.0606 0 73 2.0606 1
gene 1 15 44 -1.24974 0 74 -1.24974 1
gene 1 15 45 -0.220109 0 75 -0.220109 1
gene 1 16 41 1.4929 0 76 1.4929 1
gene 1 16 42 -0.0405122 0 77 -0.0405122 1
gene 1 16 43 -0.677845 0 78 -0.677845 1
gene 1 16 44 -0.251105 0 79 -0.251105 1
gene 1 16 45 -0.595018 0 80 -0.595018 1
gene 1 17 41 -2.99124 0 81 -2.99124 1
gene 1 17 42 0.944219 0 82 0.944219 1
gene 1 17 43 0.312638 0 83 0.312638 1
gene 1 17 44 -1.18301 0 84 -1.18301 1
gene 1 17 45 -0.545958 0 85 -0.545958 1
gene 1 18 41 2.78184 0 86 2.78184 1
gene 1 18 42 1.61695 0 87 1.61695 1
gene 1 18 43 0.634183 0 88 0.634183 1
gene 1 18 44 0.358662 0 89 0.358662 1
gene 1 18 45 2.2246 0 90 2.2246 1
gene 1 19 41 1.35868 0 91 1.35868 1
gene 1 19 42 -5 0 92 -5 1
gene 1 19 43 -2.20012 0 93 -2.20012 1
gene 1 19 44 1.09091 0 94 1.09091 1
gene 1 19 45 0.206621 0 95 0.206621 1
gene 1 20 41 0.705758 0 96 0.705758 1
gene 1 20 42 -0.923964 0 97 -0.923964 1
gene 1 20 43 -1.45761 0 98 -1.45761 1
gene 1 20 44 -1.16626 0 99 -1.16626 1
gene 1 20 45 0.413428 0 100 0.413428 1
gene 1 21 41 2.26099 0 101 2.26099 1
gene 1 21 42 0.505931 0 102 0.505931 1
gene 1 21 43 -0.612817 0 103 -0.612817 1
gene 1 21 44 -0.447345 0 104 -0.447345 1
gene 1 21 45 -3.45464 0 105 -3.45464 1
gene 1 22 41 -0.689637 0 106 -0.689637 1
gene 1 22 42 1.15213 0 107 1.15213 1
gene 1 22 43 1.71579 0 108 1.71579 1
gene 1 22 44 3.34014 0 109 3.34014 1
gene 1 22 45 1.42115 0 110 1.42115 1
gene 1 23 41 -0.308003 0 111 -0.308003 1
gene 1 23 42 2.29012 0 112 2.29012 1
gene 1 23 43 2.70001 0 113 2.70001 1
gene 1 23 44 -3.93268 0 114 -3.93268 1
gene 1 23 45 -0.756367 0 115 -0.756367 1
gene 1 24 41 -2.56369 0 116 -2.56369 1
gene 1 24 42 -1.25922 0 117 -1.25922 1
gene 1 24 43 -4.38276 0 118 -4.38276 1
gene 1 24 44 -1.34134 0 119 -1.34134 1
gene 1 24 45 -0.218848 0 120 -0.218848 1
gene 1 25 41 3.51047 0 121 3.51047 1
gene 1 25 42 -2.0779 0 122 -2.0779 1
gene 1 25 43 -2.15774 0 123 -2.15774 1
gene 1 25 44 -2.36724 0 124 -2.36724 1
gene 1 25 45 -0.0171612 0 125 -0.0171612 1
gene 1 26 41 -0.674139 0 126 -0.674139 1
gene 1 26 42 0.700091 0 127 0.700091 1
gene 1 26 43 2.37427 0 128 2.37427 1
gene 1 26 44 -2.73034 0 129 -2.73034 1
gene 1 26 45 1.06218 0 130 1.06218 1
gene 1 27 41 2.5135 0 131 2.5135 1
gene 1 27 42 3.38482 0 132 3.38482 1
gene 1 27 43 -1.68911 0 133 -1.68911 1
gene 1 27 44 0.613914 0 134 0.613914 1
gene 1 27 45 -0.561928 0 135 -0.561928 1
gene 1 28 41 -1.41327 0 136 -1.41327 1
gene 1 28 42 4.02126 0 137 4.02126 1
gene 1 28 43 3.76382 0 138 3.76382 1
gene 1 28 44 -2.3277 0 139 -2.3277 1
gene 1 28 45 1.73541 0 140 1.73541 1
gene 1 29 41 -0.292332 0 141 -0.292332 1
gene 1 29 42 0.0895804 0 142 0.0895804 1
gene 1 29 43 -0.683608 0 143 -0.683608 1
gene 1 29 44 -0.462974 0 144 -0.462974 1
gene 1 29 45 0.0962391 0 145 0.0962391 1
gene 1 30 41 -4.82659 0 146 -4.82659 1
gene 1 30 42 -4.46266 0 147 -4.46266 1
gene 1 30 43 5 0 148 5 1
gene 1 30 44 4.41364 0 149 4.41364 1
gene 1 30 45 0.729311 0 150 0.729311 1
gene 1 31 41 -1.01991 0 151 -1.01991 1
gene 1 31 42 -0.980437 0 152 -0.980437 1
gene 1 31 43 -0.759373 0 153 -0.759373 1
gene 1 31 44 2.83119 0 154 2.83119 1
gene 1 31 45 0.814576 0 155 0.814576 1
gene 1 32 41 0.784095 0 156 0.784095 1
gene 1 32 42 -5 0 157 -5 1
gene 1 32 43 3.70432 0 158 3.70432 1
gene 1 32 44 -0.965618 0 159 -0.965618 1
gene 1 32 45 -1.83548 0 160 -1.83548 1
gene 1 33 41 3.28911 0 161 3.28911 1
gene 1 33 42 -0.911328 0 162 -0.911328 1
gene 1 33 43 -1.27062 0 163 -1.27062 1
gene 1 33 44 0.778311 0 164 0.778311 1
gene 1 33 45 -1.84773 0 165 -1.84773 1
gene 1 34 41 -1.2474 0 166 -1.2474 1
gene 1 34 42 -0.29722 0 167 -0.29722 1
gene 1 34 43 -0.249935 0 168 -0.249935 1
gene 1 34 44 -0.894969 0 169 -0.894969 1
gene 1 34 45 0.141646 0 170 0.141646 1
gene 1 35 41 -1.36221 0 171 -1.36221 1
gene 1 35 42 -0.273925 0 172 -0.273925 1
gene 1 35 43 -0.0733872 0 173 -0.0733872 1
gene 1 35 44 -0.734056 0 174 -0.734056 1
gene 1 35 45 0.0891212 0 175 0.0891212 1
gene 1 36 41 -1.08807 0 176 -1.08807 1
gene 1 36 42 0.246018 0 177 0.246018 1
gene 1 36 43 -0.590741 0 178 -0.590741 1
gene 1 36 44 -5 0 179 -5 1
gene 1 36 45 -0.16683 0 180 -0.16683 1
gene 1 37 41 0.889592 0 181 0.889592 1
gene 1 37 42 3.30766 0 182 3.30766 1
gene 1 37 43 0.497429 0 183 0.497429 1
gene 1 37 44 -1.04112 0 184 -1.04112 1
gene 1 37 45 -0.83767 0 185 -0.83767 1
gene 1 38 41 0.790681 0 186 0.790681 1
gene 1 38 42 0.170141 0 187 0.170141 1
gene 1 38 43 -0.547037 0 188 -0.547037 1
gene 1 38 44 -0.880866 0 189 -0.880866 1
gene 1 38 45 0.845799 0 190 0.845799 1
gene 1 39 41 0.394664 0 191 0.394664 1
gene 1 39 42 2.2042 0 192 2.2042 1
gene 1 39 43 -0.858797 0 193 -0.858797 1
gene 1 39 44 -0.520375 0 194 -0.520375 1
gene 1 39 45 -0.876636 0 195 -0.876636 1
gene 1 40 41 -1.43132 0 196 -1.43132 1
gene 1 40 42 0.440397 0 197 0.440397 1
gene 1 40 43 -0.258645 0 198 -0.258645 1
gene 1 40 44 -1.36836 0 199 -1.36836 1
gene 1 40 45 0.87217 0 200 0.87217 1
genomeend 0


