/* Organism #12 Fitness: 13333.758000 Time: 0 */
genomestart 12
trait 1 0.000000 0.257236 0.494025 0.000000 0.486470 0.229343 0.000000 0.016268 
node 1 1 1 1
node 2 1 1 1
node 3 1 1 1
node 4 1 1 1
node 5 1 1 1
node 6 1 1 1
node 7 1 1 1
node 8 1 1 1
node 9 1 1 1
node 10 1 1 1
node 11 1 1 1
node 12 1 1 1
node 13 1 1 1
node 14 1 1 1
node 15 1 1 1
node 16 1 1 1
node 17 1 1 1
node 18 1 1 1
node 19 1 1 1
node 20 1 1 1
node 21 1 1 1
node 22 1 1 1
node 23 1 1 1
node 24 1 1 1
node 25 1 1 1
node 26 1 1 3
node 27 1 0 2
node 28 1 0 2
node 29 1 0 2
gene 1 1 27 0.802445 0 1 0.802445 1
gene 1 1 28 0.791931 0 2 0.791931 1
gene 1 1 29 -1.70597 0 3 -1.70597 1
gene 1 2 27 0.95642 0 4 0.95642 1
gene 1 2 28 -0.0737984 0 5 -0.0737984 1
gene 1 2 29 3.02268 0 6 3.02268 1
gene 1 3 27 -2.12902 0 7 -2.12902 1
gene 1 3 28 0.228638 0 8 0.228638 1
gene 1 3 29 2.53065 0 9 2.53065 1
gene 1 4 27 -0.391973 0 10 -0.391973 1
gene 1 4 28 0.834379 0 11 0.834379 1
gene 1 4 29 -1.88013 0 12 -1.88013 1
gene 1 5 27 -0.653008 0 13 -0.653008 1
gene 1 5 28 0.852927 0 14 0.852927 1
gene 1 5 29 1.9702 0 15 1.9702 1
gene 1 6 27 1.11497 0 16 1.11497 1
gene 1 6 28 -0.798538 0 17 -0.798538 1
gene 1 6 29 0.954763 0 18 0.954763 1
gene 1 7 27 4.74395 0 19 4.74395 1
gene 1 7 28 0.0376003 0 20 0.0376003 1
gene 1 7 29 -0.932484 0 21 -0.932484 1
gene 1 8 27 -0.0666682 0 22 -0.0666682 1
gene 1 8 28 -0.275193 0 23 -0.275193 1
gene 1 8 29 -0.468019 0 24 -0.468019 1
gene 1 9 27 -1.67941 0 25 -1.67941 1
gene 1 9 28 0.994192 0 26 0.994192 1
gene 1 9 29 -0.292351 0 27 -0.292351 1
gene 1 10 27 0.0293972 0 28 0.0293972 1
gene 1 10 28 -1.13111 0 29 -1.13111 1
gene 1 10 29 -0.860361 0 30 -0.860361 1
gene 1 11 27 -2.06659 0 27 -2.06659 1
gene 1 11 28 -4.68467 0 32 -4.68467 1
gene 1 11 29 0.289477 0 33 0.289477 1
gene 1 12 27 0.120702 0 34 0.120702 1
gene 1 12 28 -0.904521 0 35 -0.904521 1
gene 1 12 29 -0.234046 0 36 -0.234046 1
gene 1 13 27 -0.446928 0 37 -0.446928 1
gene 1 13 28 -0.031417 0 38 -0.031417 1
gene 1 13 29 4.27773 0 39 4.27773 1
gene 1 14 27 0.150576 0 40 0.150576 1
gene 1 14 28 0.0311158 0 41 0.0311158 1
gene 1 14 29 -1.86325 0 42 -1.86325 1
gene 1 15 27 -0.808841 0 43 -0.808841 1
gene 1 15 28 0.353538 0 44 0.353538 1
gene 1 15 29 -1.39241 0 45 -1.39241 1
gene 1 16 27 -1.22752 0 46 -1.22752 1
gene 1 16 28 -3.97038 0 47 -3.97038 1
gene 1 16 29 0.711351 0 48 0.711351 1
gene 1 17 27 -1.55272 0 49 -1.55272 1
gene 1 17 28 3.91175 0 50 3.91175 1
gene 1 17 29 0.0293064 0 51 0.0293064 1
gene 1 18 27 -1.62559 0 52 -1.62559 1
gene 1 18 28 -0.610272 0 53 -0.610272 1
gene 1 18 29 0.137208 0 54 0.137208 1
gene 1 19 27 0.461505 0 55 0.461505 1
gene 1 19 28 -0.872946 0 56 -0.872946 1
gene 1 19 29 5 0 57 5 1
gene 1 20 27 0.441799 0 58 0.441799 1
gene 1 20 28 2.49568 0 59 2.49568 1
gene 1 20 29 0.108507 0 60 0.108507 1
gene 1 21 27 -1.99192 0 61 -1.99192 1
gene 1 21 28 0.0585678 0 62 0.0585678 1
gene 1 21 29 1.37948 0 63 1.37948 1
gene 1 22 27 0.750244 0 64 0.750244 1
gene 1 22 28 -0.0864403 0 65 -0.0864403 1
gene 1 22 29 -0.696948 0 66 -0.696948 1
gene 1 23 27 -0.532772 0 67 -0.532772 1
gene 1 23 28 -0.248454 0 68 -0.248454 1
gene 1 23 29 -0.848101 0 69 -0.848101 1
gene 1 24 27 0.499104 0 70 0.499104 1
gene 1 24 28 0.174847 0 71 0.174847 1
gene 1 24 29 0.0831248 0 72 0.0831248 1
gene 1 25 27 0.452803 0 73 0.452803 1
gene 1 25 28 0.276788 0 74 0.276788 1
gene 1 25 29 -0.283193 0 75 -0.283193 1
gene 1 26 27 2.02703 0 76 2.02703 1
gene 1 26 28 -0.428583 0 77 -0.428583 1
gene 1 26 29 0.935308 0 78 0.935308 1
genomeend 12


