/* Organism #33 Fitness: 12667.242000 Time: 0 */
genomestart 33
trait 1 1.000000 0.033331 0.458687 0.579959 0.865177 0.111684 0.488874 1.000000 
node 1 1 1 1
node 2 1 1 1
node 3 1 1 1
node 4 1 1 1
node 5 1 1 1
node 6 1 1 1
node 7 1 1 1
node 8 1 1 1
node 9 1 1 1
node 10 1 1 1
node 11 1 1 1
node 12 1 1 1
node 13 1 1 1
node 14 1 1 1
node 15 1 1 1
node 16 1 1 1
node 17 1 1 1
node 18 1 1 1
node 19 1 1 1
node 20 1 1 1
node 21 1 1 1
node 22 1 1 1
node 23 1 1 1
node 24 1 1 1
node 25 1 1 1
node 26 1 1 3
node 27 1 0 2
node 28 1 0 2
node 29 1 0 2
gene 1 1 27 0.420228 0 1 0.420228 1
gene 1 1 28 -3.64691 0 2 -3.64691 1
gene 1 1 29 -1.41981 0 3 -1.41981 1
gene 1 2 27 -2.15152 0 4 -2.15152 1
gene 1 2 28 -1.8716 0 5 -1.8716 1
gene 1 2 29 2.2062 0 6 2.2062 1
gene 1 3 27 -0.796098 0 7 -0.796098 1
gene 1 3 28 -5 0 8 -5 1
gene 1 3 29 -0.465337 0 9 -0.465337 1
gene 1 4 27 2.27063 0 10 2.27063 1
gene 1 4 28 -0.750802 0 11 -0.750802 1
gene 1 4 29 0.537731 0 12 0.537731 1
gene 1 5 27 -0.179035 0 13 -0.179035 1
gene 1 5 28 2.07393 0 14 2.07393 1
gene 1 5 29 1.56464 0 15 1.56464 1
gene 1 6 27 -0.369187 0 16 -0.369187 1
gene 1 6 28 0.634206 0 17 0.634206 1
gene 1 6 29 1.23318 0 18 1.23318 1
gene 1 7 27 -1.70773 0 19 -1.70773 1
gene 1 7 28 1.67484 0 20 1.67484 1
gene 1 7 29 -1.77123 0 21 -1.77123 1
gene 1 8 27 -1.75125 0 22 -1.75125 1
gene 1 8 28 -1.47309 0 23 -1.47309 1
gene 1 8 29 0.299134 0 24 0.299134 1
gene 1 9 27 -2.42521 0 25 -2.42521 1
gene 1 9 28 -0.0511362 0 26 -0.0511362 1
gene 1 9 29 -2.81341 0 27 -2.81341 1
gene 1 10 27 -2.94159 0 28 -2.94159 1
gene 1 10 28 3.29665 0 29 3.29665 1
gene 1 10 29 2.36374 0 30 2.36374 1
gene 1 11 27 4.73679 0 27 4.73679 1
gene 1 11 28 -0.49704 0 32 -0.49704 1
gene 1 11 29 0.940943 0 33 0.940943 1
gene 1 12 27 -4.18267 0 34 -4.18267 1
gene 1 12 28 1.32584 0 35 1.32584 1
gene 1 12 29 0.157082 0 36 0.157082 1
gene 1 13 27 -2.98259 0 37 -2.98259 1
gene 1 13 28 0.654236 0 38 0.654236 1
gene 1 13 29 -2.18322 0 39 -2.18322 1
gene 1 14 27 -1.29277 0 40 -1.29277 1
gene 1 14 28 -1.21148 0 41 -1.21148 1
gene 1 14 29 -0.0208517 0 42 -0.0208517 1
gene 1 15 27 -3.87571 0 43 -3.87571 1
gene 1 15 28 0.863529 0 44 0.863529 1
gene 1 15 29 -2.27464 0 45 -2.27464 1
gene 1 16 27 -0.0443006 0 46 -0.0443006 1
gene 1 16 28 0.779813 0 47 0.779813 1
gene 1 16 29 2.49972 0 48 2.49972 1
gene 1 17 27 -1.02649 0 49 -1.02649 1
gene 1 17 28 1.41347 0 50 1.41347 1
gene 1 17 29 2.08731 0 51 2.08731 1
gene 1 18 27 0.450507 0 52 0.450507 1
gene 1 18 28 0.661355 0 53 0.661355 1
gene 1 18 29 1.82711 0 54 1.82711 1
gene 1 19 27 -1.30897 0 55 -1.30897 1
gene 1 19 28 3.01072 0 56 3.01072 1
gene 1 19 29 -0.190604 0 57 -0.190604 1
gene 1 20 27 1.1554 0 58 1.1554 1
gene 1 20 28 -1.7944 0 59 -1.7944 1
gene 1 20 29 2.54674 0 60 2.54674 1
gene 1 21 27 2.30805 0 61 2.30805 1
gene 1 21 28 4.18057 0 62 4.18057 1
gene 1 21 29 0.233616 0 63 0.233616 1
gene 1 22 27 0.517477 0 64 0.517477 1
gene 1 22 28 -1.78711 0 65 -1.78711 1
gene 1 22 29 0.575979 0 66 0.575979 1
gene 1 23 27 -1.0315 0 67 -1.0315 1
gene 1 23 28 -0.185257 0 68 -0.185257 1
gene 1 23 29 1.338 0 69 1.338 1
gene 1 24 27 1.52908 0 70 1.52908 1
gene 1 24 28 0.574078 0 71 0.574078 1
gene 1 24 29 0.019681 0 72 0.019681 1
gene 1 25 27 -1.98237 0 73 -1.98237 1
gene 1 25 28 -2.07005 0 74 -2.07005 1
gene 1 25 29 1.68669 0 75 1.68669 1
gene 1 26 27 0.912032 0 76 0.912032 1
gene 1 26 28 -0.819777 0 77 -0.819777 1
gene 1 26 29 0.0584655 0 78 0.0584655 1
genomeend 33


