/* Organism #98 Fitness: 13157.826000 Time: 0 */
genomestart 98
trait 1 0.000000 0.873865 1.000000 0.000000 0.360524 1.000000 0.624729 0.622187 
node 1 1 1 1
node 2 1 1 1
node 3 1 1 1
node 4 1 1 1
node 5 1 1 1
node 6 1 1 1
node 7 1 1 1
node 8 1 1 1
node 9 1 1 1
node 10 1 1 1
node 11 1 1 1
node 12 1 1 1
node 13 1 1 1
node 14 1 1 1
node 15 1 1 1
node 16 1 1 1
node 17 1 1 1
node 18 1 1 1
node 19 1 1 1
node 20 1 1 1
node 21 1 1 1
node 22 1 1 1
node 23 1 1 1
node 24 1 1 1
node 25 1 1 1
node 26 1 1 3
node 27 1 0 2
node 28 1 0 2
node 29 1 0 2
gene 1 1 27 -4.46186 0 1 -4.46186 1
gene 1 1 28 -0.727576 0 2 -0.727576 1
gene 1 1 29 -0.202397 0 3 -0.202397 1
gene 1 2 27 -2.78797 0 4 -2.78797 1
gene 1 2 28 -0.232211 0 5 -0.232211 1
gene 1 2 29 0.221769 0 6 0.221769 1
gene 1 3 27 -0.654513 0 7 -0.654513 1
gene 1 3 28 -5 0 8 -5 1
gene 1 3 29 0.0242111 0 9 0.0242111 1
gene 1 4 27 -0.46692 0 10 -0.46692 1
gene 1 4 28 1.64801 0 11 1.64801 1
gene 1 4 29 3.93061 0 12 3.93061 1
gene 1 5 27 -0.402399 0 13 -0.402399 1
gene 1 5 28 -1.8987 0 14 -1.8987 1
gene 1 5 29 3.51671 0 15 3.51671 1
gene 1 6 27 -2.89107 0 16 -2.89107 1
gene 1 6 28 0.658225 0 17 0.658225 1
gene 1 6 29 1.74835 0 18 1.74835 1
gene 1 7 27 -1.58416 0 19 -1.58416 1
gene 1 7 28 2.33744 0 20 2.33744 1
gene 1 7 29 -2.25799 0 21 -2.25799 1
gene 1 8 27 -1.63813 0 22 -1.63813 1
gene 1 8 28 -1.99263 0 23 -1.99263 1
gene 1 8 29 -0.134061 0 24 -0.134061 1
gene 1 9 27 3.50613 0 25 3.50613 1
gene 1 9 28 -1.33289 0 26 -1.33289 1
gene 1 9 29 0.137427 0 27 0.137427 1
gene 1 10 27 -0.698279 0 28 -0.698279 1
gene 1 10 28 -2.25495 0 29 -2.25495 1
gene 1 10 29 1.26552 0 30 1.26552 1
gene 1 11 27 -0.847433 0 27 -0.847433 1
gene 1 11 28 0.478076 0 32 0.478076 1
gene 1 11 29 -3.07565 0 33 -3.07565 1
gene 1 12 27 0.406254 0 34 0.406254 1
gene 1 12 28 0.152388 0 35 0.152388 1
gene 1 12 29 -0.345654 0 36 -0.345654 1
gene 1 13 27 -0.188161 0 37 -0.188161 1
gene 1 13 28 -2.40322 0 38 -2.40322 1
gene 1 13 29 1.17354 0 39 1.17354 1
gene 1 14 27 2.40374 0 40 2.40374 1
gene 1 14 28 3.31951 0 41 3.31951 1
gene 1 14 29 -2.696 0 42 -2.696 1
gene 1 15 27 1.72652 0 43 1.72652 1
gene 1 15 28 -0.632309 0 44 -0.632309 1
gene 1 15 29 0.913928 0 45 0.913928 1
gene 1 16 27 -0.392133 0 46 -0.392133 1
gene 1 16 28 -1.20936 0 47 -1.20936 1
gene 1 16 29 0.866107 0 48 0.866107 1
gene 1 17 27 -0.975762 0 49 -0.975762 1
gene 1 17 28 -3.14878 0 50 -3.14878 1
gene 1 17 29 0.634348 0 51 0.634348 1
gene 1 18 27 1.65816 0 52 1.65816 1
gene 1 18 28 0.399324 0 53 0.399324 1
gene 1 18 29 -1.03769 0 54 -1.03769 1
gene 1 19 27 -0.487563 0 55 -0.487563 1
gene 1 19 28 0.8027 0 56 0.8027 1
gene 1 19 29 0.276367 0 57 0.276367 1
gene 1 20 27 1.44997 0 58 1.44997 1
gene 1 20 28 0.279993 0 59 0.279993 1
gene 1 20 29 -2.01509 0 60 -2.01509 1
gene 1 21 27 3.88599 0 61 3.88599 1
gene 1 21 28 0.886683 0 62 0.886683 1
gene 1 21 29 0.482688 0 63 0.482688 1
gene 1 22 27 0.0336274 0 64 0.0336274 1
gene 1 22 28 -1.6313 0 65 -1.6313 1
gene 1 22 29 -0.543479 0 66 -0.543479 1
gene 1 23 27 -0.0575096 0 67 -0.0575096 1
gene 1 23 28 -0.34808 0 68 -0.34808 1
gene 1 23 29 -0.69725 0 69 -0.69725 1
gene 1 24 27 1.76143 0 70 1.76143 1
gene 1 24 28 -0.782674 0 71 -0.782674 1
gene 1 24 29 -0.688528 0 72 -0.688528 1
gene 1 25 27 0.753095 0 73 0.753095 1
gene 1 25 28 1.00667 0 74 1.00667 1
gene 1 25 29 -0.262945 0 75 -0.262945 1
gene 1 26 27 -1.77482 0 76 -1.77482 1
gene 1 26 28 -0.0673618 0 77 -0.0673618 1
gene 1 26 29 -0.752708 0 78 -0.752708 1
genomeend 98


