/* Organism #23 Fitness: 12527.582000 Time: 0 */
genomestart 23
trait 1 0.000000 0.364343 0.127792 0.667756 0.911217 0.199616 0.000000 0.210328 
node 1 1 1 1
node 2 1 1 1
node 3 1 1 1
node 4 1 1 1
node 5 1 1 1
node 6 1 1 1
node 7 1 1 1
node 8 1 1 1
node 9 1 1 1
node 10 1 1 1
node 11 1 1 1
node 12 1 1 1
node 13 1 1 1
node 14 1 1 1
node 15 1 1 1
node 16 1 1 1
node 17 1 1 1
node 18 1 1 1
node 19 1 1 1
node 20 1 1 1
node 21 1 1 1
node 22 1 1 1
node 23 1 1 1
node 24 1 1 1
node 25 1 1 1
node 26 1 1 3
node 27 1 0 2
node 28 1 0 2
node 29 1 0 2
gene 1 1 27 0.162142 0 1 0.162142 1
gene 1 1 28 -1.6198 0 2 -1.6198 1
gene 1 1 29 1.34809 0 3 1.34809 1
gene 1 2 27 0.2772 0 4 0.2772 1
gene 1 2 28 1.49136 0 5 1.49136 1
gene 1 2 29 0.0497991 0 6 0.0497991 1
gene 1 3 27 3.0583 0 7 3.0583 1
gene 1 3 28 0.353571 0 8 0.353571 1
gene 1 3 29 -4.45968 0 9 -4.45968 1
gene 1 4 27 1.77751 0 10 1.77751 1
gene 1 4 28 3.05822 0 11 3.05822 1
gene 1 4 29 1.84332 0 12 1.84332 1
gene 1 5 27 2.57673 0 13 2.57673 1
gene 1 5 28 0.407056 0 14 0.407056 1
gene 1 5 29 0.298659 0 15 0.298659 1
gene 1 6 27 -0.676344 0 16 -0.676344 1
gene 1 6 28 0.0518986 0 17 0.0518986 1
gene 1 6 29 0.0827554 0 18 0.0827554 1
gene 1 7 27 1.43319 0 19 1.43319 1
gene 1 7 28 -1.80762 0 20 -1.80762 1
gene 1 7 29 2.62123 0 21 2.62123 1
gene 1 8 27 0.1375 0 22 0.1375 1
gene 1 8 28 -0.470317 0 23 -0.470317 1
gene 1 8 29 1.86407 0 24 1.86407 1
gene 1 9 27 0.331739 0 25 0.331739 1
gene 1 9 28 -0.182959 0 26 -0.182959 1
gene 1 9 29 0.758095 0 27 0.758095 1
gene 1 10 27 -0.878079 0 28 -0.878079 1
gene 1 10 28 0.815869 0 29 0.815869 1
gene 1 10 29 0.23337 0 30 0.23337 1
gene 1 11 27 1.41621 0 27 1.41621 1
gene 1 11 28 2.76543 0 32 2.76543 1
gene 1 11 29 -2.32387 0 33 -2.32387 1
gene 1 12 27 1.68001 0 34 1.68001 1
gene 1 12 28 -0.788564 0 35 -0.788564 1
gene 1 12 29 1.79566 0 36 1.79566 1
gene 1 13 27 0.0245578 0 37 0.0245578 1
gene 1 13 28 -0.746622 0 38 -0.746622 1
gene 1 13 29 0.371918 0 39 0.371918 1
gene 1 14 27 -1.61753 0 40 -1.61753 1
gene 1 14 28 4.51286 0 41 4.51286 1
gene 1 14 29 0.0154788 0 42 0.0154788 1
gene 1 15 27 2.01872 0 43 2.01872 1
gene 1 15 28 4.49902 0 44 4.49902 1
gene 1 15 29 -1.76118 0 45 -1.76118 1
gene 1 16 27 -3.30767 0 46 -3.30767 1
gene 1 16 28 -1.53412 0 47 -1.53412 1
gene 1 16 29 -1.41129 0 48 -1.41129 1
gene 1 17 27 -1.80523 0 49 -1.80523 1
gene 1 17 28 -1.43787 0 50 -1.43787 1
gene 1 17 29 -1.05325 0 51 -1.05325 1
gene 1 18 27 -0.00128066 0 52 -0.00128066 1
gene 1 18 28 -1.7669 0 53 -1.7669 1
gene 1 18 29 -1.78223 0 54 -1.78223 1
gene 1 19 27 0.00979932 0 55 0.00979932 1
gene 1 19 28 -0.835487 0 56 -0.835487 1
gene 1 19 29 -0.0986905 0 57 -0.0986905 1
gene 1 20 27 -0.550149 0 58 -0.550149 1
gene 1 20 28 -1.92242 0 59 -1.92242 1
gene 1 20 29 -3.02891 0 60 -3.02891 1
gene 1 21 27 -0.241867 0 61 -0.241867 1
gene 1 21 28 0.517053 0 62 0.517053 1
gene 1 21 29 -0.520016 0 63 -0.520016 1
gene 1 22 27 -5 0 64 -5 1
gene 1 22 28 2.32816 0 65 2.32816 1
gene 1 22 29 0.873793 0 66 0.873793 1
gene 1 23 27 0.546736 0 67 0.546736 1
gene 1 23 28 -0.882824 0 68 -0.882824 1
gene 1 23 29 1.2477 0 69 1.2477 1
gene 1 24 27 0.707817 0 70 0.707817 1
gene 1 24 28 1.48071 0 71 1.48071 1
gene 1 24 29 0.555535 0 72 0.555535 1
gene 1 25 27 -0.601708 0 73 -0.601708 1
gene 1 25 28 0.299533 0 74 0.299533 1
gene 1 25 29 0.653304 0 75 0.653304 1
gene 1 26 27 0.646703 0 76 0.646703 1
gene 1 26 28 -1.13542 0 77 -1.13542 1
gene 1 26 29 0.291132 0 78 0.291132 1
genomeend 23


