/* Organism #0 Fitness: 19825.842000 Time: 0 */
genomestart 0
trait 1 0.722440 0.000000 0.000000 0.066033 0.865659 0.000000 0.092064 0.616982 
node 1 1 1 1
node 2 1 1 1
node 3 1 1 1
node 4 1 1 1
node 5 1 1 1
node 6 1 1 1
node 7 1 1 1
node 8 1 1 1
node 9 1 1 1
node 10 1 1 1
node 11 1 1 1
node 12 1 1 1
node 13 1 1 1
node 14 1 1 1
node 15 1 1 1
node 16 1 1 1
node 17 1 1 1
node 18 1 1 1
node 19 1 1 1
node 20 1 1 1
node 21 1 1 1
node 22 1 1 1
node 23 1 1 1
node 24 1 1 1
node 25 1 1 1
node 26 1 1 1
node 27 1 1 1
node 28 1 1 1
node 29 1 1 1
node 30 1 1 1
node 31 1 1 1
node 32 1 1 1
node 33 1 1 1
node 34 1 1 1
node 35 1 1 1
node 36 1 1 1
node 37 1 1 1
node 38 1 1 1
node 39 1 1 1
node 40 1 1 3
node 41 1 0 2
node 42 1 0 2
node 43 1 0 2
node 44 1 0 2
node 45 1 0 2
gene 1 1 41 -3.91818 0 1 -3.91818 1
gene 1 1 42 2.4241 0 2 2.4241 1
gene 1 1 43 0.937144 0 3 0.937144 1
gene 1 1 44 3.2999 0 4 3.2999 1
gene 1 1 45 -0.391747 0 5 -0.391747 1
gene 1 2 41 -1.11631 0 6 -1.11631 1
gene 1 2 42 -0.84659 0 7 -0.84659 1
gene 1 2 43 -1.73317 0 8 -1.73317 1
gene 1 2 44 5 0 9 5 1
gene 1 2 45 0.339141 0 10 0.339141 1
gene 1 3 41 -2.93854 0 11 -2.93854 1
gene 1 3 42 -1.01849 0 12 -1.01849 1
gene 1 3 43 0.641278 0 13 0.641278 1
gene 1 3 44 -1.45845 0 14 -1.45845 1
gene 1 3 45 -0.828122 0 15 -0.828122 1
gene 1 4 41 1.22228 0 16 1.22228 1
gene 1 4 42 0.131897 0 17 0.131897 1
gene 1 4 43 -1.00741 0 18 -1.00741 1
gene 1 4 44 0.616875 0 19 0.616875 1
gene 1 4 45 -0.0853317 0 20 -0.0853317 1
gene 1 5 41 2.05538 0 21 2.05538 1
gene 1 5 42 -3.41389 0 22 -3.41389 1
gene 1 5 43 1.32296 0 23 1.32296 1
gene 1 5 44 0.14164 0 24 0.14164 1
gene 1 5 45 -0.564105 0 25 -0.564105 1
gene 1 6 41 -1.41093 0 26 -1.41093 1
gene 1 6 42 -2.31233 0 27 -2.31233 1
gene 1 6 43 0.926785 0 28 0.926785 1
gene 1 6 44 1.00532 0 29 1.00532 1
gene 1 6 45 0.823555 0 30 0.823555 1
gene 1 7 41 -5 0 31 -5 1
gene 1 7 42 3.9238 0 32 3.9238 1
gene 1 7 43 -0.376825 0 33 -0.376825 1
gene 1 7 44 0.494145 0 34 0.494145 1
gene 1 7 45 1.5959 0 35 1.5959 1
gene 1 8 41 -0.950161 0 36 -0.950161 1
gene 1 8 42 0.435551 0 37 0.435551 1
gene 1 8 43 -0.0473788 0 38 -0.0473788 1
gene 1 8 44 -0.0584279 0 39 -0.0584279 1
gene 1 8 45 1.12451 0 40 1.12451 1
gene 1 9 41 -2.11925 0 41 -2.11925 1
gene 1 9 42 -1.64496 0 42 -1.64496 1
gene 1 9 43 -0.0188768 0 43 -0.0188768 1
gene 1 9 44 1.02161 0 44 1.02161 1
gene 1 9 45 1.54351 0 45 1.54351 1
gene 1 10 41 -3.53273 0 46 -3.53273 1
gene 1 10 42 -1.27587 0 47 -1.27587 1
gene 1 10 43 -0.418752 0 48 -0.418752 1
gene 1 10 44 -0.542206 0 49 -0.542206 1
gene 1 10 45 -0.513589 0 50 -0.513589 1
gene 1 11 41 1.98721 0 51 1.98721 1
gene 1 11 42 -0.702298 0 52 -0.702298 1
gene 1 11 43 0.0519769 0 53 0.0519769 1
gene 1 11 44 0.122868 0 54 0.122868 1
gene 1 11 45 2.11117 0 55 2.11117 1
gene 1 12 41 4.66871 0 56 4.66871 1
gene 1 12 42 2.68617 0 57 2.68617 1
gene 1 12 43 -3.85463 0 58 -3.85463 1
gene 1 12 44 -1.87434 0 59 -1.87434 1
gene 1 12 45 1.42101 0 60 1.42101 1
gene 1 13 41 4.6926 0 61 4.6926 1
gene 1 13 42 -3.71472 0 62 -3.71472 1
gene 1 13 43 -1.3527 0 63 -1.3527 1
gene 1 13 44 -1.73605 0 64 -1.73605 1
gene 1 13 45 2.46811 0 65 2.46811 1
gene 1 14 41 3.49051 0 66 3.49051 1
gene 1 14 42 -0.928394 0 67 -0.928394 1
gene 1 14 43 -3.46195 0 68 -3.46195 1
gene 1 14 44 0.128375 0 69 0.128375 1
gene 1 14 45 -2.25448 0 70 -2.25448 1
gene 1 15 41 -3.25592 0 71 -3.25592 1
gene 1 15 42 1.37039 0 72 1.37039 1
gene 1 15 43 4.18292 0 73 4.18292 1
gene 1 15 44 -2.08241 0 74 -2.08241 1
gene 1 15 45 -1.51651 0 75 -1.51651 1
gene 1 16 41 1.00535 0 76 1.00535 1
gene 1 16 42 0.0617721 0 77 0.0617721 1
gene 1 16 43 -1.53599 0 78 -1.53599 1
gene 1 16 44 -1.0489 0 79 -1.0489 1
gene 1 16 45 0.707043 0 80 0.707043 1
gene 1 17 41 -2.21781 0 81 -2.21781 1
gene 1 17 42 3.32808 0 82 3.32808 1
gene 1 17 43 -0.0274759 0 83 -0.0274759 1
gene 1 17 44 1.76396 0 84 1.76396 1
gene 1 17 45 -2.01476 0 85 -2.01476 1
gene 1 18 41 -2.34859 0 86 -2.34859 1
gene 1 18 42 -3.80389 0 87 -3.80389 1
gene 1 18 43 -3.03277 0 88 -3.03277 1
gene 1 18 44 -0.00264147 0 89 -0.00264147 1
gene 1 18 45 1.16863 0 90 1.16863 1
gene 1 19 41 0.64748 0 91 0.64748 1
gene 1 19 42 -1.38104 0 92 -1.38104 1
gene 1 19 43 4.49533 0 93 4.49533 1
gene 1 19 44 -2.55975 0 94 -2.55975 1
gene 1 19 45 0.511744 0 95 0.511744 1
gene 1 20 41 5 0 96 5 1
gene 1 20 42 0.920421 0 97 0.920421 1
gene 1 20 43 1.98928 0 98 1.98928 1
gene 1 20 44 -3.3977 0 99 -3.3977 1
gene 1 20 45 0.548311 0 100 0.548311 1
gene 1 21 41 1.2506 0 101 1.2506 1
gene 1 21 42 -0.907992 0 102 -0.907992 1
gene 1 21 43 1.05132 0 103 1.05132 1
gene 1 21 44 -0.434947 0 104 -0.434947 1
gene 1 21 45 -4.27584 0 105 -4.27584 1
gene 1 22 41 0.52465 0 106 0.52465 1
gene 1 22 42 -0.609383 0 107 -0.609383 1
gene 1 22 43 1.84121 0 108 1.84121 1
gene 1 22 44 -1.86695 0 109 -1.86695 1
gene 1 22 45 0.372843 0 110 0.372843 1
gene 1 23 41 0.809384 0 111 0.809384 1
gene 1 23 42 -4.29478 0 112 -4.29478 1
gene 1 23 43 4.10916 0 113 4.10916 1
gene 1 23 44 1.6473 0 114 1.6473 1
gene 1 23 45 3.36567 0 115 3.36567 1
gene 1 24 41 0.234496 0 116 0.234496 1
gene 1 24 42 -0.312097 0 117 -0.312097 1
gene 1 24 43 2.68827 0 118 2.68827 1
gene 1 24 44 2.98645 0 119 2.98645 1
gene 1 24 45 0.500525 0 120 0.500525 1
gene 1 25 41 1.94657 0 121 1.94657 1
gene 1 25 42 0.249958 0 122 0.249958 1
gene 1 25 43 -0.816588 0 123 -0.816588 1
gene 1 25 44 3.56986 0 124 3.56986 1
gene 1 25 45 0.401448 0 125 0.401448 1
gene 1 26 41 -2.21395 0 126 -2.21395 1
gene 1 26 42 -1.10143 0 127 -1.10143 1
gene 1 26 43 -4.92717 0 128 -4.92717 1
gene 1 26 44 2.56812 0 129 2.56812 1
gene 1 26 45 -0.575831 0 130 -0.575831 1
gene 1 27 41 0.177986 0 131 0.177986 1
gene 1 27 42 -0.626941 0 132 -0.626941 1
gene 1 27 43 -1.71687 0 133 -1.71687 1
gene 1 27 44 1.34872 0 134 1.34872 1
gene 1 27 45 0.597863 0 135 0.597863 1
gene 1 28 41 -2.3264 0 136 -2.3264 1
gene 1 28 42 -2.25409 0 137 -2.25409 1
gene 1 28 43 -1.40573 0 138 -1.40573 1
gene 1 28 44 0.187083 0 139 0.187083 1
gene 1 28 45 0.803739 0 140 0.803739 1
gene 1 29 41 1.76656 0 141 1.76656 1
gene 1 29 42 -3.25588 0 142 -3.25588 1
gene 1 29 43 -4.62916 0 143 -4.62916 1
gene 1 29 44 1.87495 0 144 1.87495 1
gene 1 29 45 -4.6789 0 145 -4.6789 1
gene 1 30 41 0.307685 0 146 0.307685 1
gene 1 30 42 -1.62985 0 147 -1.62985 1
gene 1 30 43 -2.12801 0 148 -2.12801 1
gene 1 30 44 0.758835 0 149 0.758835 1
gene 1 30 45 -1.4942 0 150 -1.4942 1
gene 1 31 41 3.03227 0 151 3.03227 1
gene 1 31 42 -2.03599 0 152 -2.03599 1
gene 1 31 43 -3.45797 0 153 -3.45797 1
gene 1 31 44 1.94362 0 154 1.94362 1
gene 1 31 45 0.907238 0 155 0.907238 1
gene 1 32 41 2.1612 0 156 2.1612 1
gene 1 32 42 -1.77271 0 157 -1.77271 1
gene 1 32 43 -2.45273 0 158 -2.45273 1
gene 1 32 44 2.87783 0 159 2.87783 1
gene 1 32 45 0.713003 0 160 0.713003 1
gene 1 33 41 3.11595 0 161 3.11595 1
gene 1 33 42 -2.84624 0 162 -2.84624 1
gene 1 33 43 0.380065 0 163 0.380065 1
gene 1 33 44 1.57888 0 164 1.57888 1
gene 1 33 45 -0.896757 0 165 -0.896757 1
gene 1 34 41 0.899995 0 166 0.899995 1
gene 1 34 42 -0.207864 0 167 -0.207864 1
gene 1 34 43 2.60451 0 168 2.60451 1
gene 1 34 44 1.30923 0 169 1.30923 1
gene 1 34 45 0.560111 0 170 0.560111 1
gene 1 35 41 -0.170963 0 171 -0.170963 1
gene 1 35 42 -1.34918 0 172 -1.34918 1
gene 1 35 43 -0.873851 0 173 -0.873851 1
gene 1 35 44 2.90262 0 174 2.90262 1
gene 1 35 45 0.15356 0 175 0.15356 1
gene 1 36 41 0.47617 0 176 0.47617 1
gene 1 36 42 -0.430818 0 177 -0.430818 1
gene 1 36 43 -0.180663 0 178 -0.180663 1
gene 1 36 44 0.358449 0 179 0.358449 1
gene 1 36 45 -0.645079 0 180 -0.645079 1
gene 1 37 41 -1.25824 0 181 -1.25824 1
gene 1 37 42 -0.800498 0 182 -0.800498 1
gene 1 37 43 -0.0150331 0 183 -0.0150331 1
gene 1 37 44 -2.42385 0 184 -2.42385 1
gene 1 37 45 0.797004 0 185 0.797004 1
gene 1 38 41 -0.517437 0 186 -0.517437 1
gene 1 38 42 -0.934057 0 187 -0.934057 1
gene 1 38 43 0.918251 0 188 0.918251 1
gene 1 38 44 -0.488171 0 189 -0.488171 1
gene 1 38 45 1.57866 0 190 1.57866 1
gene 1 39 41 1.12374 0 191 1.12374 1
gene 1 39 42 0.079518 0 192 0.079518 1
gene 1 39 43 3.02012 0 193 3.02012 1
gene 1 39 44 0.0644403 0 194 0.0644403 1
gene 1 39 45 0.979401 0 195 0.979401 1
gene 1 40 41 -3.27346 0 196 -3.27346 1
gene 1 40 42 -1.52687 0 197 -1.52687 1
gene 1 40 43 -2.83174 0 198 -2.83174 1
gene 1 40 44 2.24463 0 199 2.24463 1
gene 1 40 45 -1.63648 0 200 -1.63648 1
genomeend 0


