/* Organism #16 Fitness: 20446.406000 Time: 0 */
genomestart 16
trait 1 0.000000 0.702351 0.220405 0.132072 0.778998 0.000000 0.678024 0.366793 
node 1 1 1 1
node 2 1 1 1
node 3 1 1 1
node 4 1 1 1
node 5 1 1 1
node 6 1 1 1
node 7 1 1 1
node 8 1 1 1
node 9 1 1 1
node 10 1 1 1
node 11 1 1 1
node 12 1 1 1
node 13 1 1 1
node 14 1 1 1
node 15 1 1 1
node 16 1 1 1
node 17 1 1 1
node 18 1 1 1
node 19 1 1 1
node 20 1 1 1
node 21 1 1 1
node 22 1 1 1
node 23 1 1 1
node 24 1 1 1
node 25 1 1 1
node 26 1 1 1
node 27 1 1 1
node 28 1 1 1
node 29 1 1 1
node 30 1 1 1
node 31 1 1 1
node 32 1 1 1
node 33 1 1 1
node 34 1 1 1
node 35 1 1 1
node 36 1 1 1
node 37 1 1 1
node 38 1 1 1
node 39 1 1 1
node 40 1 1 3
node 41 1 0 2
node 42 1 0 2
node 43 1 0 2
node 44 1 0 2
node 45 1 0 2
gene 1 1 41 -2.93117 0 1 -2.93117 1
gene 1 1 42 2.59902 0 2 2.59902 1
gene 1 1 43 1.34371 0 3 1.34371 1
gene 1 1 44 0.374045 0 4 0.374045 1
gene 1 1 45 -1.61751 0 5 -1.61751 1
gene 1 2 41 0.895795 0 6 0.895795 1
gene 1 2 42 2.32842 0 7 2.32842 1
gene 1 2 43 0.480203 0 8 0.480203 1
gene 1 2 44 -3.99594 0 9 -3.99594 1
gene 1 2 45 3.36961 0 10 3.36961 1
gene 1 3 41 -2.17041 0 11 -2.17041 1
gene 1 3 42 1.84966 0 12 1.84966 1
gene 1 3 43 2.24125 0 13 2.24125 1
gene 1 3 44 -1.84417 0 14 -1.84417 1
gene 1 3 45 2.1457 0 15 2.1457 1
gene 1 4 41 0.605015 0 16 0.605015 1
gene 1 4 42 1.3085 0 17 1.3085 1
gene 1 4 43 -1.55725 0 18 -1.55725 1
gene 1 4 44 -0.642069 0 19 -0.642069 1
gene 1 4 45 2.64424 0 20 2.64424 1
gene 1 5 41 3.95497 0 21 3.95497 1
gene 1 5 42 1.58812 0 22 1.58812 1
gene 1 5 43 0.939155 0 23 0.939155 1
gene 1 5 44 2.93557 0 24 2.93557 1
gene 1 5 45 -1.19608 0 25 -1.19608 1
gene 1 6 41 3.2063 0 26 3.2063 1
gene 1 6 42 -2.48996 0 27 -2.48996 1
gene 1 6 43 4.84294 0 28 4.84294 1
gene 1 6 44 -1.5409 0 29 -1.5409 1
gene 1 6 45 1.17826 0 30 1.17826 1
gene 1 7 41 5 0 31 5 1
gene 1 7 42 0.602822 0 32 0.602822 1
gene 1 7 43 1.75541 0 33 1.75541 1
gene 1 7 44 -1.87017 0 34 -1.87017 1
gene 1 7 45 -1.3062 0 35 -1.3062 1
gene 1 8 41 0.634253 0 36 0.634253 1
gene 1 8 42 -0.301361 0 37 -0.301361 1
gene 1 8 43 2.56654 0 38 2.56654 1
gene 1 8 44 -4.35121 0 39 -4.35121 1
gene 1 8 45 -1.17973 0 40 -1.17973 1
gene 1 9 41 -0.0885239 0 41 -0.0885239 1
gene 1 9 42 0.777858 0 42 0.777858 1
gene 1 9 43 -1.68956 0 43 -1.68956 1
gene 1 9 44 1.53205 0 44 1.53205 1
gene 1 9 45 0.672049 0 45 0.672049 1
gene 1 10 41 1.9522 0 46 1.9522 1
gene 1 10 42 0.716317 0 47 0.716317 1
gene 1 10 43 3.17508 0 48 3.17508 1
gene 1 10 44 5 0 49 5 1
gene 1 10 45 -1.1464 0 50 -1.1464 1
gene 1 11 41 -4.10567 0 51 -4.10567 1
gene 1 11 42 -0.988068 0 52 -0.988068 1
gene 1 11 43 -0.915612 0 53 -0.915612 1
gene 1 11 44 0.89099 0 54 0.89099 1
gene 1 11 45 -0.255026 0 55 -0.255026 1
gene 1 12 41 -3.21579 0 56 -3.21579 1
gene 1 12 42 1.02776 0 57 1.02776 1
gene 1 12 43 -5 0 58 -5 1
gene 1 12 44 0.831572 0 59 0.831572 1
gene 1 12 45 4.21495 0 60 4.21495 1
gene 1 13 41 0.0584545 0 61 0.0584545 1
gene 1 13 42 -1.2673 0 62 -1.2673 1
gene 1 13 43 1.02743 0 63 1.02743 1
gene 1 13 44 3.04667 0 64 3.04667 1
gene 1 13 45 3.17907 0 65 3.17907 1
gene 1 14 41 5 0 66 5 1
gene 1 14 42 -3.12301 0 67 -3.12301 1
gene 1 14 43 -0.948735 0 68 -0.948735 1
gene 1 14 44 -0.980388 0 69 -0.980388 1
gene 1 14 45 4.59393 0 70 4.59393 1
gene 1 15 41 0.107758 0 71 0.107758 1
gene 1 15 42 -5 0 72 -5 1
gene 1 15 43 1.69928 0 73 1.69928 1
gene 1 15 44 -0.964842 0 74 -0.964842 1
gene 1 15 45 -1.52579 0 75 -1.52579 1
gene 1 16 41 -0.171022 0 76 -0.171022 1
gene 1 16 42 -4.03518 0 77 -4.03518 1
gene 1 16 43 -1.48497 0 78 -1.48497 1
gene 1 16 44 -3.29206 0 79 -3.29206 1
gene 1 16 45 1.63897 0 80 1.63897 1
gene 1 17 41 4.21127 0 81 4.21127 1
gene 1 17 42 1.27357 0 82 1.27357 1
gene 1 17 43 -4.96659 0 83 -4.96659 1
gene 1 17 44 -1.20684 0 84 -1.20684 1
gene 1 17 45 -2.99834 0 85 -2.99834 1
gene 1 18 41 2.26227 0 86 2.26227 1
gene 1 18 42 4.80356 0 87 4.80356 1
gene 1 18 43 -0.427159 0 88 -0.427159 1
gene 1 18 44 -1.44742 0 89 -1.44742 1
gene 1 18 45 -1.86397 0 90 -1.86397 1
gene 1 19 41 2.28366 0 91 2.28366 1
gene 1 19 42 -1.64547 0 92 -1.64547 1
gene 1 19 43 -0.93581 0 93 -0.93581 1
gene 1 19 44 0.37706 0 94 0.37706 1
gene 1 19 45 3.47505 0 95 3.47505 1
gene 1 20 41 -3.61977 0 96 -3.61977 1
gene 1 20 42 -1.27926 0 97 -1.27926 1
gene 1 20 43 -0.0155602 0 98 -0.0155602 1
gene 1 20 44 -0.205607 0 99 -0.205607 1
gene 1 20 45 0.600442 0 100 0.600442 1
gene 1 21 41 0.747319 0 101 0.747319 1
gene 1 21 42 1.39669 0 102 1.39669 1
gene 1 21 43 -2.46133 0 103 -2.46133 1
gene 1 21 44 -0.462436 0 104 -0.462436 1
gene 1 21 45 0.0986613 0 105 0.0986613 1
gene 1 22 41 -0.393804 0 106 -0.393804 1
gene 1 22 42 -2.09731 0 107 -2.09731 1
gene 1 22 43 -2.65065 0 108 -2.65065 1
gene 1 22 44 -0.236067 0 109 -0.236067 1
gene 1 22 45 4.40681 0 110 4.40681 1
gene 1 23 41 -1.50952 0 111 -1.50952 1
gene 1 23 42 3.59082 0 112 3.59082 1
gene 1 23 43 -4.37746 0 113 -4.37746 1
gene 1 23 44 -1.14118 0 114 -1.14118 1
gene 1 23 45 0.633541 0 115 0.633541 1
gene 1 24 41 0.23687 0 116 0.23687 1
gene 1 24 42 -4.32461 0 117 -4.32461 1
gene 1 24 43 -4.35924 0 118 -4.35924 1
gene 1 24 44 0.151706 0 119 0.151706 1
gene 1 24 45 -1.08817 0 120 -1.08817 1
gene 1 25 41 -3.53594 0 121 -3.53594 1
gene 1 25 42 -1.85498 0 122 -1.85498 1
gene 1 25 43 -1.43902 0 123 -1.43902 1
gene 1 25 44 1.76885 0 124 1.76885 1
gene 1 25 45 4.36701 0 125 4.36701 1
gene 1 26 41 1.31056 0 126 1.31056 1
gene 1 26 42 1.34013 0 127 1.34013 1
gene 1 26 43 1.83167 0 128 1.83167 1
gene 1 26 44 -0.407247 0 129 -0.407247 1
gene 1 26 45 -0.242051 0 130 -0.242051 1
gene 1 27 41 -1.7327 0 131 -1.7327 1
gene 1 27 42 -1.03872 0 132 -1.03872 1
gene 1 27 43 0.420469 0 133 0.420469 1
gene 1 27 44 -2.06206 0 134 -2.06206 1
gene 1 27 45 3.14939 0 135 3.14939 1
gene 1 28 41 -1.11115 0 136 -1.11115 1
gene 1 28 42 4.77711 0 137 4.77711 1
gene 1 28 43 2.70328 0 138 2.70328 1
gene 1 28 44 -1.31992 0 139 -1.31992 1
gene 1 28 45 2.21813 0 140 2.21813 1
gene 1 29 41 -3.61398 0 141 -3.61398 1
gene 1 29 42 -1.55995 0 142 -1.55995 1
gene 1 29 43 -1.61108 0 143 -1.61108 1
gene 1 29 44 -3.38993 0 144 -3.38993 1
gene 1 29 45 -1.37001 0 145 -1.37001 1
gene 1 30 41 -4.96984 0 146 -4.96984 1
gene 1 30 42 3.35591 0 147 3.35591 1
gene 1 30 43 -1.25771 0 148 -1.25771 1
gene 1 30 44 1.66293 0 149 1.66293 1
gene 1 30 45 0.532522 0 150 0.532522 1
gene 1 31 41 -2.63026 0 151 -2.63026 1
gene 1 31 42 -0.34921 0 152 -0.34921 1
gene 1 31 43 -2.86209 0 153 -2.86209 1
gene 1 31 44 2.12002 0 154 2.12002 1
gene 1 31 45 -3.86551 0 155 -3.86551 1
gene 1 32 41 -0.86253 0 156 -0.86253 1
gene 1 32 42 2.23265 0 157 2.23265 1
gene 1 32 43 -3.05524 0 158 -3.05524 1
gene 1 32 44 2.2799 0 159 2.2799 1
gene 1 32 45 -0.0915961 0 160 -0.0915961 1
gene 1 33 41 1.20231 0 161 1.20231 1
gene 1 33 42 -1.21396 0 162 -1.21396 1
gene 1 33 43 -1.61104 0 163 -1.61104 1
gene 1 33 44 0.905836 0 164 0.905836 1
gene 1 33 45 0.971202 0 165 0.971202 1
gene 1 34 41 0.762197 0 166 0.762197 1
gene 1 34 42 -0.917239 0 167 -0.917239 1
gene 1 34 43 0.229395 0 168 0.229395 1
gene 1 34 44 2.47376 0 169 2.47376 1
gene 1 34 45 -0.235792 0 170 -0.235792 1
gene 1 35 41 -1.91816 0 171 -1.91816 1
gene 1 35 42 0.935353 0 172 0.935353 1
gene 1 35 43 -0.358682 0 173 -0.358682 1
gene 1 35 44 0.443807 0 174 0.443807 1
gene 1 35 45 -1.28583 0 175 -1.28583 1
gene 1 36 41 -0.238706 0 176 -0.238706 1
gene 1 36 42 -0.391229 0 177 -0.391229 1
gene 1 36 43 -0.47222 0 178 -0.47222 1
gene 1 36 44 -1.59095 0 179 -1.59095 1
gene 1 36 45 -0.911931 0 180 -0.911931 1
gene 1 37 41 -2.14594 0 181 -2.14594 1
gene 1 37 42 -0.152888 0 182 -0.152888 1
gene 1 37 43 -0.528567 0 183 -0.528567 1
gene 1 37 44 -0.0192716 0 184 -0.0192716 1
gene 1 37 45 -0.991029 0 185 -0.991029 1
gene 1 38 41 0.58997 0 186 0.58997 1
gene 1 38 42 0.799038 0 187 0.799038 1
gene 1 38 43 1.07735 0 188 1.07735 1
gene 1 38 44 -0.0589719 0 189 -0.0589719 1
gene 1 38 45 1.09849 0 190 1.09849 1
gene 1 39 41 -0.375613 0 191 -0.375613 1
gene 1 39 42 0.410999 0 192 0.410999 1
gene 1 39 43 0.263886 0 193 0.263886 1
gene 1 39 44 -2.5767 0 194 -2.5767 1
gene 1 39 45 0.381979 0 195 0.381979 1
gene 1 40 41 4.05007 0 196 4.05007 1
gene 1 40 42 0.640624 0 197 0.640624 1
gene 1 40 43 0.227095 0 198 0.227095 1
gene 1 40 44 0.364964 0 199 0.364964 1
gene 1 40 45 -0.865506 0 200 -0.865506 1
genomeend 16


