/* Organism #4 Fitness: 20478.910000 Time: 0 */
genomestart 4
trait 1 1.000000 0.000000 0.654496 0.000000 0.000000 1.000000 0.000000 0.984542 
node 1 1 1 1
node 2 1 1 1
node 3 1 1 1
node 4 1 1 1
node 5 1 1 1
node 6 1 1 1
node 7 1 1 1
node 8 1 1 1
node 9 1 1 1
node 10 1 1 1
node 11 1 1 1
node 12 1 1 1
node 13 1 1 1
node 14 1 1 1
node 15 1 1 1
node 16 1 1 1
node 17 1 1 1
node 18 1 1 1
node 19 1 1 1
node 20 1 1 1
node 21 1 1 1
node 22 1 1 1
node 23 1 1 1
node 24 1 1 1
node 25 1 1 1
node 26 1 1 1
node 27 1 1 1
node 28 1 1 1
node 29 1 1 1
node 30 1 1 1
node 31 1 1 1
node 32 1 1 1
node 33 1 1 1
node 34 1 1 1
node 35 1 1 1
node 36 1 1 1
node 37 1 1 1
node 38 1 1 1
node 39 1 1 1
node 40 1 1 3
node 41 1 0 2
node 42 1 0 2
node 43 1 0 2
node 44 1 0 2
node 45 1 0 2
gene 1 1 41 -0.75617 0 1 -0.75617 1
gene 1 1 42 -0.309668 0 2 -0.309668 1
gene 1 1 43 -1.26476 0 3 -1.26476 1
gene 1 1 44 -4.47233 0 4 -4.47233 1
gene 1 1 45 -2.30534 0 5 -2.30534 1
gene 1 2 41 0.121111 0 6 0.121111 1
gene 1 2 42 2.94054 0 7 2.94054 1
gene 1 2 43 -0.829479 0 8 -0.829479 1
gene 1 2 44 -5 0 9 -5 1
gene 1 2 45 0.520063 0 10 0.520063 1
gene 1 3 41 -0.538485 0 11 -0.538485 1
gene 1 3 42 0.716992 0 12 0.716992 1
gene 1 3 43 0.399114 0 13 0.399114 1
gene 1 3 44 0.785062 0 14 0.785062 1
gene 1 3 45 -1.72489 0 15 -1.72489 1
gene 1 4 41 2.90335 0 16 2.90335 1
gene 1 4 42 3.79066 0 17 3.79066 1
gene 1 4 43 3.62857 0 18 3.62857 1
gene 1 4 44 -1.13023 0 19 -1.13023 1
gene 1 4 45 -1.18184 0 20 -1.18184 1
gene 1 5 41 1.01026 0 21 1.01026 1
gene 1 5 42 -1.57937 0 22 -1.57937 1
gene 1 5 43 4.35025 0 23 4.35025 1
gene 1 5 44 -0.356215 0 24 -0.356215 1
gene 1 5 45 0.300095 0 25 0.300095 1
gene 1 6 41 4.76133 0 26 4.76133 1
gene 1 6 42 -0.603487 0 27 -0.603487 1
gene 1 6 43 2.86086 0 28 2.86086 1
gene 1 6 44 -0.69629 0 29 -0.69629 1
gene 1 6 45 -1.8616 0 30 -1.8616 1
gene 1 7 41 0.370992 0 31 0.370992 1
gene 1 7 42 -0.348965 0 32 -0.348965 1
gene 1 7 43 3.5871 0 33 3.5871 1
gene 1 7 44 0.196124 0 34 0.196124 1
gene 1 7 45 5 0 35 5 1
gene 1 8 41 -1.55445 0 36 -1.55445 1
gene 1 8 42 0.900318 0 37 0.900318 1
gene 1 8 43 3.36122 0 38 3.36122 1
gene 1 8 44 -2.74393 0 39 -2.74393 1
gene 1 8 45 -0.305258 0 40 -0.305258 1
gene 1 9 41 0.860475 0 41 0.860475 1
gene 1 9 42 1.33776 0 42 1.33776 1
gene 1 9 43 -0.652524 0 43 -0.652524 1
gene 1 9 44 -0.396361 0 44 -0.396361 1
gene 1 9 45 0.610539 0 45 0.610539 1
gene 1 10 41 3.31843 0 46 3.31843 1
gene 1 10 42 0.56941 0 47 0.56941 1
gene 1 10 43 0.699338 0 48 0.699338 1
gene 1 10 44 -0.618943 0 49 -0.618943 1
gene 1 10 45 0.92587 0 50 0.92587 1
gene 1 11 41 -0.511087 0 51 -0.511087 1
gene 1 11 42 0.789583 0 52 0.789583 1
gene 1 11 43 1.02566 0 53 1.02566 1
gene 1 11 44 -0.339733 0 54 -0.339733 1
gene 1 11 45 1.00871 0 55 1.00871 1
gene 1 12 41 0.166112 0 56 0.166112 1
gene 1 12 42 0.562141 0 57 0.562141 1
gene 1 12 43 -1.24753 0 58 -1.24753 1
gene 1 12 44 1.33398 0 59 1.33398 1
gene 1 12 45 -3.49806 0 60 -3.49806 1
gene 1 13 41 -0.496441 0 61 -0.496441 1
gene 1 13 42 -3.75214 0 62 -3.75214 1
gene 1 13 43 0.502088 0 63 0.502088 1
gene 1 13 44 -2.02094 0 64 -2.02094 1
gene 1 13 45 3.73519 0 65 3.73519 1
gene 1 14 41 1.65049 0 66 1.65049 1
gene 1 14 42 1.55331 0 67 1.55331 1
gene 1 14 43 -3.54983 0 68 -3.54983 1
gene 1 14 44 0.362752 0 69 0.362752 1
gene 1 14 45 -2.4178 0 70 -2.4178 1
gene 1 15 41 -1.15044 0 71 -1.15044 1
gene 1 15 42 -0.935164 0 72 -0.935164 1
gene 1 15 43 -0.191109 0 73 -0.191109 1
gene 1 15 44 4.71705 0 74 4.71705 1
gene 1 15 45 0.88641 0 75 0.88641 1
gene 1 16 41 2.41197 0 76 2.41197 1
gene 1 16 42 -0.242268 0 77 -0.242268 1
gene 1 16 43 -2.0448 0 78 -2.0448 1
gene 1 16 44 -2.00176 0 79 -2.00176 1
gene 1 16 45 2.76156 0 80 2.76156 1
gene 1 17 41 2.7728 0 81 2.7728 1
gene 1 17 42 2.16859 0 82 2.16859 1
gene 1 17 43 -1.66793 0 83 -1.66793 1
gene 1 17 44 -0.442355 0 84 -0.442355 1
gene 1 17 45 2.66629 0 85 2.66629 1
gene 1 18 41 3.93236 0 86 3.93236 1
gene 1 18 42 -0.505819 0 87 -0.505819 1
gene 1 18 43 -0.670838 0 88 -0.670838 1
gene 1 18 44 -2.90075 0 89 -2.90075 1
gene 1 18 45 2.55833 0 90 2.55833 1
gene 1 19 41 1.80736 0 91 1.80736 1
gene 1 19 42 3.28175 0 92 3.28175 1
gene 1 19 43 1.70588 0 93 1.70588 1
gene 1 19 44 1.11195 0 94 1.11195 1
gene 1 19 45 -2.96909 0 95 -2.96909 1
gene 1 20 41 -3.42662 0 96 -3.42662 1
gene 1 20 42 0.754823 0 97 0.754823 1
gene 1 20 43 -4.26178 0 98 -4.26178 1
gene 1 20 44 2.60195 0 99 2.60195 1
gene 1 20 45 0.138466 0 100 0.138466 1
gene 1 21 41 4.93538 0 101 4.93538 1
gene 1 21 42 -1.55472 0 102 -1.55472 1
gene 1 21 43 2.63905 0 103 2.63905 1
gene 1 21 44 -0.403044 0 104 -0.403044 1
gene 1 21 45 -1.56054 0 105 -1.56054 1
gene 1 22 41 0.4733 0 106 0.4733 1
gene 1 22 42 -0.335858 0 107 -0.335858 1
gene 1 22 43 -2.62022 0 108 -2.62022 1
gene 1 22 44 -4.40438 0 109 -4.40438 1
gene 1 22 45 -0.289263 0 110 -0.289263 1
gene 1 23 41 3.80389 0 111 3.80389 1
gene 1 23 42 -0.967915 0 112 -0.967915 1
gene 1 23 43 1.35133 0 113 1.35133 1
gene 1 23 44 -0.609372 0 114 -0.609372 1
gene 1 23 45 0.303022 0 115 0.303022 1
gene 1 24 41 -3.96887 0 116 -3.96887 1
gene 1 24 42 -2.50308 0 117 -2.50308 1
gene 1 24 43 -3.18388 0 118 -3.18388 1
gene 1 24 44 -2.33748 0 119 -2.33748 1
gene 1 24 45 -0.863507 0 120 -0.863507 1
gene 1 25 41 0.385604 0 121 0.385604 1
gene 1 25 42 1.08451 0 122 1.08451 1
gene 1 25 43 0.68398 0 123 0.68398 1
gene 1 25 44 1.18553 0 124 1.18553 1
gene 1 25 45 -1.87211 0 125 -1.87211 1
gene 1 26 41 2.31229 0 126 2.31229 1
gene 1 26 42 1.22934 0 127 1.22934 1
gene 1 26 43 -0.457618 0 128 -0.457618 1
gene 1 26 44 -3.80821 0 129 -3.80821 1
gene 1 26 45 1.98964 0 130 1.98964 1
gene 1 27 41 0.896813 0 131 0.896813 1
gene 1 27 42 -1.14887 0 132 -1.14887 1
gene 1 27 43 -1.22818 0 133 -1.22818 1
gene 1 27 44 0.963488 0 134 0.963488 1
gene 1 27 45 -3.88866 0 135 -3.88866 1
gene 1 28 41 0.778542 0 136 0.778542 1
gene 1 28 42 2.01497 0 137 2.01497 1
gene 1 28 43 -3.45822 0 138 -3.45822 1
gene 1 28 44 -1.84633 0 139 -1.84633 1
gene 1 28 45 -1.30293 0 140 -1.30293 1
gene 1 29 41 -0.312806 0 141 -0.312806 1
gene 1 29 42 -2.90855 0 142 -2.90855 1
gene 1 29 43 -1.18141 0 143 -1.18141 1
gene 1 29 44 0.25813 0 144 0.25813 1
gene 1 29 45 1.23676 0 145 1.23676 1
gene 1 30 41 -4.52848 0 146 -4.52848 1
gene 1 30 42 -0.983092 0 147 -0.983092 1
gene 1 30 43 -2.07744 0 148 -2.07744 1
gene 1 30 44 1.4051 0 149 1.4051 1
gene 1 30 45 -0.917641 0 150 -0.917641 1
gene 1 31 41 3.83114 0 151 3.83114 1
gene 1 31 42 5 0 152 5 1
gene 1 31 43 -0.801536 0 153 -0.801536 1
gene 1 31 44 0.684715 0 154 0.684715 1
gene 1 31 45 0.836351 0 155 0.836351 1
gene 1 32 41 1.03062 0 156 1.03062 1
gene 1 32 42 -1.04879 0 157 -1.04879 1
gene 1 32 43 -0.409915 0 158 -0.409915 1
gene 1 32 44 0.727362 0 159 0.727362 1
gene 1 32 45 -1.64586 0 160 -1.64586 1
gene 1 33 41 2.76526 0 161 2.76526 1
gene 1 33 42 -0.456099 0 162 -0.456099 1
gene 1 33 43 -0.426031 0 163 -0.426031 1
gene 1 33 44 -0.797223 0 164 -0.797223 1
gene 1 33 45 -1.51379 0 165 -1.51379 1
gene 1 34 41 0.522635 0 166 0.522635 1
gene 1 34 42 -0.479479 0 167 -0.479479 1
gene 1 34 43 5 0 168 5 1
gene 1 34 44 0.0110554 0 169 0.0110554 1
gene 1 34 45 2.30687 0 170 2.30687 1
gene 1 35 41 -0.531807 0 171 -0.531807 1
gene 1 35 42 -1.89137 0 172 -1.89137 1
gene 1 35 43 -0.101947 0 173 -0.101947 1
gene 1 35 44 -0.225737 0 174 -0.225737 1
gene 1 35 45 -0.585378 0 175 -0.585378 1
gene 1 36 41 -0.789625 0 176 -0.789625 1
gene 1 36 42 1.28476 0 177 1.28476 1
gene 1 36 43 0.936839 0 178 0.936839 1
gene 1 36 44 0.46807 0 179 0.46807 1
gene 1 36 45 -0.484911 0 180 -0.484911 1
gene 1 37 41 -0.572458 0 181 -0.572458 1
gene 1 37 42 0.115758 0 182 0.115758 1
gene 1 37 43 -0.699078 0 183 -0.699078 1
gene 1 37 44 1.50537 0 184 1.50537 1
gene 1 37 45 -0.392003 0 185 -0.392003 1
gene 1 38 41 1.61945 0 186 1.61945 1
gene 1 38 42 0.103344 0 187 0.103344 1
gene 1 38 43 1.26325 0 188 1.26325 1
gene 1 38 44 -0.624664 0 189 -0.624664 1
gene 1 38 45 -0.440356 0 190 -0.440356 1
gene 1 39 41 1.00963 0 191 1.00963 1
gene 1 39 42 0.330469 0 192 0.330469 1
gene 1 39 43 -0.763746 0 193 -0.763746 1
gene 1 39 44 -1.41088 0 194 -1.41088 1
gene 1 39 45 -1.26305 0 195 -1.26305 1
gene 1 40 41 3.61069 0 196 3.61069 1
gene 1 40 42 0.620232 0 197 0.620232 1
gene 1 40 43 -1.0035 0 198 -1.0035 1
gene 1 40 44 -0.902803 0 199 -0.902803 1
gene 1 40 45 0.817811 0 200 0.817811 1
genomeend 4


