/* Organism #4 Fitness: 20785.854000 Time: 0 */
genomestart 4
trait 1 0.100000 0.841486 0.000000 0.705511 0.000000 0.000000 0.000000 0.000000 
node 1 1 1 1
node 2 1 1 1
node 3 1 1 1
node 4 1 1 1
node 5 1 1 1
node 6 1 1 1
node 7 1 1 1
node 8 1 1 1
node 9 1 1 1
node 10 1 1 1
node 11 1 1 1
node 12 1 1 1
node 13 1 1 1
node 14 1 1 1
node 15 1 1 1
node 16 1 1 1
node 17 1 1 1
node 18 1 1 1
node 19 1 1 1
node 20 1 1 1
node 21 1 1 1
node 22 1 1 1
node 23 1 1 1
node 24 1 1 1
node 25 1 1 1
node 26 1 1 1
node 27 1 1 1
node 28 1 1 1
node 29 1 1 1
node 30 1 1 1
node 31 1 1 1
node 32 1 1 1
node 33 1 1 1
node 34 1 1 1
node 35 1 1 1
node 36 1 1 1
node 37 1 1 1
node 38 1 1 1
node 39 1 1 1
node 40 1 1 3
node 41 1 0 2
node 42 1 0 2
node 43 1 0 2
node 44 1 0 2
node 45 1 0 2
gene 1 1 41 0.210317 0 1 0.210317 1
gene 1 1 42 -0.595658 0 2 -0.595658 1
gene 1 1 43 -3.11431 0 3 -3.11431 1
gene 1 1 44 -5 0 4 -5 1
gene 1 1 45 0.532199 0 5 0.532199 1
gene 1 2 41 4.05295 0 6 4.05295 1
gene 1 2 42 -0.924239 0 7 -0.924239 1
gene 1 2 43 2.95111 0 8 2.95111 1
gene 1 2 44 -4.49824 0 9 -4.49824 1
gene 1 2 45 3.99552 0 10 3.99552 1
gene 1 3 41 -0.710364 0 11 -0.710364 1
gene 1 3 42 5 0 12 5 1
gene 1 3 43 -1.22714 0 13 -1.22714 1
gene 1 3 44 -2.30897 0 14 -2.30897 1
gene 1 3 45 1.7986 0 15 1.7986 1
gene 1 4 41 -1.58793 0 16 -1.58793 1
gene 1 4 42 2.59216 0 17 2.59216 1
gene 1 4 43 1.2939 0 18 1.2939 1
gene 1 4 44 -0.991124 0 19 -0.991124 1
gene 1 4 45 -4.36051 0 20 -4.36051 1
gene 1 5 41 -0.36595 0 21 -0.36595 1
gene 1 5 42 -3.07259 0 22 -3.07259 1
gene 1 5 43 2.23482 0 23 2.23482 1
gene 1 5 44 -0.481573 0 24 -0.481573 1
gene 1 5 45 -0.413009 0 25 -0.413009 1
gene 1 6 41 4.27228 0 26 4.27228 1
gene 1 6 42 2.40619 0 27 2.40619 1
gene 1 6 43 -3.12791 0 28 -3.12791 1
gene 1 6 44 3.96499 0 29 3.96499 1
gene 1 6 45 -1.14686 0 30 -1.14686 1
gene 1 7 41 2.05028 0 31 2.05028 1
gene 1 7 42 0.963359 0 32 0.963359 1
gene 1 7 43 1.24346 0 33 1.24346 1
gene 1 7 44 -2.98823 0 34 -2.98823 1
gene 1 7 45 3.19102 0 35 3.19102 1
gene 1 8 41 -2.1698 0 36 -2.1698 1
gene 1 8 42 -1.69993 0 37 -1.69993 1
gene 1 8 43 1.09305 0 38 1.09305 1
gene 1 8 44 -3.22826 0 39 -3.22826 1
gene 1 8 45 -0.410354 0 40 -0.410354 1
gene 1 9 41 3.76557 0 41 3.76557 1
gene 1 9 42 0.205049 0 42 0.205049 1
gene 1 9 43 1.66597 0 43 1.66597 1
gene 1 9 44 -0.0146305 0 44 -0.0146305 1
gene 1 9 45 -1.58611 0 45 -1.58611 1
gene 1 10 41 -3.05401 0 46 -3.05401 1
gene 1 10 42 0.682542 0 47 0.682542 1
gene 1 10 43 0.369045 0 48 0.369045 1
gene 1 10 44 0.656942 0 49 0.656942 1
gene 1 10 45 3.56273 0 50 3.56273 1
gene 1 11 41 -3.08645 0 51 -3.08645 1
gene 1 11 42 0.58352 0 52 0.58352 1
gene 1 11 43 2.86931 0 53 2.86931 1
gene 1 11 44 -0.949194 0 54 -0.949194 1
gene 1 11 45 -3.10185 0 55 -3.10185 1
gene 1 12 41 1.34321 0 56 1.34321 1
gene 1 12 42 3.68997 0 57 3.68997 1
gene 1 12 43 -3.67012 0 58 -3.67012 1
gene 1 12 44 4.32007 0 59 4.32007 1
gene 1 12 45 5 0 60 5 1
gene 1 13 41 -3.42698 0 61 -3.42698 1
gene 1 13 42 0.36857 0 62 0.36857 1
gene 1 13 43 0.85548 0 63 0.85548 1
gene 1 13 44 2.61659 0 64 2.61659 1
gene 1 13 45 -1.42571 0 65 -1.42571 1
gene 1 14 41 -1.13206 0 66 -1.13206 1
gene 1 14 42 -0.162268 0 67 -0.162268 1
gene 1 14 43 1.88636 0 68 1.88636 1
gene 1 14 44 4.03364 0 69 4.03364 1
gene 1 14 45 0.279592 0 70 0.279592 1
gene 1 15 41 -1.55519 0 71 -1.55519 1
gene 1 15 42 -3.15152 0 72 -3.15152 1
gene 1 15 43 1.10963 0 73 1.10963 1
gene 1 15 44 1.60704 0 74 1.60704 1
gene 1 15 45 -0.117214 0 75 -0.117214 1
gene 1 16 41 -2.3604 0 76 -2.3604 1
gene 1 16 42 -0.0792508 0 77 -0.0792508 1
gene 1 16 43 2.45388 0 78 2.45388 1
gene 1 16 44 0.9544 0 79 0.9544 1
gene 1 16 45 2.14491 0 80 2.14491 1
gene 1 17 41 3.53945 0 81 3.53945 1
gene 1 17 42 3.24403 0 82 3.24403 1
gene 1 17 43 -1.29269 0 83 -1.29269 1
gene 1 17 44 -2.59821 0 84 -2.59821 1
gene 1 17 45 1.17403 0 85 1.17403 1
gene 1 18 41 2.34099 0 86 2.34099 1
gene 1 18 42 -3.06074 0 87 -3.06074 1
gene 1 18 43 3.71049 0 88 3.71049 1
gene 1 18 44 1.05683 0 89 1.05683 1
gene 1 18 45 -2.77406 0 90 -2.77406 1
gene 1 19 41 3.68273 0 91 3.68273 1
gene 1 19 42 1.16396 0 92 1.16396 1
gene 1 19 43 2.89648 0 93 2.89648 1
gene 1 19 44 0.185055 0 94 0.185055 1
gene 1 19 45 0.649215 0 95 0.649215 1
gene 1 20 41 4.26172 0 96 4.26172 1
gene 1 20 42 0.0928248 0 97 0.0928248 1
gene 1 20 43 -2.23476 0 98 -2.23476 1
gene 1 20 44 -1.30628 0 99 -1.30628 1
gene 1 20 45 1.02148 0 100 1.02148 1
gene 1 21 41 0.246285 0 101 0.246285 1
gene 1 21 42 -0.0925494 0 102 -0.0925494 1
gene 1 21 43 -1.23311 0 103 -1.23311 1
gene 1 21 44 3.34573 0 104 3.34573 1
gene 1 21 45 1.84399 0 105 1.84399 1
gene 1 22 41 -3.57951 0 106 -3.57951 1
gene 1 22 42 -1.39666 0 107 -1.39666 1
gene 1 22 43 -0.0053584 0 108 -0.0053584 1
gene 1 22 44 -3.79387 0 109 -3.79387 1
gene 1 22 45 -1.7332 0 110 -1.7332 1
gene 1 23 41 0.415624 0 111 0.415624 1
gene 1 23 42 1.51525 0 112 1.51525 1
gene 1 23 43 2.19373 0 113 2.19373 1
gene 1 23 44 0.384277 0 114 0.384277 1
gene 1 23 45 -3.4557 0 115 -3.4557 1
gene 1 24 41 -0.0657318 0 116 -0.0657318 1
gene 1 24 42 -1.56069 0 117 -1.56069 1
gene 1 24 43 4.15852 0 118 4.15852 1
gene 1 24 44 1.15868 0 119 1.15868 1
gene 1 24 45 2.42143 0 120 2.42143 1
gene 1 25 41 3.90832 0 121 3.90832 1
gene 1 25 42 -2.45614 0 122 -2.45614 1
gene 1 25 43 2.58907 0 123 2.58907 1
gene 1 25 44 -0.378808 0 124 -0.378808 1
gene 1 25 45 0.948603 0 125 0.948603 1
gene 1 26 41 2.1562 0 126 2.1562 1
gene 1 26 42 2.02229 0 127 2.02229 1
gene 1 26 43 1.02194 0 128 1.02194 1
gene 1 26 44 -3.40683 0 129 -3.40683 1
gene 1 26 45 0.812032 0 130 0.812032 1
gene 1 27 41 1.39493 0 131 1.39493 1
gene 1 27 42 1.70056 0 132 1.70056 1
gene 1 27 43 1.68766 0 133 1.68766 1
gene 1 27 44 -4.27696 0 134 -4.27696 1
gene 1 27 45 0.730529 0 135 0.730529 1
gene 1 28 41 0.928307 0 136 0.928307 1
gene 1 28 42 1.62117 0 137 1.62117 1
gene 1 28 43 0.135746 0 138 0.135746 1
gene 1 28 44 -1.48742 0 139 -1.48742 1
gene 1 28 45 -0.466833 0 140 -0.466833 1
gene 1 29 41 0.982634 0 141 0.982634 1
gene 1 29 42 4.84535 0 142 4.84535 1
gene 1 29 43 -1.08611 0 143 -1.08611 1
gene 1 29 44 0.931745 0 144 0.931745 1
gene 1 29 45 -1.20843 0 145 -1.20843 1
gene 1 30 41 0.721657 0 146 0.721657 1
gene 1 30 42 -5 0 147 -5 1
gene 1 30 43 -1.36116 0 148 -1.36116 1
gene 1 30 44 1.16554 0 149 1.16554 1
gene 1 30 45 1.42734 0 150 1.42734 1
gene 1 31 41 -1.10075 0 151 -1.10075 1
gene 1 31 42 -0.762383 0 152 -0.762383 1
gene 1 31 43 -1.69437 0 153 -1.69437 1
gene 1 31 44 5 0 154 5 1
gene 1 31 45 2.5856 0 155 2.5856 1
gene 1 32 41 -1.77123 0 156 -1.77123 1
gene 1 32 42 -4.94278 0 157 -4.94278 1
gene 1 32 43 1.21681 0 158 1.21681 1
gene 1 32 44 4.0673 0 159 4.0673 1
gene 1 32 45 -0.265008 0 160 -0.265008 1
gene 1 33 41 2.15415 0 161 2.15415 1
gene 1 33 42 0.503308 0 162 0.503308 1
gene 1 33 43 -0.235726 0 163 -0.235726 1
gene 1 33 44 -1.75476 0 164 -1.75476 1
gene 1 33 45 -1.53899 0 165 -1.53899 1
gene 1 34 41 0.412848 0 166 0.412848 1
gene 1 34 42 1.50113 0 167 1.50113 1
gene 1 34 43 0.552108 0 168 0.552108 1
gene 1 34 44 -0.419422 0 169 -0.419422 1
gene 1 34 45 5 0 170 5 1
gene 1 35 41 0.744298 0 171 0.744298 1
gene 1 35 42 0.633812 0 172 0.633812 1
gene 1 35 43 3.07202 0 173 3.07202 1
gene 1 35 44 -0.560431 0 174 -0.560431 1
gene 1 35 45 -0.675046 0 175 -0.675046 1
gene 1 36 41 -0.339275 0 176 -0.339275 1
gene 1 36 42 -2.432 0 177 -2.432 1
gene 1 36 43 0.158065 0 178 0.158065 1
gene 1 36 44 -0.0325848 0 179 -0.0325848 1
gene 1 36 45 -0.0235113 0 180 -0.0235113 1
gene 1 37 41 1.21916 0 181 1.21916 1
gene 1 37 42 1.15534 0 182 1.15534 1
gene 1 37 43 -1.49969 0 183 -1.49969 1
gene 1 37 44 0.653637 0 184 0.653637 1
gene 1 37 45 -0.422881 0 185 -0.422881 1
gene 1 38 41 -3.52777 0 186 -3.52777 1
gene 1 38 42 1.2743 0 187 1.2743 1
gene 1 38 43 -0.504551 0 188 -0.504551 1
gene 1 38 44 -0.988951 0 189 -0.988951 1
gene 1 38 45 -0.806054 0 190 -0.806054 1
gene 1 39 41 -0.401507 0 191 -0.401507 1
gene 1 39 42 -1.75263 0 192 -1.75263 1
gene 1 39 43 0.0861102 0 193 0.0861102 1
gene 1 39 44 -0.167568 0 194 -0.167568 1
gene 1 39 45 -0.927514 0 195 -0.927514 1
gene 1 40 41 -0.620583 0 196 -0.620583 1
gene 1 40 42 5 0 197 5 1
gene 1 40 43 0.347805 0 198 0.347805 1
gene 1 40 44 1.59329 0 199 1.59329 1
gene 1 40 45 -0.986834 0 200 -0.986834 1
genomeend 4


