/* Organism #96 Fitness: 20452.874000 Time: 0 */
genomestart 96
trait 1 0.211326 0.441136 0.137214 0.173113 0.443934 0.000000 0.753807 0.042195 
node 1 1 1 1
node 2 1 1 1
node 3 1 1 1
node 4 1 1 1
node 5 1 1 1
node 6 1 1 1
node 7 1 1 1
node 8 1 1 1
node 9 1 1 1
node 10 1 1 1
node 11 1 1 1
node 12 1 1 1
node 13 1 1 1
node 14 1 1 1
node 15 1 1 1
node 16 1 1 1
node 17 1 1 1
node 18 1 1 1
node 19 1 1 1
node 20 1 1 1
node 21 1 1 1
node 22 1 1 1
node 23 1 1 1
node 24 1 1 1
node 25 1 1 1
node 26 1 1 1
node 27 1 1 1
node 28 1 1 1
node 29 1 1 1
node 30 1 1 1
node 31 1 1 1
node 32 1 1 1
node 33 1 1 1
node 34 1 1 1
node 35 1 1 1
node 36 1 1 1
node 37 1 1 1
node 38 1 1 1
node 39 1 1 1
node 40 1 1 3
node 41 1 0 2
node 42 1 0 2
node 43 1 0 2
node 44 1 0 2
node 45 1 0 2
gene 1 1 41 -1.96916 0 1 -1.96916 1
gene 1 1 42 2.3762 0 2 2.3762 1
gene 1 1 43 -4.37036 0 3 -4.37036 1
gene 1 1 44 -2.19455 0 4 -2.19455 1
gene 1 1 45 -1.41192 0 5 -1.41192 1
gene 1 2 41 0.847602 0 6 0.847602 1
gene 1 2 42 1.03145 0 7 1.03145 1
gene 1 2 43 0.713767 0 8 0.713767 1
gene 1 2 44 -2.21788 0 9 -2.21788 1
gene 1 2 45 1.39567 0 10 1.39567 1
gene 1 3 41 -0.842952 0 11 -0.842952 1
gene 1 3 42 1.76679 0 12 1.76679 1
gene 1 3 43 4.69292 0 13 4.69292 1
gene 1 3 44 -2.29437 0 14 -2.29437 1
gene 1 3 45 2.53563 0 15 2.53563 1
gene 1 4 41 0.510593 0 16 0.510593 1
gene 1 4 42 2.08238 0 17 2.08238 1
gene 1 4 43 0.274418 0 18 0.274418 1
gene 1 4 44 4.41352 0 19 4.41352 1
gene 1 4 45 -3.82115 0 20 -3.82115 1
gene 1 5 41 2.95024 0 21 2.95024 1
gene 1 5 42 -1.95715 0 22 -1.95715 1
gene 1 5 43 1.60861 0 23 1.60861 1
gene 1 5 44 -2.06979 0 24 -2.06979 1
gene 1 5 45 4.57637 0 25 4.57637 1
gene 1 6 41 5 0 26 5 1
gene 1 6 42 -2.28008 0 27 -2.28008 1
gene 1 6 43 -3.32687 0 28 -3.32687 1
gene 1 6 44 1.87646 0 29 1.87646 1
gene 1 6 45 0.451501 0 30 0.451501 1
gene 1 7 41 3.11634 0 31 3.11634 1
gene 1 7 42 -2.81578 0 32 -2.81578 1
gene 1 7 43 -3.33889 0 33 -3.33889 1
gene 1 7 44 -5 0 34 -5 1
gene 1 7 45 1.88795 0 35 1.88795 1
gene 1 8 41 0.170364 0 36 0.170364 1
gene 1 8 42 1.56559 0 37 1.56559 1
gene 1 8 43 0.0551594 0 38 0.0551594 1
gene 1 8 44 -1.94877 0 39 -1.94877 1
gene 1 8 45 1.53363 0 40 1.53363 1
gene 1 9 41 -1.84194 0 41 -1.84194 1
gene 1 9 42 -0.152445 0 42 -0.152445 1
gene 1 9 43 -0.907029 0 43 -0.907029 1
gene 1 9 44 3.03383 0 44 3.03383 1
gene 1 9 45 1.35607 0 45 1.35607 1
gene 1 10 41 1.83723 0 46 1.83723 1
gene 1 10 42 -2.65626 0 47 -2.65626 1
gene 1 10 43 -0.390566 0 48 -0.390566 1
gene 1 10 44 3.69264 0 49 3.69264 1
gene 1 10 45 1.30512 0 50 1.30512 1
gene 1 11 41 3.59971 0 51 3.59971 1
gene 1 11 42 -1.23904 0 52 -1.23904 1
gene 1 11 43 1.43776 0 53 1.43776 1
gene 1 11 44 -3.47471 0 54 -3.47471 1
gene 1 11 45 0.171127 0 55 0.171127 1
gene 1 12 41 -1.47133 0 56 -1.47133 1
gene 1 12 42 -3.84903 0 57 -3.84903 1
gene 1 12 43 2.92162 0 58 2.92162 1
gene 1 12 44 4.92893 0 59 4.92893 1
gene 1 12 45 -2.16689 0 60 -2.16689 1
gene 1 13 41 -2.1516 0 61 -2.1516 1
gene 1 13 42 -1.20124 0 62 -1.20124 1
gene 1 13 43 0.449459 0 63 0.449459 1
gene 1 13 44 2.81441 0 64 2.81441 1
gene 1 13 45 -4.86295 0 65 -4.86295 1
gene 1 14 41 -3.03357 0 66 -3.03357 1
gene 1 14 42 0.655563 0 67 0.655563 1
gene 1 14 43 3.13703 0 68 3.13703 1
gene 1 14 44 1.53292 0 69 1.53292 1
gene 1 14 45 -0.170787 0 70 -0.170787 1
gene 1 15 41 -3.44051 0 71 -3.44051 1
gene 1 15 42 2.93023 0 72 2.93023 1
gene 1 15 43 0.390223 0 73 0.390223 1
gene 1 15 44 -0.196755 0 74 -0.196755 1
gene 1 15 45 -1.53388 0 75 -1.53388 1
gene 1 16 41 0.543412 0 76 0.543412 1
gene 1 16 42 0.946854 0 77 0.946854 1
gene 1 16 43 0.939738 0 78 0.939738 1
gene 1 16 44 -0.605037 0 79 -0.605037 1
gene 1 16 45 -0.925077 0 80 -0.925077 1
gene 1 17 41 2.77909 0 81 2.77909 1
gene 1 17 42 0.780956 0 82 0.780956 1
gene 1 17 43 1.53667 0 83 1.53667 1
gene 1 17 44 -0.971221 0 84 -0.971221 1
gene 1 17 45 -0.489439 0 85 -0.489439 1
gene 1 18 41 2.4123 0 86 2.4123 1
gene 1 18 42 -2.29459 0 87 -2.29459 1
gene 1 18 43 -4.56875 0 88 -4.56875 1
gene 1 18 44 -2.22179 0 89 -2.22179 1
gene 1 18 45 -0.552266 0 90 -0.552266 1
gene 1 19 41 2.69879 0 91 2.69879 1
gene 1 19 42 3.43556 0 92 3.43556 1
gene 1 19 43 -4.56887 0 93 -4.56887 1
gene 1 19 44 -0.300181 0 94 -0.300181 1
gene 1 19 45 -1.10728 0 95 -1.10728 1
gene 1 20 41 -3.26503 0 96 -3.26503 1
gene 1 20 42 -0.238827 0 97 -0.238827 1
gene 1 20 43 -1.33181 0 98 -1.33181 1
gene 1 20 44 5 0 99 5 1
gene 1 20 45 -2.25603 0 100 -2.25603 1
gene 1 21 41 -0.562613 0 101 -0.562613 1
gene 1 21 42 -1.06212 0 102 -1.06212 1
gene 1 21 43 -1.13592 0 103 -1.13592 1
gene 1 21 44 -0.799883 0 104 -0.799883 1
gene 1 21 45 -4.53796 0 105 -4.53796 1
gene 1 22 41 1.33075 0 106 1.33075 1
gene 1 22 42 3.01485 0 107 3.01485 1
gene 1 22 43 -2.20727 0 108 -2.20727 1
gene 1 22 44 2.27233 0 109 2.27233 1
gene 1 22 45 -0.99384 0 110 -0.99384 1
gene 1 23 41 1.62512 0 111 1.62512 1
gene 1 23 42 -0.681306 0 112 -0.681306 1
gene 1 23 43 0.714816 0 113 0.714816 1
gene 1 23 44 -0.689307 0 114 -0.689307 1
gene 1 23 45 2.80024 0 115 2.80024 1
gene 1 24 41 1.01702 0 116 1.01702 1
gene 1 24 42 0.107974 0 117 0.107974 1
gene 1 24 43 1.93916 0 118 1.93916 1
gene 1 24 44 -2.70442 0 119 -2.70442 1
gene 1 24 45 3.28123 0 120 3.28123 1
gene 1 25 41 -5 0 121 -5 1
gene 1 25 42 1.92918 0 122 1.92918 1
gene 1 25 43 4.26456 0 123 4.26456 1
gene 1 25 44 1.02901 0 124 1.02901 1
gene 1 25 45 3.52906 0 125 3.52906 1
gene 1 26 41 -2.34114 0 126 -2.34114 1
gene 1 26 42 -1.13922 0 127 -1.13922 1
gene 1 26 43 -3.84073 0 128 -3.84073 1
gene 1 26 44 -5 0 129 -5 1
gene 1 26 45 4.06691 0 130 4.06691 1
gene 1 27 41 -1.93126 0 131 -1.93126 1
gene 1 27 42 -1.07871 0 132 -1.07871 1
gene 1 27 43 -3.46957 0 133 -3.46957 1
gene 1 27 44 -2.99783 0 134 -2.99783 1
gene 1 27 45 0.461976 0 135 0.461976 1
gene 1 28 41 -1.68702 0 136 -1.68702 1
gene 1 28 42 -0.00340596 0 137 -0.00340596 1
gene 1 28 43 -0.15255 0 138 -0.15255 1
gene 1 28 44 -4.10977 0 139 -4.10977 1
gene 1 28 45 -0.84572 0 140 -0.84572 1
gene 1 29 41 2.03074 0 141 2.03074 1
gene 1 29 42 -1.98992 0 142 -1.98992 1
gene 1 29 43 0.0623992 0 143 0.0623992 1
gene 1 29 44 2.45337 0 144 2.45337 1
gene 1 29 45 0.526495 0 145 0.526495 1
gene 1 30 41 -2.84854 0 146 -2.84854 1
gene 1 30 42 4.48386 0 147 4.48386 1
gene 1 30 43 0.362189 0 148 0.362189 1
gene 1 30 44 2.20816 0 149 2.20816 1
gene 1 30 45 4.34239 0 150 4.34239 1
gene 1 31 41 2.14195 0 151 2.14195 1
gene 1 31 42 -1.25767 0 152 -1.25767 1
gene 1 31 43 0.315912 0 153 0.315912 1
gene 1 31 44 1.15324 0 154 1.15324 1
gene 1 31 45 -3.86973 0 155 -3.86973 1
gene 1 32 41 -0.695577 0 156 -0.695577 1
gene 1 32 42 -3.51569 0 157 -3.51569 1
gene 1 32 43 2.02588 0 158 2.02588 1
gene 1 32 44 -1.79473 0 159 -1.79473 1
gene 1 32 45 0.341409 0 160 0.341409 1
gene 1 33 41 3.20516 0 161 3.20516 1
gene 1 33 42 -1.96959 0 162 -1.96959 1
gene 1 33 43 -0.258172 0 163 -0.258172 1
gene 1 33 44 -1.14318 0 164 -1.14318 1
gene 1 33 45 -0.382497 0 165 -0.382497 1
gene 1 34 41 1.32233 0 166 1.32233 1
gene 1 34 42 -0.967298 0 167 -0.967298 1
gene 1 34 43 0.507651 0 168 0.507651 1
gene 1 34 44 1.49552 0 169 1.49552 1
gene 1 34 45 0.177429 0 170 0.177429 1
gene 1 35 41 1.18426 0 171 1.18426 1
gene 1 35 42 1.04851 0 172 1.04851 1
gene 1 35 43 -0.0284135 0 173 -0.0284135 1
gene 1 35 44 -0.271298 0 174 -0.271298 1
gene 1 35 45 0.699964 0 175 0.699964 1
gene 1 36 41 -0.489825 0 176 -0.489825 1
gene 1 36 42 -0.263561 0 177 -0.263561 1
gene 1 36 43 -0.610275 0 178 -0.610275 1
gene 1 36 44 -1.0012 0 179 -1.0012 1
gene 1 36 45 0.181957 0 180 0.181957 1
gene 1 37 41 -0.430045 0 181 -0.430045 1
gene 1 37 42 -1.7603 0 182 -1.7603 1
gene 1 37 43 -1.09019 0 183 -1.09019 1
gene 1 37 44 -0.85544 0 184 -0.85544 1
gene 1 37 45 0.309966 0 185 0.309966 1
gene 1 38 41 -0.0604501 0 186 -0.0604501 1
gene 1 38 42 -0.857416 0 187 -0.857416 1
gene 1 38 43 2.28621 0 188 2.28621 1
gene 1 38 44 0.147997 0 189 0.147997 1
gene 1 38 45 0.660385 0 190 0.660385 1
gene 1 39 41 0.848001 0 191 0.848001 1
gene 1 39 42 0.77108 0 192 0.77108 1
gene 1 39 43 -0.384145 0 193 -0.384145 1
gene 1 39 44 0.581676 0 194 0.581676 1
gene 1 39 45 0.79538 0 195 0.79538 1
gene 1 40 41 2.1041 0 196 2.1041 1
gene 1 40 42 1.9148 0 197 1.9148 1
gene 1 40 43 -0.366313 0 198 -0.366313 1
gene 1 40 44 0.536319 0 199 0.536319 1
gene 1 40 45 0.803912 0 200 0.803912 1
genomeend 96


