/* Organism #17 Fitness: 35276.994000 Time: 0 */
genomestart 17
trait 1 1.000000 0.125112 0.040684 0.000000 0.218680 0.280025 0.109995 0.961641 
node 1 1 1 1
node 2 1 1 1
node 3 1 1 1
node 4 1 1 1
node 5 1 1 1
node 6 1 1 1
node 7 1 1 1
node 8 1 1 1
node 9 1 1 1
node 10 1 1 1
node 11 1 1 1
node 12 1 1 1
node 13 1 1 1
node 14 1 1 1
node 15 1 1 1
node 16 1 1 1
node 17 1 1 1
node 18 1 1 1
node 19 1 1 1
node 20 1 1 1
node 21 1 1 1
node 22 1 1 1
node 23 1 1 1
node 24 1 1 1
node 25 1 1 1
node 26 1 1 1
node 27 1 1 1
node 28 1 1 1
node 29 1 1 1
node 30 1 1 3
node 31 1 0 2
node 32 1 0 2
node 33 1 0 2
gene 1 1 31 2.10187 0 1 2.10187 1
gene 1 1 32 0.127351 0 2 0.127351 1
gene 1 1 33 -4.55338 0 3 -4.55338 1
gene 1 2 31 -0.0963793 0 4 -0.0963793 1
gene 1 2 32 1.2954 0 5 1.2954 1
gene 1 2 33 0.223619 0 6 0.223619 1
gene 1 3 31 1.09205 0 7 1.09205 1
gene 1 3 32 0.0849702 0 8 0.0849702 1
gene 1 3 33 0.0118016 0 9 0.0118016 1
gene 1 4 31 -3.15444 0 10 -3.15444 1
gene 1 4 32 1.23494 0 11 1.23494 1
gene 1 4 33 -5 0 12 -5 1
gene 1 5 31 4.40394 0 13 4.40394 1
gene 1 5 32 -3.84464 0 14 -3.84464 1
gene 1 5 33 1.21859 0 15 1.21859 1
gene 1 6 31 -2.81731 0 16 -2.81731 1
gene 1 6 32 0.813223 0 17 0.813223 1
gene 1 6 33 1.82957 0 18 1.82957 1
gene 1 7 31 3.69753 0 19 3.69753 1
gene 1 7 32 -1.61043 0 20 -1.61043 1
gene 1 7 33 1.4752 0 21 1.4752 1
gene 1 8 31 -1.04042 0 22 -1.04042 1
gene 1 8 32 -0.692096 0 23 -0.692096 1
gene 1 8 33 0.531845 0 24 0.531845 1
gene 1 9 31 -1.59038 0 25 -1.59038 1
gene 1 9 32 -2.38114 0 26 -2.38114 1
gene 1 9 33 -1.49232 0 27 -1.49232 1
gene 1 10 31 1.07144 0 28 1.07144 1
gene 1 10 32 -0.506868 0 29 -0.506868 1
gene 1 10 33 3.03748 0 30 3.03748 1
gene 1 11 31 2.4358 0 31 2.4358 1
gene 1 11 32 0.960048 0 32 0.960048 1
gene 1 11 33 2.19656 0 33 2.19656 1
gene 1 12 31 2.6293 0 34 2.6293 1
gene 1 12 32 -1.00268 0 35 -1.00268 1
gene 1 12 33 0.539166 0 36 0.539166 1
gene 1 13 31 0.872003 0 37 0.872003 1
gene 1 13 32 -2.43228 0 38 -2.43228 1
gene 1 13 33 0.535699 0 39 0.535699 1
gene 1 14 31 -3.27301 0 40 -3.27301 1
gene 1 14 32 0.834446 0 41 0.834446 1
gene 1 14 33 -0.688407 0 42 -0.688407 1
gene 1 15 31 -1.02604 0 43 -1.02604 1
gene 1 15 32 2.64437 0 44 2.64437 1
gene 1 15 33 1.36526 0 45 1.36526 1
gene 1 16 31 -1.52469 0 46 -1.52469 1
gene 1 16 32 4.68435 0 47 4.68435 1
gene 1 16 33 1.575 0 48 1.575 1
gene 1 17 31 -0.0174162 0 49 -0.0174162 1
gene 1 17 32 -4.46869 0 50 -4.46869 1
gene 1 17 33 -0.361744 0 51 -0.361744 1
gene 1 18 31 -1.91184 0 52 -1.91184 1
gene 1 18 32 -0.468183 0 53 -0.468183 1
gene 1 18 33 2.18098 0 54 2.18098 1
gene 1 19 31 -4.54322 0 55 -4.54322 1
gene 1 19 32 0.424598 0 56 0.424598 1
gene 1 19 33 -0.341824 0 57 -0.341824 1
gene 1 20 31 -0.174948 0 58 -0.174948 1
gene 1 20 32 -1.12409 0 59 -1.12409 1
gene 1 20 33 -4.29125 0 60 -4.29125 1
gene 1 21 31 -0.804868 0 61 -0.804868 1
gene 1 21 32 0.701785 0 62 0.701785 1
gene 1 21 33 -0.785195 0 63 -0.785195 1
gene 1 22 31 -1.38879 0 64 -1.38879 1
gene 1 22 32 5 0 65 5 1
gene 1 22 33 0.519492 0 66 0.519492 1
gene 1 23 31 5 0 67 5 1
gene 1 23 32 0.55084 0 68 0.55084 1
gene 1 23 33 1.06204 0 69 1.06204 1
gene 1 24 31 -0.361683 0 70 -0.361683 1
gene 1 24 32 0.118623 0 71 0.118623 1
gene 1 24 33 0.151559 0 72 0.151559 1
gene 1 25 31 -0.0169156 0 73 -0.0169156 1
gene 1 25 32 0.35627 0 74 0.35627 1
gene 1 25 33 -0.958621 0 75 -0.958621 1
gene 1 26 31 -1.27094 0 76 -1.27094 1
gene 1 26 32 0.0436738 0 77 0.0436738 1
gene 1 26 33 0.43725 0 78 0.43725 1
gene 1 27 31 -2.26671 0 79 -2.26671 1
gene 1 27 32 -0.438757 0 80 -0.438757 1
gene 1 27 33 -0.163873 0 81 -0.163873 1
gene 1 28 31 0.432032 0 82 0.432032 1
gene 1 28 32 0.717899 0 83 0.717899 1
gene 1 28 33 -1.91299 0 84 -1.91299 1
gene 1 29 31 -0.801752 0 85 -0.801752 1
gene 1 29 32 0.23938 0 86 0.23938 1
gene 1 29 33 0.172543 0 87 0.172543 1
gene 1 30 31 0.367452 0 88 0.367452 1
gene 1 30 32 0.130557 0 89 0.130557 1
gene 1 30 33 0.276575 0 90 0.276575 1
genomeend 17


