/* Organism #1 Fitness: 8931.552000 Time: 0 */
genomestart 1
trait 1 0.663983 0.644435 0.000000 0.205866 0.869533 0.377029 0.000000 0.000000 
node 1 1 1 1
node 2 1 1 1
node 3 1 1 1
node 4 1 1 1
node 5 1 1 1
node 6 1 1 1
node 7 1 1 1
node 8 1 1 1
node 9 1 1 1
node 10 1 1 1
node 11 1 1 1
node 12 1 1 1
node 13 1 1 1
node 14 1 1 1
node 15 1 1 1
node 16 1 1 1
node 17 1 1 1
node 18 1 1 1
node 19 1 1 1
node 20 1 1 1
node 21 1 1 1
node 22 1 1 1
node 23 1 1 1
node 24 1 1 1
node 25 1 1 1
node 26 1 1 1
node 27 1 1 1
node 28 1 1 1
node 29 1 1 1
node 30 1 1 1
node 31 1 1 1
node 32 1 1 1
node 33 1 1 1
node 34 1 1 1
node 35 1 1 3
node 36 1 0 2
node 37 1 0 2
node 38 1 0 2
node 39 1 0 2
gene 1 1 36 -4.44065 0 1 -4.44065 1
gene 1 1 37 -3.90472 0 2 -3.90472 1
gene 1 1 38 5 0 3 5 1
gene 1 1 39 0.27511 0 4 0.27511 1
gene 1 2 36 1.09673 0 5 1.09673 1
gene 1 2 37 1.21008 0 6 1.21008 1
gene 1 2 38 -0.708652 0 7 -0.708652 1
gene 1 2 39 -2.97148 0 8 -2.97148 1
gene 1 3 36 2.42234 0 9 2.42234 1
gene 1 3 37 2.75862 0 10 2.75862 1
gene 1 3 38 -2.62047 0 11 -2.62047 1
gene 1 3 39 -2.2514 0 12 -2.2514 1
gene 1 4 36 0.0736563 0 13 0.0736563 1
gene 1 4 37 3.05111 0 14 3.05111 1
gene 1 4 38 -2.11403 0 15 -2.11403 1
gene 1 4 39 3.84718 0 16 3.84718 1
gene 1 5 36 5 0 17 5 1
gene 1 5 37 -0.0743955 0 18 -0.0743955 1
gene 1 5 38 1.13186 0 19 1.13186 1
gene 1 5 39 -0.104286 0 20 -0.104286 1
gene 1 6 36 0.520397 0 21 0.520397 1
gene 1 6 37 1.03573 0 22 1.03573 1
gene 1 6 38 2.9619 0 23 2.9619 1
gene 1 6 39 1.46206 0 24 1.46206 1
gene 1 7 36 5 0 25 5 1
gene 1 7 37 -3.40174 0 26 -3.40174 1
gene 1 7 38 -1.31213 0 27 -1.31213 1
gene 1 7 39 -0.569322 0 28 -0.569322 1
gene 1 8 36 4.82453 0 29 4.82453 1
gene 1 8 37 -3.1141 0 30 -3.1141 1
gene 1 8 38 0.799795 0 31 0.799795 1
gene 1 8 39 1.2772 0 32 1.2772 1
gene 1 9 36 -0.354626 0 33 -0.354626 1
gene 1 9 37 1.18732 0 34 1.18732 1
gene 1 9 38 0.511026 0 35 0.511026 1
gene 1 9 39 0.514109 0 36 0.514109 1
gene 1 10 36 -0.615844 0 37 -0.615844 1
gene 1 10 37 3.84582 0 38 3.84582 1
gene 1 10 38 0.335607 0 39 0.335607 1
gene 1 10 39 -2.54914 0 40 -2.54914 1
gene 1 11 36 0.242119 0 41 0.242119 1
gene 1 11 37 -4.90793 0 42 -4.90793 1
gene 1 11 38 1.55395 0 43 1.55395 1
gene 1 11 39 -0.705414 0 44 -0.705414 1
gene 1 12 36 2.71905 0 45 2.71905 1
gene 1 12 37 1.52712 0 46 1.52712 1
gene 1 12 38 -1.43275 0 47 -1.43275 1
gene 1 12 39 2.89798 0 48 2.89798 1
gene 1 13 36 3.44136 0 49 3.44136 1
gene 1 13 37 0.516825 0 50 0.516825 1
gene 1 13 38 -0.955828 0 51 -0.955828 1
gene 1 13 39 2.15612 0 52 2.15612 1
gene 1 14 36 2.63215 0 53 2.63215 1
gene 1 14 37 2.66718 0 54 2.66718 1
gene 1 14 38 0.798263 0 55 0.798263 1
gene 1 14 39 4.4964 0 56 4.4964 1
gene 1 15 36 2.1979 0 57 2.1979 1
gene 1 15 37 -1.54916 0 58 -1.54916 1
gene 1 15 38 -0.747832 0 59 -0.747832 1
gene 1 15 39 -4.57924 0 60 -4.57924 1
gene 1 16 36 -2.83578 0 61 -2.83578 1
gene 1 16 37 0.886373 0 62 0.886373 1
gene 1 16 38 2.47272 0 63 2.47272 1
gene 1 16 39 1.14286 0 64 1.14286 1
gene 1 17 36 -4.08694 0 65 -4.08694 1
gene 1 17 37 2.76617 0 66 2.76617 1
gene 1 17 38 -4.05026 0 67 -4.05026 1
gene 1 17 39 -0.291424 0 68 -0.291424 1
gene 1 18 36 -5 0 69 -5 1
gene 1 18 37 4.13311 0 70 4.13311 1
gene 1 18 38 -3.21369 0 71 -3.21369 1
gene 1 18 39 1.81168 0 72 1.81168 1
gene 1 19 36 -3.05878 0 73 -3.05878 1
gene 1 19 37 -0.988561 0 74 -0.988561 1
gene 1 19 38 4.57701 0 75 4.57701 1
gene 1 19 39 -0.101946 0 76 -0.101946 1
gene 1 20 36 0.0772677 0 77 0.0772677 1
gene 1 20 37 -1.65908 0 78 -1.65908 1
gene 1 20 38 -3.71361 0 79 -3.71361 1
gene 1 20 39 -0.69319 0 80 -0.69319 1
gene 1 21 36 1.69051 0 81 1.69051 1
gene 1 21 37 -0.239034 0 82 -0.239034 1
gene 1 21 38 5 0 83 5 1
gene 1 21 39 -0.445506 0 84 -0.445506 1
gene 1 22 36 -1.83482 0 85 -1.83482 1
gene 1 22 37 -2.5169 0 86 -2.5169 1
gene 1 22 38 -2.21309 0 87 -2.21309 1
gene 1 22 39 2.83514 0 88 2.83514 1
gene 1 23 36 0.353181 0 89 0.353181 1
gene 1 23 37 0.535899 0 90 0.535899 1
gene 1 23 38 -0.621061 0 91 -0.621061 1
gene 1 23 39 2.78643 0 92 2.78643 1
gene 1 24 36 0.650291 0 93 0.650291 1
gene 1 24 37 2.16364 0 94 2.16364 1
gene 1 24 38 0.683357 0 95 0.683357 1
gene 1 24 39 0.556989 0 96 0.556989 1
gene 1 25 36 0.634169 0 97 0.634169 1
gene 1 25 37 0.412192 0 98 0.412192 1
gene 1 25 38 1.46754 0 99 1.46754 1
gene 1 25 39 -0.216156 0 100 -0.216156 1
gene 1 26 36 0.952419 0 101 0.952419 1
gene 1 26 37 -0.76898 0 102 -0.76898 1
gene 1 26 38 0.730492 0 103 0.730492 1
gene 1 26 39 3.80433 0 104 3.80433 1
gene 1 27 36 2.64409 0 105 2.64409 1
gene 1 27 37 -0.459942 0 106 -0.459942 1
gene 1 27 38 -3.57853 0 107 -3.57853 1
gene 1 27 39 -0.813221 0 108 -0.813221 1
gene 1 28 36 0.583724 0 109 0.583724 1
gene 1 28 37 0.407148 0 110 0.407148 1
gene 1 28 38 -2.50685 0 111 -2.50685 1
gene 1 28 39 -0.86538 0 112 -0.86538 1
gene 1 29 36 0.95222 0 113 0.95222 1
gene 1 29 37 -1.59252 0 114 -1.59252 1
gene 1 29 38 0.088643 0 115 0.088643 1
gene 1 29 39 0.339861 0 116 0.339861 1
gene 1 30 36 0.0566175 0 117 0.0566175 1
gene 1 30 37 0.0294935 0 118 0.0294935 1
gene 1 30 38 0.135327 0 119 0.135327 1
gene 1 30 39 1.23975 0 120 1.23975 1
gene 1 31 36 0.517132 0 121 0.517132 1
gene 1 31 37 0.285528 0 122 0.285528 1
gene 1 31 38 -1.2024 0 123 -1.2024 1
gene 1 31 39 0.58447 0 124 0.58447 1
gene 1 32 36 1.9627 0 125 1.9627 1
gene 1 32 37 0.154175 0 126 0.154175 1
gene 1 32 38 -1.11753 0 127 -1.11753 1
gene 1 32 39 0.691262 0 128 0.691262 1
gene 1 33 36 -0.517163 0 129 -0.517163 1
gene 1 33 37 -0.192936 0 130 -0.192936 1
gene 1 33 38 -0.981961 0 131 -0.981961 1
gene 1 33 39 -0.533765 0 132 -0.533765 1
gene 1 34 36 1.23814 0 133 1.23814 1
gene 1 34 37 2.59828 0 134 2.59828 1
gene 1 34 38 -0.889794 0 135 -0.889794 1
gene 1 34 39 0.640363 0 136 0.640363 1
gene 1 35 36 -0.737239 0 137 -0.737239 1
gene 1 35 37 -4.31275 0 138 -4.31275 1
gene 1 35 38 1.06806 0 139 1.06806 1
gene 1 35 39 -0.286582 0 140 -0.286582 1
genomeend 1


