/* Organism #9 Fitness: 8442.834000 Time: 0 */
genomestart 9
trait 1 0.999056 0.000000 0.000000 0.912765 0.766272 0.000000 0.805013 0.833875 
node 1 1 1 1
node 2 1 1 1
node 3 1 1 1
node 4 1 1 1
node 5 1 1 1
node 6 1 1 1
node 7 1 1 1
node 8 1 1 1
node 9 1 1 1
node 10 1 1 1
node 11 1 1 1
node 12 1 1 1
node 13 1 1 1
node 14 1 1 1
node 15 1 1 1
node 16 1 1 1
node 17 1 1 1
node 18 1 1 1
node 19 1 1 1
node 20 1 1 1
node 21 1 1 1
node 22 1 1 1
node 23 1 1 1
node 24 1 1 1
node 25 1 1 1
node 26 1 1 1
node 27 1 1 1
node 28 1 1 1
node 29 1 1 1
node 30 1 1 1
node 31 1 1 1
node 32 1 1 1
node 33 1 1 1
node 34 1 1 1
node 35 1 1 3
node 36 1 0 2
node 37 1 0 2
node 38 1 0 2
node 39 1 0 2
gene 1 1 36 -0.93023 0 1 -0.93023 1
gene 1 1 37 -0.623763 0 2 -0.623763 1
gene 1 1 38 -1.12434 0 3 -1.12434 1
gene 1 1 39 0.551945 0 4 0.551945 1
gene 1 2 36 -0.510749 0 5 -0.510749 1
gene 1 2 37 -2.47062 0 6 -2.47062 1
gene 1 2 38 1.74541 0 7 1.74541 1
gene 1 2 39 -1.84011 0 8 -1.84011 1
gene 1 3 36 -1.19134 0 9 -1.19134 1
gene 1 3 37 2.00496 0 10 2.00496 1
gene 1 3 38 0.833049 0 11 0.833049 1
gene 1 3 39 0.247713 0 12 0.247713 1
gene 1 4 36 1.48295 0 13 1.48295 1
gene 1 4 37 0.825526 0 14 0.825526 1
gene 1 4 38 4.03286 0 15 4.03286 1
gene 1 4 39 -4.07825 0 16 -4.07825 1
gene 1 5 36 0.709891 0 17 0.709891 1
gene 1 5 37 -0.653584 0 18 -0.653584 1
gene 1 5 38 -0.696321 0 19 -0.696321 1
gene 1 5 39 -0.877349 0 20 -0.877349 1
gene 1 6 36 2.52671 0 21 2.52671 1
gene 1 6 37 -0.334793 0 22 -0.334793 1
gene 1 6 38 -0.161253 0 23 -0.161253 1
gene 1 6 39 3.792 0 24 3.792 1
gene 1 7 36 4.52557 0 25 4.52557 1
gene 1 7 37 -0.709683 0 26 -0.709683 1
gene 1 7 38 -0.0819981 0 27 -0.0819981 1
gene 1 7 39 -0.791405 0 28 -0.791405 1
gene 1 8 36 -2.30091 0 29 -2.30091 1
gene 1 8 37 2.48413 0 30 2.48413 1
gene 1 8 38 4.33696 0 31 4.33696 1
gene 1 8 39 -0.268927 0 32 -0.268927 1
gene 1 9 36 -0.0175414 0 33 -0.0175414 1
gene 1 9 37 -4.88276 0 34 -4.88276 1
gene 1 9 38 -0.892969 0 35 -0.892969 1
gene 1 9 39 1.85821 0 36 1.85821 1
gene 1 10 36 -1.01255 0 37 -1.01255 1
gene 1 10 37 -0.1148 0 38 -0.1148 1
gene 1 10 38 0.968237 0 39 0.968237 1
gene 1 10 39 2.49341 0 40 2.49341 1
gene 1 11 36 1.99539 0 41 1.99539 1
gene 1 11 37 0.165396 0 42 0.165396 1
gene 1 11 38 2.26125 0 43 2.26125 1
gene 1 11 39 0.589417 0 44 0.589417 1
gene 1 12 36 0.894246 0 45 0.894246 1
gene 1 12 37 1.18558 0 46 1.18558 1
gene 1 12 38 -2.51348 0 47 -2.51348 1
gene 1 12 39 -4.55132 0 48 -4.55132 1
gene 1 13 36 2.04566 0 49 2.04566 1
gene 1 13 37 1.81553 0 50 1.81553 1
gene 1 13 38 -0.798007 0 51 -0.798007 1
gene 1 13 39 0.19135 0 52 0.19135 1
gene 1 14 36 -1.73565 0 53 -1.73565 1
gene 1 14 37 -0.621745 0 54 -0.621745 1
gene 1 14 38 -2.76895 0 55 -2.76895 1
gene 1 14 39 1.92801 0 56 1.92801 1
gene 1 15 36 2.25239 0 57 2.25239 1
gene 1 15 37 -0.40817 0 58 -0.40817 1
gene 1 15 38 1.23563 0 59 1.23563 1
gene 1 15 39 -1.6284 0 60 -1.6284 1
gene 1 16 36 -3.47683 0 61 -3.47683 1
gene 1 16 37 0.424214 0 62 0.424214 1
gene 1 16 38 -3.17058 0 63 -3.17058 1
gene 1 16 39 -1.53043 0 64 -1.53043 1
gene 1 17 36 1.69874 0 65 1.69874 1
gene 1 17 37 -1.32689 0 66 -1.32689 1
gene 1 17 38 -2.31439 0 67 -2.31439 1
gene 1 17 39 -4.05509 0 68 -4.05509 1
gene 1 18 36 3.60658 0 69 3.60658 1
gene 1 18 37 -5 0 70 -5 1
gene 1 18 38 -1.86652 0 71 -1.86652 1
gene 1 18 39 1.67432 0 72 1.67432 1
gene 1 19 36 2.80112 0 73 2.80112 1
gene 1 19 37 -5 0 74 -5 1
gene 1 19 38 -1.73584 0 75 -1.73584 1
gene 1 19 39 1.91702 0 76 1.91702 1
gene 1 20 36 -0.68907 0 77 -0.68907 1
gene 1 20 37 -0.0435512 0 78 -0.0435512 1
gene 1 20 38 -2.44126 0 79 -2.44126 1
gene 1 20 39 0.510533 0 80 0.510533 1
gene 1 21 36 -2.31387 0 81 -2.31387 1
gene 1 21 37 1.55766 0 82 1.55766 1
gene 1 21 38 -3.03242 0 83 -3.03242 1
gene 1 21 39 0.762506 0 84 0.762506 1
gene 1 22 36 1.96731 0 85 1.96731 1
gene 1 22 37 0.750719 0 86 0.750719 1
gene 1 22 38 -0.732788 0 87 -0.732788 1
gene 1 22 39 0.175356 0 88 0.175356 1
gene 1 23 36 0.601537 0 89 0.601537 1
gene 1 23 37 -2.48703 0 90 -2.48703 1
gene 1 23 38 0.415859 0 91 0.415859 1
gene 1 23 39 -2.57042 0 92 -2.57042 1
gene 1 24 36 -4.49041 0 93 -4.49041 1
gene 1 24 37 -0.627603 0 94 -0.627603 1
gene 1 24 38 -0.102654 0 95 -0.102654 1
gene 1 24 39 0.25194 0 96 0.25194 1
gene 1 25 36 -1.43112 0 97 -1.43112 1
gene 1 25 37 -0.63712 0 98 -0.63712 1
gene 1 25 38 -2.15894 0 99 -2.15894 1
gene 1 25 39 -3.43914 0 100 -3.43914 1
gene 1 26 36 0.815858 0 101 0.815858 1
gene 1 26 37 2.93531 0 102 2.93531 1
gene 1 26 38 2.65142 0 103 2.65142 1
gene 1 26 39 0.279219 0 104 0.279219 1
gene 1 27 36 -0.62262 0 105 -0.62262 1
gene 1 27 37 1.11638 0 106 1.11638 1
gene 1 27 38 1.05163 0 107 1.05163 1
gene 1 27 39 1.6051 0 108 1.6051 1
gene 1 28 36 0.819748 0 109 0.819748 1
gene 1 28 37 -0.57304 0 110 -0.57304 1
gene 1 28 38 1.02967 0 111 1.02967 1
gene 1 28 39 0.951019 0 112 0.951019 1
gene 1 29 36 -0.626411 0 113 -0.626411 1
gene 1 29 37 -0.365966 0 114 -0.365966 1
gene 1 29 38 0.552427 0 115 0.552427 1
gene 1 29 39 0.973298 0 116 0.973298 1
gene 1 30 36 -1.44045 0 117 -1.44045 1
gene 1 30 37 -0.0425236 0 118 -0.0425236 1
gene 1 30 38 -0.0375633 0 119 -0.0375633 1
gene 1 30 39 -0.975631 0 120 -0.975631 1
gene 1 31 36 0.809449 0 121 0.809449 1
gene 1 31 37 0.907007 0 122 0.907007 1
gene 1 31 38 1.68316 0 123 1.68316 1
gene 1 31 39 0.160022 0 124 0.160022 1
gene 1 32 36 -0.585061 0 125 -0.585061 1
gene 1 32 37 1.23535 0 126 1.23535 1
gene 1 32 38 0.261644 0 127 0.261644 1
gene 1 32 39 -0.802114 0 128 -0.802114 1
gene 1 33 36 -0.733819 0 129 -0.733819 1
gene 1 33 37 1.54285 0 130 1.54285 1
gene 1 33 38 -0.150398 0 131 -0.150398 1
gene 1 33 39 0.823025 0 132 0.823025 1
gene 1 34 36 0.736223 0 133 0.736223 1
gene 1 34 37 0.471452 0 134 0.471452 1
gene 1 34 38 0.253495 0 135 0.253495 1
gene 1 34 39 -2.18465 0 136 -2.18465 1
gene 1 35 36 -4.64834 0 137 -4.64834 1
gene 1 35 37 0.993716 0 138 0.993716 1
gene 1 35 38 0.656807 0 139 0.656807 1
gene 1 35 39 0.028907 0 140 0.028907 1
genomeend 9


