/* Organism #3 Fitness: 7059.454000 Time: 0 */
genomestart 3
trait 1 0.210145 0.887859 1.000000 0.000000 0.789801 0.847962 1.000000 0.692690 
node 1 1 1 1
node 2 1 1 1
node 3 1 1 1
node 4 1 1 1
node 5 1 1 1
node 6 1 1 1
node 7 1 1 1
node 8 1 1 1
node 9 1 1 1
node 10 1 1 1
node 11 1 1 1
node 12 1 1 1
node 13 1 1 1
node 14 1 1 1
node 15 1 1 1
node 16 1 1 1
node 17 1 1 1
node 18 1 1 1
node 19 1 1 1
node 20 1 1 1
node 21 1 1 1
node 22 1 1 1
node 23 1 1 1
node 24 1 1 1
node 25 1 1 1
node 26 1 1 1
node 27 1 1 1
node 28 1 1 3
node 29 1 0 2
node 30 1 0 2
node 31 1 0 2
node 32 1 0 2
node 33 1 0 2
gene 1 1 29 0.638662 0 1 0.638662 1
gene 1 1 30 -4.97436 0 2 -4.97436 1
gene 1 1 31 -3.66858 0 3 -3.66858 1
gene 1 1 32 0.196368 0 4 0.196368 1
gene 1 1 33 -1.90933 0 5 -1.90933 1
gene 1 2 29 -0.659569 0 6 -0.659569 1
gene 1 2 30 4.9384 0 7 4.9384 1
gene 1 2 31 2.46868 0 8 2.46868 1
gene 1 2 32 -4.60164 0 9 -4.60164 1
gene 1 2 33 -1.12268 0 10 -1.12268 1
gene 1 3 29 -0.427299 0 11 -0.427299 1
gene 1 3 30 4.22352 0 12 4.22352 1
gene 1 3 31 0.82109 0 13 0.82109 1
gene 1 3 32 0.863653 0 14 0.863653 1
gene 1 3 33 1.93483 0 15 1.93483 1
gene 1 4 29 -1.31704 0 16 -1.31704 1
gene 1 4 30 2.15597 0 17 2.15597 1
gene 1 4 31 -0.79164 0 18 -0.79164 1
gene 1 4 32 -4.32464 0 19 -4.32464 1
gene 1 4 33 1.27949 0 20 1.27949 1
gene 1 5 29 -0.297018 0 21 -0.297018 1
gene 1 5 30 3.33288 0 22 3.33288 1
gene 1 5 31 0.695131 0 23 0.695131 1
gene 1 5 32 -0.966389 0 24 -0.966389 1
gene 1 5 33 0.754907 0 25 0.754907 1
gene 1 6 29 0.0791156 0 26 0.0791156 1
gene 1 6 30 0.574032 0 27 0.574032 1
gene 1 6 31 3.12649 0 28 3.12649 1
gene 1 6 32 3.92119 0 29 3.92119 1
gene 1 6 33 -0.970977 0 30 -0.970977 1
gene 1 7 29 -0.324674 0 31 -0.324674 1
gene 1 7 30 1.74153 0 32 1.74153 1
gene 1 7 31 -1.64854 0 33 -1.64854 1
gene 1 7 32 0.625549 0 34 0.625549 1
gene 1 7 33 0.622071 0 35 0.622071 1
gene 1 8 29 -0.888987 0 36 -0.888987 1
gene 1 8 30 -0.667355 0 37 -0.667355 1
gene 1 8 31 -1.07376 0 38 -1.07376 1
gene 1 8 32 1.63864 0 39 1.63864 1
gene 1 8 33 0.364246 0 40 0.364246 1
gene 1 9 29 0.486889 0 41 0.486889 1
gene 1 9 30 -0.188689 0 42 -0.188689 1
gene 1 9 31 1.56782 0 43 1.56782 1
gene 1 9 32 -5 0 44 -5 1
gene 1 9 33 -0.394311 0 45 -0.394311 1
gene 1 10 29 0.726933 0 46 0.726933 1
gene 1 10 30 1.61788 0 47 1.61788 1
gene 1 10 31 -0.924683 0 48 -0.924683 1
gene 1 10 32 0.39851 0 49 0.39851 1
gene 1 10 33 -0.472467 0 50 -0.472467 1
gene 1 11 29 -2.28233 0 51 -2.28233 1
gene 1 11 30 0.281316 0 52 0.281316 1
gene 1 11 31 1.49954 0 53 1.49954 1
gene 1 11 32 1.24142 0 54 1.24142 1
gene 1 11 33 0.645943 0 55 0.645943 1
gene 1 12 29 0.140708 0 56 0.140708 1
gene 1 12 30 3.62973 0 57 3.62973 1
gene 1 12 31 -3.0459 0 58 -3.0459 1
gene 1 12 32 0.194034 0 59 0.194034 1
gene 1 12 33 1.64824 0 60 1.64824 1
gene 1 13 29 1.74831 0 61 1.74831 1
gene 1 13 30 -3.58895 0 62 -3.58895 1
gene 1 13 31 2.01012 0 63 2.01012 1
gene 1 13 32 -0.943372 0 64 -0.943372 1
gene 1 13 33 0.31158 0 65 0.31158 1
gene 1 14 29 -1.38177 0 66 -1.38177 1
gene 1 14 30 0.608964 0 67 0.608964 1
gene 1 14 31 4.54221 0 68 4.54221 1
gene 1 14 32 -0.592243 0 69 -0.592243 1
gene 1 14 33 -0.971175 0 70 -0.971175 1
gene 1 15 29 -2.78315 0 71 -2.78315 1
gene 1 15 30 1.15086 0 72 1.15086 1
gene 1 15 31 0.586596 0 73 0.586596 1
gene 1 15 32 -0.270712 0 74 -0.270712 1
gene 1 15 33 1.38388 0 75 1.38388 1
gene 1 16 29 -0.491132 0 76 -0.491132 1
gene 1 16 30 -0.944827 0 77 -0.944827 1
gene 1 16 31 0.694606 0 78 0.694606 1
gene 1 16 32 -2.46191 0 79 -2.46191 1
gene 1 16 33 -5 0 80 -5 1
gene 1 17 29 -3.53246 0 81 -3.53246 1
gene 1 17 30 -3.71506 0 82 -3.71506 1
gene 1 17 31 0.520775 0 83 0.520775 1
gene 1 17 32 -1.16244 0 84 -1.16244 1
gene 1 17 33 0.431189 0 85 0.431189 1
gene 1 18 29 -0.85813 0 86 -0.85813 1
gene 1 18 30 -0.971906 0 87 -0.971906 1
gene 1 18 31 -2.50799 0 88 -2.50799 1
gene 1 18 32 -1.91707 0 89 -1.91707 1
gene 1 18 33 -0.408338 0 90 -0.408338 1
gene 1 19 29 0.748733 0 91 0.748733 1
gene 1 19 30 -4.47981 0 92 -4.47981 1
gene 1 19 31 3.8743 0 93 3.8743 1
gene 1 19 32 -0.289413 0 94 -0.289413 1
gene 1 19 33 -4.0989 0 95 -4.0989 1
gene 1 20 29 -3.55942 0 96 -3.55942 1
gene 1 20 30 1.05016 0 97 1.05016 1
gene 1 20 31 -1.37563 0 98 -1.37563 1
gene 1 20 32 1.89462 0 99 1.89462 1
gene 1 20 33 -0.412706 0 100 -0.412706 1
gene 1 21 29 0.803489 0 101 0.803489 1
gene 1 21 30 3.08536 0 102 3.08536 1
gene 1 21 31 -1.20636 0 103 -1.20636 1
gene 1 21 32 1.67054 0 104 1.67054 1
gene 1 21 33 0.64731 0 105 0.64731 1
gene 1 22 29 -5 0 106 -5 1
gene 1 22 30 -3.23398 0 107 -3.23398 1
gene 1 22 31 -1.24272 0 108 -1.24272 1
gene 1 22 32 -3.14667 0 109 -3.14667 1
gene 1 22 33 -5 0 110 -5 1
gene 1 23 29 -3.27911 0 111 -3.27911 1
gene 1 23 30 -0.588452 0 112 -0.588452 1
gene 1 23 31 -0.247705 0 113 -0.247705 1
gene 1 23 32 -0.786458 0 114 -0.786458 1
gene 1 23 33 -2.1917 0 115 -2.1917 1
gene 1 24 29 0.535805 0 116 0.535805 1
gene 1 24 30 0.349621 0 117 0.349621 1
gene 1 24 31 -1.06655 0 118 -1.06655 1
gene 1 24 32 1.05921 0 119 1.05921 1
gene 1 24 33 -0.875528 0 120 -0.875528 1
gene 1 25 29 -0.605554 0 121 -0.605554 1
gene 1 25 30 -1.09881 0 122 -1.09881 1
gene 1 25 31 0.235393 0 123 0.235393 1
gene 1 25 32 -1.61123 0 124 -1.61123 1
gene 1 25 33 1.47877 0 125 1.47877 1
gene 1 26 29 -0.104363 0 126 -0.104363 1
gene 1 26 30 0.310035 0 127 0.310035 1
gene 1 26 31 -0.933303 0 128 -0.933303 1
gene 1 26 32 -2.06703 0 129 -2.06703 1
gene 1 26 33 0.29218 0 130 0.29218 1
gene 1 27 29 -1.58064 0 131 -1.58064 1
gene 1 27 30 0.157858 0 132 0.157858 1
gene 1 27 31 0.117381 0 133 0.117381 1
gene 1 27 32 2.0286 0 134 2.0286 1
gene 1 27 33 0.281513 0 135 0.281513 1
gene 1 28 29 -0.435912 0 136 -0.435912 1
gene 1 28 30 0.51123 0 137 0.51123 1
gene 1 28 31 -0.394792 0 138 -0.394792 1
gene 1 28 32 0.602116 0 139 0.602116 1
gene 1 28 33 0.0434275 0 140 0.0434275 1
genomeend 3


