/* Organism #69 Fitness: 9275.290000 Time: 0 */
genomestart 69
trait 1 0.100000 0.000000 0.000000 0.000000 0.000000 0.962184 0.512068 0.000000 
node 1 1 1 1
node 2 1 1 1
node 3 1 1 1
node 4 1 1 1
node 5 1 1 1
node 6 1 1 1
node 7 1 1 1
node 8 1 1 1
node 9 1 1 1
node 10 1 1 1
node 11 1 1 1
node 12 1 1 1
node 13 1 1 1
node 14 1 1 1
node 15 1 1 1
node 16 1 1 1
node 17 1 1 1
node 18 1 1 1
node 19 1 1 1
node 20 1 1 1
node 21 1 1 1
node 22 1 1 1
node 23 1 1 1
node 24 1 1 1
node 25 1 1 1
node 26 1 1 1
node 27 1 1 1
node 28 1 1 3
node 29 1 0 2
node 30 1 0 2
node 31 1 0 2
node 32 1 0 2
node 33 1 0 2
gene 1 1 29 2.6422 0 1 2.6422 1
gene 1 1 30 -2.37071 0 2 -2.37071 1
gene 1 1 31 -0.0772741 0 3 -0.0772741 1
gene 1 1 32 2.39822 0 4 2.39822 1
gene 1 1 33 0.670786 0 5 0.670786 1
gene 1 2 29 -5 0 6 -5 1
gene 1 2 30 3.88619 0 7 3.88619 1
gene 1 2 31 -4.48984 0 8 -4.48984 1
gene 1 2 32 0.430656 0 9 0.430656 1
gene 1 2 33 -0.263291 0 10 -0.263291 1
gene 1 3 29 1.29245 0 11 1.29245 1
gene 1 3 30 -0.0286458 0 12 -0.0286458 1
gene 1 3 31 -1.98839 0 13 -1.98839 1
gene 1 3 32 1.28432 0 14 1.28432 1
gene 1 3 33 0.522734 0 15 0.522734 1
gene 1 4 29 0.949269 0 16 0.949269 1
gene 1 4 30 4.41063 0 17 4.41063 1
gene 1 4 31 -0.737357 0 18 -0.737357 1
gene 1 4 32 -1.82934 0 19 -1.82934 1
gene 1 4 33 -0.291947 0 20 -0.291947 1
gene 1 5 29 5 0 21 5 1
gene 1 5 30 2.50797 0 22 2.50797 1
gene 1 5 31 -1.27132 0 23 -1.27132 1
gene 1 5 32 4.35252 0 24 4.35252 1
gene 1 5 33 0.658385 0 25 0.658385 1
gene 1 6 29 -1.05578 0 26 -1.05578 1
gene 1 6 30 -1.05985 0 27 -1.05985 1
gene 1 6 31 -0.177091 0 28 -0.177091 1
gene 1 6 32 -1.5167 0 29 -1.5167 1
gene 1 6 33 -3.7734 0 30 -3.7734 1
gene 1 7 29 5 0 31 5 1
gene 1 7 30 1.01293 0 32 1.01293 1
gene 1 7 31 1.11402 0 33 1.11402 1
gene 1 7 32 -1.90305 0 34 -1.90305 1
gene 1 7 33 2.31873 0 35 2.31873 1
gene 1 8 29 -1.88764 0 36 -1.88764 1
gene 1 8 30 -3.27106 0 37 -3.27106 1
gene 1 8 31 -3.48461 0 38 -3.48461 1
gene 1 8 32 0.301213 0 39 0.301213 1
gene 1 8 33 0.188407 0 40 0.188407 1
gene 1 9 29 -0.639242 0 41 -0.639242 1
gene 1 9 30 2.41892 0 42 2.41892 1
gene 1 9 31 1.40942 0 43 1.40942 1
gene 1 9 32 -0.704518 0 44 -0.704518 1
gene 1 9 33 -0.584797 0 45 -0.584797 1
gene 1 10 29 -0.378287 0 46 -0.378287 1
gene 1 10 30 -2.1429 0 47 -2.1429 1
gene 1 10 31 0.719111 0 48 0.719111 1
gene 1 10 32 -0.639188 0 49 -0.639188 1
gene 1 10 33 -1.01708 0 50 -1.01708 1
gene 1 11 29 -4.57379 0 51 -4.57379 1
gene 1 11 30 1.91721 0 52 1.91721 1
gene 1 11 31 2.31528 0 53 2.31528 1
gene 1 11 32 -0.661547 0 54 -0.661547 1
gene 1 11 33 2.28373 0 55 2.28373 1
gene 1 12 29 -0.00519601 0 56 -0.00519601 1
gene 1 12 30 -1.43738 0 57 -1.43738 1
gene 1 12 31 1.4318 0 58 1.4318 1
gene 1 12 32 -1.78266 0 59 -1.78266 1
gene 1 12 33 -1.96201 0 60 -1.96201 1
gene 1 13 29 -0.125063 0 61 -0.125063 1
gene 1 13 30 -3.78162 0 62 -3.78162 1
gene 1 13 31 0.441849 0 63 0.441849 1
gene 1 13 32 2.2097 0 64 2.2097 1
gene 1 13 33 3.11209 0 65 3.11209 1
gene 1 14 29 -0.714857 0 66 -0.714857 1
gene 1 14 30 -1.51697 0 67 -1.51697 1
gene 1 14 31 0.754364 0 68 0.754364 1
gene 1 14 32 -4.90008 0 69 -4.90008 1
gene 1 14 33 0.242752 0 70 0.242752 1
gene 1 15 29 -0.979005 0 71 -0.979005 1
gene 1 15 30 2.3754 0 72 2.3754 1
gene 1 15 31 -0.619485 0 73 -0.619485 1
gene 1 15 32 2.20975 0 74 2.20975 1
gene 1 15 33 -0.156674 0 75 -0.156674 1
gene 1 16 29 0.323523 0 76 0.323523 1
gene 1 16 30 -1.09967 0 77 -1.09967 1
gene 1 16 31 1.56639 0 78 1.56639 1
gene 1 16 32 4.43997 0 79 4.43997 1
gene 1 16 33 1.75464 0 80 1.75464 1
gene 1 17 29 -4.19599 0 81 -4.19599 1
gene 1 17 30 2.64233 0 82 2.64233 1
gene 1 17 31 3.47478 0 83 3.47478 1
gene 1 17 32 0.208231 0 84 0.208231 1
gene 1 17 33 0.867853 0 85 0.867853 1
gene 1 18 29 -4.60366 0 86 -4.60366 1
gene 1 18 30 4.11298 0 87 4.11298 1
gene 1 18 31 -5 0 88 -5 1
gene 1 18 32 -2.43518 0 89 -2.43518 1
gene 1 18 33 -1.2477 0 90 -1.2477 1
gene 1 19 29 -1.48169 0 91 -1.48169 1
gene 1 19 30 -0.487941 0 92 -0.487941 1
gene 1 19 31 0.00158318 0 93 0.00158318 1
gene 1 19 32 3.78309 0 94 3.78309 1
gene 1 19 33 -4.59558 0 95 -4.59558 1
gene 1 20 29 -0.641607 0 96 -0.641607 1
gene 1 20 30 0.703767 0 97 0.703767 1
gene 1 20 31 0.351898 0 98 0.351898 1
gene 1 20 32 -1.53492 0 99 -1.53492 1
gene 1 20 33 -1.28421 0 100 -1.28421 1
gene 1 21 29 -1.02939 0 101 -1.02939 1
gene 1 21 30 -1.51685 0 102 -1.51685 1
gene 1 21 31 -1.8035 0 103 -1.8035 1
gene 1 21 32 -3.52587 0 104 -3.52587 1
gene 1 21 33 -0.84453 0 105 -0.84453 1
gene 1 22 29 1.45927 0 106 1.45927 1
gene 1 22 30 -1.03458 0 107 -1.03458 1
gene 1 22 31 0.531299 0 108 0.531299 1
gene 1 22 32 1.31436 0 109 1.31436 1
gene 1 22 33 0.0727023 0 110 0.0727023 1
gene 1 23 29 -0.796022 0 111 -0.796022 1
gene 1 23 30 -0.670966 0 112 -0.670966 1
gene 1 23 31 -0.208792 0 113 -0.208792 1
gene 1 23 32 -0.901627 0 114 -0.901627 1
gene 1 23 33 1.62379 0 115 1.62379 1
gene 1 24 29 1.0284 0 116 1.0284 1
gene 1 24 30 0.871044 0 117 0.871044 1
gene 1 24 31 -1.34131 0 118 -1.34131 1
gene 1 24 32 -2.52507 0 119 -2.52507 1
gene 1 24 33 -0.72816 0 120 -0.72816 1
gene 1 25 29 0.330391 0 121 0.330391 1
gene 1 25 30 -0.637183 0 122 -0.637183 1
gene 1 25 31 -1.80133 0 123 -1.80133 1
gene 1 25 32 -0.855647 0 124 -0.855647 1
gene 1 25 33 -0.854416 0 125 -0.854416 1
gene 1 26 29 0.0194519 0 126 0.0194519 1
gene 1 26 30 0.217728 0 127 0.217728 1
gene 1 26 31 -0.221284 0 128 -0.221284 1
gene 1 26 32 -0.655362 0 129 -0.655362 1
gene 1 26 33 3.00377 0 130 3.00377 1
gene 1 27 29 0.148416 0 131 0.148416 1
gene 1 27 30 -0.548404 0 132 -0.548404 1
gene 1 27 31 -0.511001 0 133 -0.511001 1
gene 1 27 32 0.708378 0 134 0.708378 1
gene 1 27 33 -1.38522 0 135 -1.38522 1
gene 1 28 29 0.794325 0 136 0.794325 1
gene 1 28 30 -5 0 137 -5 1
gene 1 28 31 0.384914 0 138 0.384914 1
gene 1 28 32 -1.40263 0 139 -1.40263 1
gene 1 28 33 -0.213389 0 140 -0.213389 1
genomeend 69


