/* Organism #16 Fitness: 8510.228000 Time: 0 */
genomestart 16
trait 1 0.000000 0.000000 0.000000 0.000000 0.000000 0.583971 0.229107 0.142341 
node 1 1 1 1
node 2 1 1 1
node 3 1 1 1
node 4 1 1 1
node 5 1 1 1
node 6 1 1 1
node 7 1 1 1
node 8 1 1 1
node 9 1 1 1
node 10 1 1 1
node 11 1 1 1
node 12 1 1 1
node 13 1 1 1
node 14 1 1 1
node 15 1 1 1
node 16 1 1 1
node 17 1 1 1
node 18 1 1 1
node 19 1 1 1
node 20 1 1 1
node 21 1 1 1
node 22 1 1 1
node 23 1 1 1
node 24 1 1 1
node 25 1 1 1
node 26 1 1 1
node 27 1 1 1
node 28 1 1 3
node 29 1 0 2
node 30 1 0 2
node 31 1 0 2
node 32 1 0 2
node 33 1 0 2
gene 1 1 29 -3.47839 0 1 -3.47839 1
gene 1 1 30 1.02502 0 2 1.02502 1
gene 1 1 31 -4.3299 0 3 -4.3299 1
gene 1 1 32 -4.16052 0 4 -4.16052 1
gene 1 1 33 -4.33656 0 5 -4.33656 1
gene 1 2 29 -1.29693 0 6 -1.29693 1
gene 1 2 30 -0.887359 0 7 -0.887359 1
gene 1 2 31 1.59223 0 8 1.59223 1
gene 1 2 32 2.58001 0 9 2.58001 1
gene 1 2 33 0.124421 0 10 0.124421 1
gene 1 3 29 2.87698 0 11 2.87698 1
gene 1 3 30 3.99255 0 12 3.99255 1
gene 1 3 31 -3.10236 0 13 -3.10236 1
gene 1 3 32 0.333027 0 14 0.333027 1
gene 1 3 33 -0.205045 0 15 -0.205045 1
gene 1 4 29 -0.553677 0 16 -0.553677 1
gene 1 4 30 3.25459 0 17 3.25459 1
gene 1 4 31 3.30703 0 18 3.30703 1
gene 1 4 32 -1.78794 0 19 -1.78794 1
gene 1 4 33 0.0638685 0 20 0.0638685 1
gene 1 5 29 -0.784085 0 21 -0.784085 1
gene 1 5 30 -0.58041 0 22 -0.58041 1
gene 1 5 31 -0.324567 0 23 -0.324567 1
gene 1 5 32 -5 0 24 -5 1
gene 1 5 33 1.51261 0 25 1.51261 1
gene 1 6 29 -0.489462 0 26 -0.489462 1
gene 1 6 30 2.1488 0 27 2.1488 1
gene 1 6 31 -0.957022 0 28 -0.957022 1
gene 1 6 32 3.19163 0 29 3.19163 1
gene 1 6 33 0.388926 0 30 0.388926 1
gene 1 7 29 3.74216 0 31 3.74216 1
gene 1 7 30 -0.17426 0 32 -0.17426 1
gene 1 7 31 0.0606061 0 33 0.0606061 1
gene 1 7 32 -2.89475 0 34 -2.89475 1
gene 1 7 33 -3.87694 0 35 -3.87694 1
gene 1 8 29 -2.50799 0 36 -2.50799 1
gene 1 8 30 -4.26806 0 37 -4.26806 1
gene 1 8 31 0.535336 0 38 0.535336 1
gene 1 8 32 3.21791 0 39 3.21791 1
gene 1 8 33 0.34656 0 40 0.34656 1
gene 1 9 29 1.44628 0 41 1.44628 1
gene 1 9 30 -0.978284 0 42 -0.978284 1
gene 1 9 31 2.93809 0 43 2.93809 1
gene 1 9 32 -4.24726 0 44 -4.24726 1
gene 1 9 33 -4.4599 0 45 -4.4599 1
gene 1 10 29 -2.77605 0 46 -2.77605 1
gene 1 10 30 3.04951 0 47 3.04951 1
gene 1 10 31 -3.46745 0 48 -3.46745 1
gene 1 10 32 -2.44769 0 49 -2.44769 1
gene 1 10 33 -5 0 50 -5 1
gene 1 11 29 -1.74117 0 51 -1.74117 1
gene 1 11 30 2.73776 0 52 2.73776 1
gene 1 11 31 -3.27305 0 53 -3.27305 1
gene 1 11 32 4.32624 0 54 4.32624 1
gene 1 11 33 0.340671 0 55 0.340671 1
gene 1 12 29 3.80069 0 56 3.80069 1
gene 1 12 30 3.04252 0 57 3.04252 1
gene 1 12 31 2.49486 0 58 2.49486 1
gene 1 12 32 2.38483 0 59 2.38483 1
gene 1 12 33 0.730808 0 60 0.730808 1
gene 1 13 29 -2.92115 0 61 -2.92115 1
gene 1 13 30 -0.850466 0 62 -0.850466 1
gene 1 13 31 3.75642 0 63 3.75642 1
gene 1 13 32 -0.864246 0 64 -0.864246 1
gene 1 13 33 -2.83272 0 65 -2.83272 1
gene 1 14 29 1.08221 0 66 1.08221 1
gene 1 14 30 2.57474 0 67 2.57474 1
gene 1 14 31 0.89363 0 68 0.89363 1
gene 1 14 32 -2.18121 0 69 -2.18121 1
gene 1 14 33 -0.406418 0 70 -0.406418 1
gene 1 15 29 -0.998571 0 71 -0.998571 1
gene 1 15 30 1.43375 0 72 1.43375 1
gene 1 15 31 4.5568 0 73 4.5568 1
gene 1 15 32 2.62025 0 74 2.62025 1
gene 1 15 33 -0.450431 0 75 -0.450431 1
gene 1 16 29 -3.09017 0 76 -3.09017 1
gene 1 16 30 -3.39311 0 77 -3.39311 1
gene 1 16 31 -1.14779 0 78 -1.14779 1
gene 1 16 32 4.84495 0 79 4.84495 1
gene 1 16 33 -3.72299 0 80 -3.72299 1
gene 1 17 29 -5 0 81 -5 1
gene 1 17 30 2.24779 0 82 2.24779 1
gene 1 17 31 -0.722073 0 83 -0.722073 1
gene 1 17 32 -0.258895 0 84 -0.258895 1
gene 1 17 33 -3.80075 0 85 -3.80075 1
gene 1 18 29 -5 0 86 -5 1
gene 1 18 30 5 0 87 5 1
gene 1 18 31 1.44696 0 88 1.44696 1
gene 1 18 32 -5 0 89 -5 1
gene 1 18 33 3.07218 0 90 3.07218 1
gene 1 19 29 -4.62974 0 91 -4.62974 1
gene 1 19 30 1.38172 0 92 1.38172 1
gene 1 19 31 1.22489 0 93 1.22489 1
gene 1 19 32 -2.77429 0 94 -2.77429 1
gene 1 19 33 3.90617 0 95 3.90617 1
gene 1 20 29 2.06218 0 96 2.06218 1
gene 1 20 30 -2.90302 0 97 -2.90302 1
gene 1 20 31 -0.336877 0 98 -0.336877 1
gene 1 20 32 -1.68235 0 99 -1.68235 1
gene 1 20 33 3.80844 0 100 3.80844 1
gene 1 21 29 2.77842 0 101 2.77842 1
gene 1 21 30 2.48226 0 102 2.48226 1
gene 1 21 31 5 0 103 5 1
gene 1 21 32 1.19458 0 104 1.19458 1
gene 1 21 33 -5 0 105 -5 1
gene 1 22 29 -0.551251 0 106 -0.551251 1
gene 1 22 30 -3.31094 0 107 -3.31094 1
gene 1 22 31 -0.66626 0 108 -0.66626 1
gene 1 22 32 -0.939355 0 109 -0.939355 1
gene 1 22 33 -0.643264 0 110 -0.643264 1
gene 1 23 29 -0.870686 0 111 -0.870686 1
gene 1 23 30 1.67102 0 112 1.67102 1
gene 1 23 31 2.67367 0 113 2.67367 1
gene 1 23 32 1.02904 0 114 1.02904 1
gene 1 23 33 -0.0319686 0 115 -0.0319686 1
gene 1 24 29 -1.54041 0 116 -1.54041 1
gene 1 24 30 0.647459 0 117 0.647459 1
gene 1 24 31 1.07682 0 118 1.07682 1
gene 1 24 32 -0.784108 0 119 -0.784108 1
gene 1 24 33 -2.00498 0 120 -2.00498 1
gene 1 25 29 -0.0596165 0 121 -0.0596165 1
gene 1 25 30 -0.167129 0 122 -0.167129 1
gene 1 25 31 0.327054 0 123 0.327054 1
gene 1 25 32 0.883156 0 124 0.883156 1
gene 1 25 33 -0.520608 0 125 -0.520608 1
gene 1 26 29 1.71887 0 126 1.71887 1
gene 1 26 30 -0.121844 0 127 -0.121844 1
gene 1 26 31 -0.274786 0 128 -0.274786 1
gene 1 26 32 -0.141734 0 129 -0.141734 1
gene 1 26 33 1.15838 0 130 1.15838 1
gene 1 27 29 0.550482 0 131 0.550482 1
gene 1 27 30 -0.279857 0 132 -0.279857 1
gene 1 27 31 -0.550883 0 133 -0.550883 1
gene 1 27 32 -1.72576 0 134 -1.72576 1
gene 1 27 33 1.43486 0 135 1.43486 1
gene 1 28 29 0.168795 0 136 0.168795 1
gene 1 28 30 -5 0 137 -5 1
gene 1 28 31 -1.54883 0 138 -1.54883 1
gene 1 28 32 0.73542 0 139 0.73542 1
gene 1 28 33 0.918905 0 140 0.918905 1
genomeend 16


