/* Organism #57 Fitness: 8769.580000 Time: 0 */
genomestart 57
trait 1 0.749797 0.670101 0.705155 0.000000 0.833910 0.006324 0.376791 0.000000 
node 1 1 1 1
node 2 1 1 1
node 3 1 1 1
node 4 1 1 1
node 5 1 1 1
node 6 1 1 1
node 7 1 1 1
node 8 1 1 1
node 9 1 1 1
node 10 1 1 1
node 11 1 1 1
node 12 1 1 1
node 13 1 1 1
node 14 1 1 1
node 15 1 1 1
node 16 1 1 1
node 17 1 1 1
node 18 1 1 1
node 19 1 1 1
node 20 1 1 1
node 21 1 1 1
node 22 1 1 1
node 23 1 1 1
node 24 1 1 1
node 25 1 1 1
node 26 1 1 1
node 27 1 1 1
node 28 1 1 3
node 29 1 0 2
node 30 1 0 2
node 31 1 0 2
node 32 1 0 2
node 33 1 0 2
gene 1 1 29 0.830454 0 1 0.830454 1
gene 1 1 30 -0.258113 0 2 -0.258113 1
gene 1 1 31 -4.14027 0 3 -4.14027 1
gene 1 1 32 -1.65583 0 4 -1.65583 1
gene 1 1 33 4.29512 0 5 4.29512 1
gene 1 2 29 -2.88955 0 6 -2.88955 1
gene 1 2 30 3.16104 0 7 3.16104 1
gene 1 2 31 2.05253 0 8 2.05253 1
gene 1 2 32 -3.16923 0 9 -3.16923 1
gene 1 2 33 4.30212 0 10 4.30212 1
gene 1 3 29 -0.930684 0 11 -0.930684 1
gene 1 3 30 2.0169 0 12 2.0169 1
gene 1 3 31 -1.57301 0 13 -1.57301 1
gene 1 3 32 -3.57484 0 14 -3.57484 1
gene 1 3 33 -3.17369 0 15 -3.17369 1
gene 1 4 29 1.05708 0 16 1.05708 1
gene 1 4 30 0.0380647 0 17 0.0380647 1
gene 1 4 31 0.38471 0 18 0.38471 1
gene 1 4 32 -0.313623 0 19 -0.313623 1
gene 1 4 33 -3.11612 0 20 -3.11612 1
gene 1 5 29 4.28668 0 21 4.28668 1
gene 1 5 30 4.75919 0 22 4.75919 1
gene 1 5 31 -0.597973 0 23 -0.597973 1
gene 1 5 32 1.77849 0 24 1.77849 1
gene 1 5 33 4.09927 0 25 4.09927 1
gene 1 6 29 -0.545874 0 26 -0.545874 1
gene 1 6 30 -0.639412 0 27 -0.639412 1
gene 1 6 31 -0.635977 0 28 -0.635977 1
gene 1 6 32 -3.0309 0 29 -3.0309 1
gene 1 6 33 0.992811 0 30 0.992811 1
gene 1 7 29 4.61568 0 31 4.61568 1
gene 1 7 30 -2.84416 0 32 -2.84416 1
gene 1 7 31 2.00629 0 33 2.00629 1
gene 1 7 32 -2.85768 0 34 -2.85768 1
gene 1 7 33 -1.92325 0 35 -1.92325 1
gene 1 8 29 -0.694953 0 36 -0.694953 1
gene 1 8 30 -4.08599 0 37 -4.08599 1
gene 1 8 31 -3.19631 0 38 -3.19631 1
gene 1 8 32 1.45036 0 39 1.45036 1
gene 1 8 33 2.50407 0 40 2.50407 1
gene 1 9 29 3.30146 0 41 3.30146 1
gene 1 9 30 -0.132536 0 42 -0.132536 1
gene 1 9 31 -2.861 0 43 -2.861 1
gene 1 9 32 1.58277 0 44 1.58277 1
gene 1 9 33 3.49685 0 45 3.49685 1
gene 1 10 29 -2.01394 0 46 -2.01394 1
gene 1 10 30 0.00057658 0 47 0.00057658 1
gene 1 10 31 -4.04538 0 48 -4.04538 1
gene 1 10 32 -0.113493 0 49 -0.113493 1
gene 1 10 33 1.96265 0 50 1.96265 1
gene 1 11 29 -0.622134 0 51 -0.622134 1
gene 1 11 30 -1.82863 0 52 -1.82863 1
gene 1 11 31 1.06234 0 53 1.06234 1
gene 1 11 32 0.249975 0 54 0.249975 1
gene 1 11 33 -1.87985 0 55 -1.87985 1
gene 1 12 29 -5 0 56 -5 1
gene 1 12 30 0.508198 0 57 0.508198 1
gene 1 12 31 5 0 58 5 1
gene 1 12 32 0.149758 0 59 0.149758 1
gene 1 12 33 2.48198 0 60 2.48198 1
gene 1 13 29 -3.17392 0 61 -3.17392 1
gene 1 13 30 -0.162364 0 62 -0.162364 1
gene 1 13 31 -3.7719 0 63 -3.7719 1
gene 1 13 32 -1.77212 0 64 -1.77212 1
gene 1 13 33 -1.91432 0 65 -1.91432 1
gene 1 14 29 5 0 66 5 1
gene 1 14 30 -0.314427 0 67 -0.314427 1
gene 1 14 31 -0.755314 0 68 -0.755314 1
gene 1 14 32 1.20118 0 69 1.20118 1
gene 1 14 33 0.720642 0 70 0.720642 1
gene 1 15 29 -0.446862 0 71 -0.446862 1
gene 1 15 30 0.87861 0 72 0.87861 1
gene 1 15 31 5 0 73 5 1
gene 1 15 32 -2.99074 0 74 -2.99074 1
gene 1 15 33 2.09299 0 75 2.09299 1
gene 1 16 29 -1.59542 0 76 -1.59542 1
gene 1 16 30 1.86064 0 77 1.86064 1
gene 1 16 31 2.96679 0 78 2.96679 1
gene 1 16 32 1.48225 0 79 1.48225 1
gene 1 16 33 -3.19463 0 80 -3.19463 1
gene 1 17 29 2.06868 0 81 2.06868 1
gene 1 17 30 -4.42707 0 82 -4.42707 1
gene 1 17 31 -0.111861 0 83 -0.111861 1
gene 1 17 32 -0.495265 0 84 -0.495265 1
gene 1 17 33 -2.36996 0 85 -2.36996 1
gene 1 18 29 5 0 86 5 1
gene 1 18 30 -2.03039 0 87 -2.03039 1
gene 1 18 31 0.310791 0 88 0.310791 1
gene 1 18 32 -3.94407 0 89 -3.94407 1
gene 1 18 33 0.299152 0 90 0.299152 1
gene 1 19 29 0.585788 0 91 0.585788 1
gene 1 19 30 -4.11686 0 92 -4.11686 1
gene 1 19 31 -0.83778 0 93 -0.83778 1
gene 1 19 32 -2.67133 0 94 -2.67133 1
gene 1 19 33 -2.79714 0 95 -2.79714 1
gene 1 20 29 1.35417 0 96 1.35417 1
gene 1 20 30 1.07243 0 97 1.07243 1
gene 1 20 31 0.103801 0 98 0.103801 1
gene 1 20 32 -2.19008 0 99 -2.19008 1
gene 1 20 33 -3.22718 0 100 -3.22718 1
gene 1 21 29 1.41999 0 101 1.41999 1
gene 1 21 30 1.79175 0 102 1.79175 1
gene 1 21 31 -1.34653 0 103 -1.34653 1
gene 1 21 32 0.459256 0 104 0.459256 1
gene 1 21 33 -2.55391 0 105 -2.55391 1
gene 1 22 29 -0.467622 0 106 -0.467622 1
gene 1 22 30 -0.966465 0 107 -0.966465 1
gene 1 22 31 1.10806 0 108 1.10806 1
gene 1 22 32 -1.67692 0 109 -1.67692 1
gene 1 22 33 -4.05046 0 110 -4.05046 1
gene 1 23 29 -4.68022 0 111 -4.68022 1
gene 1 23 30 0.600632 0 112 0.600632 1
gene 1 23 31 0.130611 0 113 0.130611 1
gene 1 23 32 -0.234922 0 114 -0.234922 1
gene 1 23 33 -0.09328 0 115 -0.09328 1
gene 1 24 29 -0.377697 0 116 -0.377697 1
gene 1 24 30 0.332082 0 117 0.332082 1
gene 1 24 31 0.0236761 0 118 0.0236761 1
gene 1 24 32 0.374367 0 119 0.374367 1
gene 1 24 33 -0.463444 0 120 -0.463444 1
gene 1 25 29 -0.922366 0 121 -0.922366 1
gene 1 25 30 1.01343 0 122 1.01343 1
gene 1 25 31 0.180823 0 123 0.180823 1
gene 1 25 32 -2.62275 0 124 -2.62275 1
gene 1 25 33 -0.459181 0 125 -0.459181 1
gene 1 26 29 -0.72945 0 126 -0.72945 1
gene 1 26 30 -1.6155 0 127 -1.6155 1
gene 1 26 31 0.708951 0 128 0.708951 1
gene 1 26 32 0.00729751 0 129 0.00729751 1
gene 1 26 33 -0.183564 0 130 -0.183564 1
gene 1 27 29 2.39734 0 131 2.39734 1
gene 1 27 30 1.36382 0 132 1.36382 1
gene 1 27 31 0.14867 0 133 0.14867 1
gene 1 27 32 -0.705485 0 134 -0.705485 1
gene 1 27 33 -0.371741 0 135 -0.371741 1
gene 1 28 29 -5 0 136 -5 1
gene 1 28 30 0.405115 0 137 0.405115 1
gene 1 28 31 1.04851 0 138 1.04851 1
gene 1 28 32 -1.34055 0 139 -1.34055 1
gene 1 28 33 -2.21138 0 140 -2.21138 1
genomeend 57


