/* Organism #15 Fitness: 33796.898000 Time: 0 */
genomestart 15
trait 1 0.000000 0.000000 0.632574 0.476393 0.957875 0.000000 0.026554 0.025618 
node 1 1 1 1
node 2 1 1 1
node 3 1 1 1
node 4 1 1 1
node 5 1 1 1
node 6 1 1 1
node 7 1 1 1
node 8 1 1 1
node 9 1 1 1
node 10 1 1 1
node 11 1 1 1
node 12 1 1 1
node 13 1 1 1
node 14 1 1 1
node 15 1 1 1
node 16 1 1 1
node 17 1 1 1
node 18 1 1 1
node 19 1 1 1
node 20 1 1 1
node 21 1 1 1
node 22 1 1 1
node 23 1 1 1
node 24 1 1 1
node 25 1 1 1
node 26 1 1 1
node 27 1 1 1
node 28 1 1 1
node 29 1 1 1
node 30 1 1 3
node 31 1 0 2
node 32 1 0 2
node 33 1 0 2
gene 1 1 31 -3.0911 0 1 -3.0911 1
gene 1 1 32 -0.10505 0 2 -0.10505 1
gene 1 1 33 -0.0131313 0 3 -0.0131313 1
gene 1 2 31 -3.26329 0 4 -3.26329 1
gene 1 2 32 -0.854439 0 5 -0.854439 1
gene 1 2 33 2.9738 0 6 2.9738 1
gene 1 3 31 0.89063 0 7 0.89063 1
gene 1 3 32 2.37996 0 8 2.37996 1
gene 1 3 33 -0.896756 0 9 -0.896756 1
gene 1 4 31 -3.11878 0 10 -3.11878 1
gene 1 4 32 2.3598 0 11 2.3598 1
gene 1 4 33 1.1681 0 12 1.1681 1
gene 1 5 31 0.530147 0 13 0.530147 1
gene 1 5 32 -3.19225 0 14 -3.19225 1
gene 1 5 33 1.27074 0 15 1.27074 1
gene 1 6 31 -3.48574 0 16 -3.48574 1
gene 1 6 32 -3.71562 0 17 -3.71562 1
gene 1 6 33 2.13568 0 18 2.13568 1
gene 1 7 31 4.21191 0 19 4.21191 1
gene 1 7 32 -1.60441 0 20 -1.60441 1
gene 1 7 33 0.293435 0 21 0.293435 1
gene 1 8 31 -3.19108 0 22 -3.19108 1
gene 1 8 32 -1.01792 0 23 -1.01792 1
gene 1 8 33 3.01584 0 24 3.01584 1
gene 1 9 31 -0.986507 0 25 -0.986507 1
gene 1 9 32 1.83827 0 26 1.83827 1
gene 1 9 33 -0.643184 0 27 -0.643184 1
gene 1 10 31 -0.979382 0 28 -0.979382 1
gene 1 10 32 -3.27651 0 29 -3.27651 1
gene 1 10 33 1.72778 0 30 1.72778 1
gene 1 11 31 -0.0408327 0 31 -0.0408327 1
gene 1 11 32 1.85132 0 32 1.85132 1
gene 1 11 33 -0.279116 0 33 -0.279116 1
gene 1 12 31 -4.39878 0 34 -4.39878 1
gene 1 12 32 -4.33057 0 35 -4.33057 1
gene 1 12 33 0.605597 0 36 0.605597 1
gene 1 13 31 -0.358732 0 37 -0.358732 1
gene 1 13 32 1.22269 0 38 1.22269 1
gene 1 13 33 1.08975 0 39 1.08975 1
gene 1 14 31 0.567861 0 40 0.567861 1
gene 1 14 32 -0.613398 0 41 -0.613398 1
gene 1 14 33 -0.854645 0 42 -0.854645 1
gene 1 15 31 -1.8612 0 43 -1.8612 1
gene 1 15 32 1.37055 0 44 1.37055 1
gene 1 15 33 -2.55324 0 45 -2.55324 1
gene 1 16 31 -0.819227 0 46 -0.819227 1
gene 1 16 32 1.48351 0 47 1.48351 1
gene 1 16 33 0.234993 0 48 0.234993 1
gene 1 17 31 0.0537627 0 49 0.0537627 1
gene 1 17 32 0.339273 0 50 0.339273 1
gene 1 17 33 -1.74349 0 51 -1.74349 1
gene 1 18 31 -1.30834 0 52 -1.30834 1
gene 1 18 32 -2.54075 0 53 -2.54075 1
gene 1 18 33 1.11367 0 54 1.11367 1
gene 1 19 31 -3.07868 0 55 -3.07868 1
gene 1 19 32 -1.10499 0 56 -1.10499 1
gene 1 19 33 -1.69737 0 57 -1.69737 1
gene 1 20 31 0.705601 0 58 0.705601 1
gene 1 20 32 -0.600001 0 59 -0.600001 1
gene 1 20 33 3.46361 0 60 3.46361 1
gene 1 21 31 -1.34212 0 61 -1.34212 1
gene 1 21 32 -3.27708 0 62 -3.27708 1
gene 1 21 33 -0.6177 0 63 -0.6177 1
gene 1 22 31 2.64309 0 64 2.64309 1
gene 1 22 32 2.8231 0 65 2.8231 1
gene 1 22 33 -3.95748 0 66 -3.95748 1
gene 1 23 31 -1.61767 0 67 -1.61767 1
gene 1 23 32 -3.29444 0 68 -3.29444 1
gene 1 23 33 0.314366 0 69 0.314366 1
gene 1 24 31 -0.486453 0 70 -0.486453 1
gene 1 24 32 1.58327 0 71 1.58327 1
gene 1 24 33 -1.92343 0 72 -1.92343 1
gene 1 25 31 -0.179818 0 73 -0.179818 1
gene 1 25 32 0.593961 0 74 0.593961 1
gene 1 25 33 0.725392 0 75 0.725392 1
gene 1 26 31 0.214834 0 76 0.214834 1
gene 1 26 32 0.509505 0 77 0.509505 1
gene 1 26 33 1.83238 0 78 1.83238 1
gene 1 27 31 0.296651 0 79 0.296651 1
gene 1 27 32 -2.50742 0 80 -2.50742 1
gene 1 27 33 0.585469 0 81 0.585469 1
gene 1 28 31 -0.0575495 0 82 -0.0575495 1
gene 1 28 32 -2.13012 0 83 -2.13012 1
gene 1 28 33 -0.998736 0 84 -0.998736 1
gene 1 29 31 2.25018 0 85 2.25018 1
gene 1 29 32 0.76936 0 86 0.76936 1
gene 1 29 33 -0.151063 0 87 -0.151063 1
gene 1 30 31 0.00609126 0 88 0.00609126 1
gene 1 30 32 0.0316042 0 89 0.0316042 1
gene 1 30 33 -0.960457 0 90 -0.960457 1
genomeend 15


