/* Organism #4 Fitness: 36649.812000 Time: 0 */
genomestart 4
trait 1 0.000000 1.000000 0.000000 1.000000 1.000000 0.000000 0.275285 0.123350 
node 1 1 1 1
node 2 1 1 1
node 3 1 1 1
node 4 1 1 1
node 5 1 1 1
node 6 1 1 1
node 7 1 1 1
node 8 1 1 1
node 9 1 1 1
node 10 1 1 1
node 11 1 1 1
node 12 1 1 1
node 13 1 1 1
node 14 1 1 1
node 15 1 1 1
node 16 1 1 1
node 17 1 1 1
node 18 1 1 1
node 19 1 1 1
node 20 1 1 1
node 21 1 1 1
node 22 1 1 1
node 23 1 1 1
node 24 1 1 1
node 25 1 1 1
node 26 1 1 1
node 27 1 1 1
node 28 1 1 1
node 29 1 1 1
node 30 1 1 3
node 31 1 0 2
node 32 1 0 2
node 33 1 0 2
gene 1 1 31 3.04533 0 1 3.04533 1
gene 1 1 32 -0.214864 0 2 -0.214864 1
gene 1 1 33 3.63415 0 3 3.63415 1
gene 1 2 31 -3.44853 0 4 -3.44853 1
gene 1 2 32 1.84209 0 5 1.84209 1
gene 1 2 33 3.61856 0 6 3.61856 1
gene 1 3 31 -0.467211 0 7 -0.467211 1
gene 1 3 32 -5 0 8 -5 1
gene 1 3 33 -0.0466489 0 9 -0.0466489 1
gene 1 4 31 -3.27556 0 10 -3.27556 1
gene 1 4 32 1.10098 0 11 1.10098 1
gene 1 4 33 3.58734 0 12 3.58734 1
gene 1 5 31 3.96859 0 13 3.96859 1
gene 1 5 32 -3.47743 0 14 -3.47743 1
gene 1 5 33 3.66608 0 15 3.66608 1
gene 1 6 31 -2.3799 0 16 -2.3799 1
gene 1 6 32 2.82237 0 17 2.82237 1
gene 1 6 33 -2.02817 0 18 -2.02817 1
gene 1 7 31 4.24087 0 19 4.24087 1
gene 1 7 32 -3.17252 0 20 -3.17252 1
gene 1 7 33 -1.03099 0 21 -1.03099 1
gene 1 8 31 4.45822 0 22 4.45822 1
gene 1 8 32 -0.342885 0 23 -0.342885 1
gene 1 8 33 3.47837 0 24 3.47837 1
gene 1 9 31 1.95953 0 25 1.95953 1
gene 1 9 32 2.86572 0 26 2.86572 1
gene 1 9 33 -0.51046 0 27 -0.51046 1
gene 1 10 31 -0.444554 0 28 -0.444554 1
gene 1 10 32 -4.55881 0 29 -4.55881 1
gene 1 10 33 -2.1868 0 30 -2.1868 1
gene 1 11 31 -0.619402 0 31 -0.619402 1
gene 1 11 32 -4.87838 0 32 -4.87838 1
gene 1 11 33 -3.38066 0 33 -3.38066 1
gene 1 12 31 0.752544 0 34 0.752544 1
gene 1 12 32 1.22754 0 35 1.22754 1
gene 1 12 33 0.371029 0 36 0.371029 1
gene 1 13 31 0.100781 0 37 0.100781 1
gene 1 13 32 0.855659 0 38 0.855659 1
gene 1 13 33 -0.167151 0 39 -0.167151 1
gene 1 14 31 -1.69041 0 40 -1.69041 1
gene 1 14 32 -1.40248 0 41 -1.40248 1
gene 1 14 33 -1.85307 0 42 -1.85307 1
gene 1 15 31 -2.43478 0 43 -2.43478 1
gene 1 15 32 0.333679 0 44 0.333679 1
gene 1 15 33 0.243823 0 45 0.243823 1
gene 1 16 31 1.10921 0 46 1.10921 1
gene 1 16 32 4.94618 0 47 4.94618 1
gene 1 16 33 5 0 48 5 1
gene 1 17 31 -1.59115 0 49 -1.59115 1
gene 1 17 32 -2.36587 0 50 -2.36587 1
gene 1 17 33 1.2969 0 51 1.2969 1
gene 1 18 31 -0.327469 0 52 -0.327469 1
gene 1 18 32 -0.508051 0 53 -0.508051 1
gene 1 18 33 3.20386 0 54 3.20386 1
gene 1 19 31 -0.337169 0 55 -0.337169 1
gene 1 19 32 -3.44553 0 56 -3.44553 1
gene 1 19 33 -1.49896 0 57 -1.49896 1
gene 1 20 31 -1.30401 0 58 -1.30401 1
gene 1 20 32 -1.83843 0 59 -1.83843 1
gene 1 20 33 1.28953 0 60 1.28953 1
gene 1 21 31 -3.56896 0 61 -3.56896 1
gene 1 21 32 -5 0 62 -5 1
gene 1 21 33 4.54444 0 63 4.54444 1
gene 1 22 31 -2.72333 0 64 -2.72333 1
gene 1 22 32 5 0 65 5 1
gene 1 22 33 4.52273 0 66 4.52273 1
gene 1 23 31 3.45547 0 67 3.45547 1
gene 1 23 32 -0.131461 0 68 -0.131461 1
gene 1 23 33 -1.68252 0 69 -1.68252 1
gene 1 24 31 0.682698 0 70 0.682698 1
gene 1 24 32 2.41351 0 71 2.41351 1
gene 1 24 33 -3.53156 0 72 -3.53156 1
gene 1 25 31 1.22075 0 73 1.22075 1
gene 1 25 32 -0.38525 0 74 -0.38525 1
gene 1 25 33 -0.519386 0 75 -0.519386 1
gene 1 26 31 -2.93461 0 76 -2.93461 1
gene 1 26 32 0.982123 0 77 0.982123 1
gene 1 26 33 2.24375 0 78 2.24375 1
gene 1 27 31 -0.104236 0 79 -0.104236 1
gene 1 27 32 2.2684 0 80 2.2684 1
gene 1 27 33 0.209099 0 81 0.209099 1
gene 1 28 31 1.36505 0 82 1.36505 1
gene 1 28 32 -0.690359 0 83 -0.690359 1
gene 1 28 33 -0.381585 0 84 -0.381585 1
gene 1 29 31 -0.686225 0 85 -0.686225 1
gene 1 29 32 0.768521 0 86 0.768521 1
gene 1 29 33 0.973734 0 87 0.973734 1
gene 1 30 31 -0.0124904 0 88 -0.0124904 1
gene 1 30 32 0.764229 0 89 0.764229 1
gene 1 30 33 0.781079 0 90 0.781079 1
genomeend 4


