/* Organism #58 Fitness: 35863.330000 Time: 0 */
genomestart 58
trait 1 0.000000 0.289808 0.000000 0.000000 0.677654 0.805877 0.000000 0.797967 
node 1 1 1 1
node 2 1 1 1
node 3 1 1 1
node 4 1 1 1
node 5 1 1 1
node 6 1 1 1
node 7 1 1 1
node 8 1 1 1
node 9 1 1 1
node 10 1 1 1
node 11 1 1 1
node 12 1 1 1
node 13 1 1 1
node 14 1 1 1
node 15 1 1 1
node 16 1 1 1
node 17 1 1 1
node 18 1 1 1
node 19 1 1 1
node 20 1 1 1
node 21 1 1 1
node 22 1 1 1
node 23 1 1 1
node 24 1 1 1
node 25 1 1 1
node 26 1 1 1
node 27 1 1 1
node 28 1 1 1
node 29 1 1 1
node 30 1 1 3
node 31 1 0 2
node 32 1 0 2
node 33 1 0 2
gene 1 1 31 4.74189 0 1 4.74189 1
gene 1 1 32 -5 0 2 -5 1
gene 1 1 33 -3.00532 0 3 -3.00532 1
gene 1 2 31 -0.244674 0 4 -0.244674 1
gene 1 2 32 3.72342 0 5 3.72342 1
gene 1 2 33 0.411561 0 6 0.411561 1
gene 1 3 31 0.672403 0 7 0.672403 1
gene 1 3 32 -4.14616 0 8 -4.14616 1
gene 1 3 33 -1.71578 0 9 -1.71578 1
gene 1 4 31 -0.918398 0 10 -0.918398 1
gene 1 4 32 -2.05622 0 11 -2.05622 1
gene 1 4 33 -0.315105 0 12 -0.315105 1
gene 1 5 31 -1.2384 0 13 -1.2384 1
gene 1 5 32 -5 0 14 -5 1
gene 1 5 33 3.49185 0 15 3.49185 1
gene 1 6 31 -0.892222 0 16 -0.892222 1
gene 1 6 32 4.00283 0 17 4.00283 1
gene 1 6 33 0.517456 0 18 0.517456 1
gene 1 7 31 -3.9119 0 19 -3.9119 1
gene 1 7 32 0.135179 0 20 0.135179 1
gene 1 7 33 1.84684 0 21 1.84684 1
gene 1 8 31 -2.26494 0 22 -2.26494 1
gene 1 8 32 4.53164 0 23 4.53164 1
gene 1 8 33 -0.260135 0 24 -0.260135 1
gene 1 9 31 -0.171206 0 25 -0.171206 1
gene 1 9 32 -0.719381 0 26 -0.719381 1
gene 1 9 33 -1.74185 0 27 -1.74185 1
gene 1 10 31 -0.121437 0 28 -0.121437 1
gene 1 10 32 -0.288688 0 29 -0.288688 1
gene 1 10 33 -0.580207 0 30 -0.580207 1
gene 1 11 31 2.85951 0 31 2.85951 1
gene 1 11 32 3.60091 0 32 3.60091 1
gene 1 11 33 0.858288 0 33 0.858288 1
gene 1 12 31 -2.2929 0 34 -2.2929 1
gene 1 12 32 -5 0 35 -5 1
gene 1 12 33 1.81216 0 36 1.81216 1
gene 1 13 31 -3.79583 0 37 -3.79583 1
gene 1 13 32 3.68164 0 38 3.68164 1
gene 1 13 33 4.03852 0 39 4.03852 1
gene 1 14 31 -0.955941 0 40 -0.955941 1
gene 1 14 32 -0.989931 0 41 -0.989931 1
gene 1 14 33 0.715292 0 42 0.715292 1
gene 1 15 31 -0.526738 0 43 -0.526738 1
gene 1 15 32 -0.851361 0 44 -0.851361 1
gene 1 15 33 -0.189772 0 45 -0.189772 1
gene 1 16 31 2.45423 0 46 2.45423 1
gene 1 16 32 -0.0785858 0 47 -0.0785858 1
gene 1 16 33 -0.806186 0 48 -0.806186 1
gene 1 17 31 3.07897 0 49 3.07897 1
gene 1 17 32 1.40265 0 50 1.40265 1
gene 1 17 33 1.85017 0 51 1.85017 1
gene 1 18 31 4.17966 0 52 4.17966 1
gene 1 18 32 -0.666311 0 53 -0.666311 1
gene 1 18 33 0.00237706 0 54 0.00237706 1
gene 1 19 31 3.93928 0 55 3.93928 1
gene 1 19 32 0.859002 0 56 0.859002 1
gene 1 19 33 1.78081 0 57 1.78081 1
gene 1 20 31 1.66521 0 58 1.66521 1
gene 1 20 32 -0.697038 0 59 -0.697038 1
gene 1 20 33 -1.13106 0 60 -1.13106 1
gene 1 21 31 -4.49868 0 61 -4.49868 1
gene 1 21 32 -4.57144 0 62 -4.57144 1
gene 1 21 33 1.82413 0 63 1.82413 1
gene 1 22 31 4.67016 0 64 4.67016 1
gene 1 22 32 1.83918 0 65 1.83918 1
gene 1 22 33 4.02318 0 66 4.02318 1
gene 1 23 31 0.621988 0 67 0.621988 1
gene 1 23 32 -1.17417 0 68 -1.17417 1
gene 1 23 33 -2.53174 0 69 -2.53174 1
gene 1 24 31 1.66977 0 70 1.66977 1
gene 1 24 32 -1.24212 0 71 -1.24212 1
gene 1 24 33 -0.918394 0 72 -0.918394 1
gene 1 25 31 -1.65362 0 73 -1.65362 1
gene 1 25 32 -0.196774 0 74 -0.196774 1
gene 1 25 33 0.356083 0 75 0.356083 1
gene 1 26 31 -0.518015 0 76 -0.518015 1
gene 1 26 32 -0.0423231 0 77 -0.0423231 1
gene 1 26 33 -0.543466 0 78 -0.543466 1
gene 1 27 31 -1.22349 0 79 -1.22349 1
gene 1 27 32 2.38765 0 80 2.38765 1
gene 1 27 33 -0.320323 0 81 -0.320323 1
gene 1 28 31 -0.726371 0 82 -0.726371 1
gene 1 28 32 4.0863 0 83 4.0863 1
gene 1 28 33 1.70362 0 84 1.70362 1
gene 1 29 31 0.917309 0 85 0.917309 1
gene 1 29 32 0.744804 0 86 0.744804 1
gene 1 29 33 -0.423103 0 87 -0.423103 1
gene 1 30 31 0.0498983 0 88 0.0498983 1
gene 1 30 32 1.38504 0 89 1.38504 1
gene 1 30 33 -0.00888039 0 90 -0.00888039 1
genomeend 58


