/* Organism #10 Fitness: 36936.878000 Time: 0 */
genomestart 10
trait 1 1.000000 1.000000 0.000000 0.000000 0.071269 0.979404 0.387511 0.000000 
node 1 1 1 1
node 2 1 1 1
node 3 1 1 1
node 4 1 1 1
node 5 1 1 1
node 6 1 1 1
node 7 1 1 1
node 8 1 1 1
node 9 1 1 1
node 10 1 1 1
node 11 1 1 1
node 12 1 1 1
node 13 1 1 1
node 14 1 1 1
node 15 1 1 1
node 16 1 1 1
node 17 1 1 1
node 18 1 1 1
node 19 1 1 1
node 20 1 1 1
node 21 1 1 1
node 22 1 1 1
node 23 1 1 1
node 24 1 1 1
node 25 1 1 1
node 26 1 1 1
node 27 1 1 1
node 28 1 1 1
node 29 1 1 1
node 30 1 1 3
node 31 1 0 2
node 32 1 0 2
node 33 1 0 2
gene 1 1 31 3.71719 0 1 3.71719 1
gene 1 1 32 -5 0 2 -5 1
gene 1 1 33 1.64362 0 3 1.64362 1
gene 1 2 31 -3.88408 0 4 -3.88408 1
gene 1 2 32 0.903008 0 5 0.903008 1
gene 1 2 33 0.35671 0 6 0.35671 1
gene 1 3 31 3.69759 0 7 3.69759 1
gene 1 3 32 -4.27248 0 8 -4.27248 1
gene 1 3 33 1.34362 0 9 1.34362 1
gene 1 4 31 3.71455 0 10 3.71455 1
gene 1 4 32 -4.13022 0 11 -4.13022 1
gene 1 4 33 3.36985 0 12 3.36985 1
gene 1 5 31 -0.133642 0 13 -0.133642 1
gene 1 5 32 -3.62121 0 14 -3.62121 1
gene 1 5 33 -0.119274 0 15 -0.119274 1
gene 1 6 31 0.0393352 0 16 0.0393352 1
gene 1 6 32 1.85961 0 17 1.85961 1
gene 1 6 33 -5 0 18 -5 1
gene 1 7 31 1.58088 0 19 1.58088 1
gene 1 7 32 -0.368855 0 20 -0.368855 1
gene 1 7 33 0.773248 0 21 0.773248 1
gene 1 8 31 -0.292613 0 22 -0.292613 1
gene 1 8 32 3.79949 0 23 3.79949 1
gene 1 8 33 2.65101 0 24 2.65101 1
gene 1 9 31 2.12288 0 25 2.12288 1
gene 1 9 32 1.92418 0 26 1.92418 1
gene 1 9 33 2.34846 0 27 2.34846 1
gene 1 10 31 0.432088 0 28 0.432088 1
gene 1 10 32 -2.34269 0 29 -2.34269 1
gene 1 10 33 -0.300884 0 30 -0.300884 1
gene 1 11 31 0.0156317 0 31 0.0156317 1
gene 1 11 32 -0.306828 0 32 -0.306828 1
gene 1 11 33 0.159926 0 33 0.159926 1
gene 1 12 31 -3.46901 0 34 -3.46901 1
gene 1 12 32 5 0 35 5 1
gene 1 12 33 -3.29262 0 36 -3.29262 1
gene 1 13 31 -1.20209 0 37 -1.20209 1
gene 1 13 32 -3.99185 0 38 -3.99185 1
gene 1 13 33 -4.58664 0 39 -4.58664 1
gene 1 14 31 1.23564 0 40 1.23564 1
gene 1 14 32 0.968105 0 41 0.968105 1
gene 1 14 33 0.868286 0 42 0.868286 1
gene 1 15 31 -5 0 43 -5 1
gene 1 15 32 -0.116119 0 44 -0.116119 1
gene 1 15 33 1.7843 0 45 1.7843 1
gene 1 16 31 4.49931 0 46 4.49931 1
gene 1 16 32 0.814862 0 47 0.814862 1
gene 1 16 33 0.365695 0 48 0.365695 1
gene 1 17 31 0.901176 0 49 0.901176 1
gene 1 17 32 1.6767 0 50 1.6767 1
gene 1 17 33 2.71281 0 51 2.71281 1
gene 1 18 31 3.28662 0 52 3.28662 1
gene 1 18 32 0.670733 0 53 0.670733 1
gene 1 18 33 0.413838 0 54 0.413838 1
gene 1 19 31 1.795 0 55 1.795 1
gene 1 19 32 -0.619351 0 56 -0.619351 1
gene 1 19 33 2.65184 0 57 2.65184 1
gene 1 20 31 0.673809 0 58 0.673809 1
gene 1 20 32 0.706788 0 59 0.706788 1
gene 1 20 33 1.79036 0 60 1.79036 1
gene 1 21 31 0.655091 0 61 0.655091 1
gene 1 21 32 -2.35028 0 62 -2.35028 1
gene 1 21 33 2.56618 0 63 2.56618 1
gene 1 22 31 -1.74489 0 64 -1.74489 1
gene 1 22 32 1.30519 0 65 1.30519 1
gene 1 22 33 5 0 66 5 1
gene 1 23 31 -0.132368 0 67 -0.132368 1
gene 1 23 32 -1.3635 0 68 -1.3635 1
gene 1 23 33 -1.67224 0 69 -1.67224 1
gene 1 24 31 -2.67163 0 70 -2.67163 1
gene 1 24 32 2.53882 0 71 2.53882 1
gene 1 24 33 -0.535815 0 72 -0.535815 1
gene 1 25 31 0.372428 0 73 0.372428 1
gene 1 25 32 0.829001 0 74 0.829001 1
gene 1 25 33 0.118629 0 75 0.118629 1
gene 1 26 31 -0.614066 0 76 -0.614066 1
gene 1 26 32 0.548712 0 77 0.548712 1
gene 1 26 33 -0.394284 0 78 -0.394284 1
gene 1 27 31 0.731299 0 79 0.731299 1
gene 1 27 32 0.653422 0 80 0.653422 1
gene 1 27 33 0.149448 0 81 0.149448 1
gene 1 28 31 0.0328661 0 82 0.0328661 1
gene 1 28 32 -1.89135 0 83 -1.89135 1
gene 1 28 33 0.89261 0 84 0.89261 1
gene 1 29 31 2.20653 0 85 2.20653 1
gene 1 29 32 -0.405219 0 86 -0.405219 1
gene 1 29 33 0.014714 0 87 0.014714 1
gene 1 30 31 0.159995 0 88 0.159995 1
gene 1 30 32 0.238225 0 89 0.238225 1
gene 1 30 33 1.26362 0 90 1.26362 1
genomeend 10


