/* Organism #3 Fitness: 36198.996000 Time: 0 */
genomestart 3
trait 1 0.000000 0.161064 0.626624 0.000000 0.000117 0.881376 0.000000 0.000000 
node 1 1 1 1
node 2 1 1 1
node 3 1 1 1
node 4 1 1 1
node 5 1 1 1
node 6 1 1 1
node 7 1 1 1
node 8 1 1 1
node 9 1 1 1
node 10 1 1 1
node 11 1 1 1
node 12 1 1 1
node 13 1 1 1
node 14 1 1 1
node 15 1 1 1
node 16 1 1 1
node 17 1 1 1
node 18 1 1 1
node 19 1 1 1
node 20 1 1 1
node 21 1 1 1
node 22 1 1 1
node 23 1 1 1
node 24 1 1 1
node 25 1 1 1
node 26 1 1 1
node 27 1 1 1
node 28 1 1 1
node 29 1 1 1
node 30 1 1 3
node 31 1 0 2
node 32 1 0 2
node 33 1 0 2
gene 1 1 31 0.909404 0 1 0.909404 1
gene 1 1 32 -0.902823 0 2 -0.902823 1
gene 1 1 33 -0.408988 0 3 -0.408988 1
gene 1 2 31 5 0 4 5 1
gene 1 2 32 3.68944 0 5 3.68944 1
gene 1 2 33 2.16003 0 6 2.16003 1
gene 1 3 31 -0.661577 0 7 -0.661577 1
gene 1 3 32 3.34464 0 8 3.34464 1
gene 1 3 33 0.273529 0 9 0.273529 1
gene 1 4 31 -0.758982 0 10 -0.758982 1
gene 1 4 32 -1.17505 0 11 -1.17505 1
gene 1 4 33 1.1211 0 12 1.1211 1
gene 1 5 31 0.261065 0 13 0.261065 1
gene 1 5 32 0.455799 0 14 0.455799 1
gene 1 5 33 -1.72222 0 15 -1.72222 1
gene 1 6 31 -0.947769 0 16 -0.947769 1
gene 1 6 32 -0.0867683 0 17 -0.0867683 1
gene 1 6 33 0.869779 0 18 0.869779 1
gene 1 7 31 -2.86191 0 19 -2.86191 1
gene 1 7 32 -2.05306 0 20 -2.05306 1
gene 1 7 33 1.38963 0 21 1.38963 1
gene 1 8 31 -1.74518 0 22 -1.74518 1
gene 1 8 32 0.494264 0 23 0.494264 1
gene 1 8 33 1.00094 0 24 1.00094 1
gene 1 9 31 -0.684593 0 25 -0.684593 1
gene 1 9 32 1.18366 0 26 1.18366 1
gene 1 9 33 0.510193 0 27 0.510193 1
gene 1 10 31 1.11046 0 28 1.11046 1
gene 1 10 32 -0.586819 0 29 -0.586819 1
gene 1 10 33 -1.43093 0 30 -1.43093 1
gene 1 11 31 -1.55708 0 31 -1.55708 1
gene 1 11 32 -0.313546 0 32 -0.313546 1
gene 1 11 33 -0.0830859 0 33 -0.0830859 1
gene 1 12 31 3.7875 0 34 3.7875 1
gene 1 12 32 4.88396 0 35 4.88396 1
gene 1 12 33 -2.35167 0 36 -2.35167 1
gene 1 13 31 -3.60754 0 37 -3.60754 1
gene 1 13 32 0.447292 0 38 0.447292 1
gene 1 13 33 -1.49064 0 39 -1.49064 1
gene 1 14 31 -1.32363 0 40 -1.32363 1
gene 1 14 32 -0.253145 0 41 -0.253145 1
gene 1 14 33 1.4404 0 42 1.4404 1
gene 1 15 31 0.095264 0 43 0.095264 1
gene 1 15 32 0.0320687 0 44 0.0320687 1
gene 1 15 33 0.154506 0 45 0.154506 1
gene 1 16 31 0.138836 0 46 0.138836 1
gene 1 16 32 -3.86463 0 47 -3.86463 1
gene 1 16 33 3.54061 0 48 3.54061 1
gene 1 17 31 0.592971 0 49 0.592971 1
gene 1 17 32 0.463704 0 50 0.463704 1
gene 1 17 33 -0.575491 0 51 -0.575491 1
gene 1 18 31 1.18674 0 52 1.18674 1
gene 1 18 32 -0.670033 0 53 -0.670033 1
gene 1 18 33 1.53388 0 54 1.53388 1
gene 1 19 31 -1.67597 0 55 -1.67597 1
gene 1 19 32 2.67875 0 56 2.67875 1
gene 1 19 33 -1.64244 0 57 -1.64244 1
gene 1 20 31 -0.15014 0 58 -0.15014 1
gene 1 20 32 -0.0838546 0 59 -0.0838546 1
gene 1 20 33 -1.76458 0 60 -1.76458 1
gene 1 21 31 -0.364888 0 61 -0.364888 1
gene 1 21 32 -4.04204 0 62 -4.04204 1
gene 1 21 33 0.0410578 0 63 0.0410578 1
gene 1 22 31 1.31244 0 64 1.31244 1
gene 1 22 32 -1.22482 0 65 -1.22482 1
gene 1 22 33 -0.278532 0 66 -0.278532 1
gene 1 23 31 1.60047 0 67 1.60047 1
gene 1 23 32 0.808159 0 68 0.808159 1
gene 1 23 33 -1.57905 0 69 -1.57905 1
gene 1 24 31 -4.17648 0 70 -4.17648 1
gene 1 24 32 -0.677843 0 71 -0.677843 1
gene 1 24 33 -5 0 72 -5 1
gene 1 25 31 0.959691 0 73 0.959691 1
gene 1 25 32 -0.0494611 0 74 -0.0494611 1
gene 1 25 33 1.5367 0 75 1.5367 1
gene 1 26 31 -0.805527 0 76 -0.805527 1
gene 1 26 32 0.896308 0 77 0.896308 1
gene 1 26 33 1.6139 0 78 1.6139 1
gene 1 27 31 0.777812 0 79 0.777812 1
gene 1 27 32 0.927662 0 80 0.927662 1
gene 1 27 33 -0.434441 0 81 -0.434441 1
gene 1 28 31 1.92675 0 82 1.92675 1
gene 1 28 32 -0.701163 0 83 -0.701163 1
gene 1 28 33 0.511726 0 84 0.511726 1
gene 1 29 31 0.857867 0 85 0.857867 1
gene 1 29 32 -3.09976 0 86 -3.09976 1
gene 1 29 33 0.207261 0 87 0.207261 1
gene 1 30 31 2.20766 0 88 2.20766 1
gene 1 30 32 1.41963 0 89 1.41963 1
gene 1 30 33 -0.275195 0 90 -0.275195 1
genomeend 3


