/* Organism #52 Fitness: 15812.812000 Time: 0 */
genomestart 52
trait 1 0.762157 0.149164 0.497400 0.642778 0.802211 0.414812 0.000000 1.000000 
node 1 1 1 1
node 2 1 1 1
node 3 1 1 1
node 4 1 1 1
node 5 1 1 1
node 6 1 1 1
node 7 1 1 1
node 8 1 1 1
node 9 1 1 1
node 10 1 1 1
node 11 1 1 1
node 12 1 1 1
node 13 1 1 1
node 14 1 1 1
node 15 1 1 1
node 16 1 1 1
node 17 1 1 1
node 18 1 1 1
node 19 1 1 1
node 20 1 1 1
node 21 1 1 1
node 22 1 1 1
node 23 1 1 1
node 24 1 1 1
node 25 1 1 1
node 26 1 1 1
node 27 1 1 1
node 28 1 1 1
node 29 1 1 1
node 30 1 1 1
node 31 1 1 3
node 32 1 0 2
node 33 1 0 2
node 34 1 0 2
node 35 1 0 0
node 36 1 0 0
node 37 1 0 1
gene 1 1 32 -0.774546 0 1 -0.774546 1
gene 1 1 33 1.9333 0 2 1.9333 1
gene 1 2 32 0.0800702 0 3 0.0800702 1
gene 1 2 33 4.01144 0 4 4.01144 1
gene 1 3 32 1.05605 0 5 1.05605 1
gene 1 3 33 3.51675 0 6 3.51675 1
gene 1 4 32 0.0156637 0 7 0.0156637 1
gene 1 4 33 0.741289 0 8 0.741289 1
gene 1 5 32 -0.00790273 0 9 -0.00790273 1
gene 1 5 33 4.03874 0 10 4.03874 1
gene 1 6 32 0.644788 0 11 0.644788 1
gene 1 6 33 0.0870373 0 12 0.0870373 1
gene 1 7 32 -4.51378 0 13 -4.51378 1
gene 1 7 33 0.950698 0 14 0.950698 1
gene 1 8 32 0.283905 0 15 0.283905 1
gene 1 8 33 -5 0 16 -5 1
gene 1 9 32 -0.983395 0 17 -0.983395 1
gene 1 9 33 -5 0 18 -5 1
gene 1 10 32 1.05047 0 19 1.05047 1
gene 1 10 33 -2.4427 0 20 -2.4427 1
gene 1 11 32 1.39706 0 21 1.39706 1
gene 1 11 33 -1.69564 0 22 -1.69564 1
gene 1 12 32 3.24959 0 23 3.24959 1
gene 1 12 33 1.21053 0 24 1.21053 1
gene 1 13 32 3.10095 0 25 3.10095 1
gene 1 13 33 2.9102 0 26 2.9102 1
gene 1 14 32 -0.840463 0 27 -0.840463 1
gene 1 14 33 4.44945 0 28 4.44945 1
gene 1 15 32 -2.30596 0 29 -2.30596 1
gene 1 15 33 2.58982 0 30 2.58982 1
gene 1 16 32 -1.81734 0 31 -1.81734 1
gene 1 16 33 -3.65276 0 32 -3.65276 1
gene 1 17 32 -2.04931 0 33 -2.04931 1
gene 1 17 33 -3.97503 0 34 -3.97503 1
gene 1 18 32 -2.35254 0 35 -2.35254 1
gene 1 18 33 -1.46117 0 36 -1.46117 1
gene 1 19 32 -4.13145 0 37 -4.13145 1
gene 1 19 33 -1.46666 0 38 -1.46666 1
gene 1 20 32 -4.23206 0 39 -4.23206 1
gene 1 20 33 0.744214 0 40 0.744214 1
gene 1 21 32 4.45221 0 41 4.45221 1
gene 1 21 33 5 0 42 5 1
gene 1 22 32 0.968447 0 43 0.968447 1
gene 1 22 33 2.64344 0 44 2.64344 1
gene 1 23 32 -0.91266 0 45 -0.91266 1
gene 1 23 33 -3.25595 0 46 -3.25595 1
gene 1 24 32 -0.545111 0 47 -0.545111 1
gene 1 24 33 2.24866 0 48 2.24866 1
gene 1 25 32 -2.49939 0 49 -2.49939 1
gene 1 25 33 -0.233992 0 50 -0.233992 1
gene 1 26 32 -0.991876 0 51 -0.991876 1
gene 1 26 33 0.386292 0 52 0.386292 1
gene 1 27 32 0.870213 0 53 0.870213 1
gene 1 27 33 0.349723 0 54 0.349723 1
gene 1 28 32 0.387671 0 55 0.387671 1
gene 1 28 33 -1.60728 0 56 -1.60728 1
gene 1 29 32 2.34532 0 57 2.34532 1
gene 1 29 33 -3.62952 0 58 -3.62952 1
gene 1 30 32 0.17031 0 59 0.17031 1
gene 1 30 33 -0.303064 0 60 -0.303064 1
gene 1 31 32 0.69974 0 61 0.69974 1
gene 1 31 33 -1.21374 0 62 -1.21374 1
gene 1 1 35 0.1763 0 63 0.1763 1
gene 1 1 36 1.7329 0 64 1.7329 1
gene 1 2 35 0.967893 0 65 0.967893 1
gene 1 2 36 0.62741 0 66 0.62741 1
gene 1 3 35 0.781742 0 67 0.781742 1
gene 1 3 36 -2.83515 0 68 -2.83515 1
gene 1 4 35 3.74279 0 69 3.74279 1
gene 1 4 36 1.26208 0 70 1.26208 1
gene 1 5 35 4.78137 0 71 4.78137 1
gene 1 5 36 -3.9176 0 72 -3.9176 1
gene 1 6 35 2.79212 0 73 2.79212 1
gene 1 6 36 0.314772 0 74 0.314772 1
gene 1 7 35 1.37676 0 75 1.37676 1
gene 1 7 36 -0.520317 0 76 -0.520317 1
gene 1 8 35 -1.89754 0 77 -1.89754 1
gene 1 8 36 2.28353 0 78 2.28353 1
gene 1 9 35 2.79447 0 79 2.79447 1
gene 1 9 36 -3.04361 0 80 -3.04361 1
gene 1 10 35 -1.53855 0 81 -1.53855 1
gene 1 10 36 4.59274 0 82 4.59274 1
gene 1 11 35 -0.656123 0 83 -0.656123 1
gene 1 11 36 1.24507 0 84 1.24507 1
gene 1 12 35 -3.15449 0 85 -3.15449 1
gene 1 12 36 1.65353 0 86 1.65353 1
gene 1 13 35 2.24257 0 87 2.24257 1
gene 1 13 36 1.46147 0 88 1.46147 1
gene 1 14 35 0.643206 0 89 0.643206 1
gene 1 14 36 5 0 90 5 1
gene 1 15 35 5 0 91 5 1
gene 1 15 36 -0.959996 0 92 -0.959996 1
gene 1 16 35 -4.50961 0 93 -4.50961 1
gene 1 16 36 -0.412427 0 94 -0.412427 1
gene 1 17 35 -2.6531 0 95 -2.6531 1
gene 1 17 36 2.42111 0 96 2.42111 1
gene 1 18 35 1.37438 0 97 1.37438 1
gene 1 18 36 4.51114 0 98 4.51114 1
gene 1 19 35 2.29475 0 99 2.29475 1
gene 1 19 36 3.15896 0 100 3.15896 1
gene 1 20 35 0.567718 0 101 0.567718 1
gene 1 20 36 -1.45089 0 102 -1.45089 1
gene 1 21 35 -2.65202 0 103 -2.65202 1
gene 1 21 36 0.821052 0 104 0.821052 1
gene 1 22 35 -0.857187 0 105 -0.857187 1
gene 1 22 36 2.19789 0 106 2.19789 1
gene 1 23 35 1.6602 0 107 1.6602 1
gene 1 23 36 -0.328505 0 108 -0.328505 1
gene 1 24 35 -1.14356 0 109 -1.14356 1
gene 1 24 36 0.870386 0 110 0.870386 1
gene 1 25 35 -1.52944 0 111 -1.52944 1
gene 1 25 36 -0.105911 0 112 -0.105911 1
gene 1 26 35 0.0110515 0 113 0.0110515 1
gene 1 26 36 -0.210245 0 114 -0.210245 1
gene 1 27 35 -0.820485 0 115 -0.820485 1
gene 1 27 36 0.553005 0 116 0.553005 1
gene 1 28 35 0.100286 0 117 0.100286 1
gene 1 28 36 0.61987 0 118 0.61987 1
gene 1 29 35 -1.29028 0 119 -1.29028 1
gene 1 29 36 -0.578012 0 120 -0.578012 1
gene 1 30 35 -0.00169855 0 121 -0.00169855 1
gene 1 30 36 1.44089 0 122 1.44089 1
gene 1 31 35 -0.0889879 0 123 -0.0889879 1
gene 1 31 36 1.6104 0 124 1.6104 1
gene 1 35 32 1.33087 0 125 1.33087 1
gene 1 35 33 0.570961 0 126 0.570961 1
gene 1 35 34 0.922447 0 127 0.922447 1
gene 1 36 32 -1.88214 0 128 -1.88214 1
gene 1 36 33 -0.205648 0 129 -0.205648 1
gene 1 36 34 -1.49036 0 130 -1.49036 1
gene 1 35 35 -0.611473 1 131 -0.611473 1
gene 1 36 36 -0.665185 1 132 -0.665185 1
gene 1 34 37 0.860459 1 133 0.860459 1
gene 1 37 32 -3.56358 0 134 -3.56358 1
gene 1 37 33 0.574172 0 135 0.574172 1
gene 1 37 34 -2.36186 0 136 -2.36186 1
genomeend 52


