/* Organism #24 Fitness: 13870.818000 Time: 0 */
genomestart 24
trait 1 1.000000 0.000000 1.000000 0.000000 0.040128 0.729979 0.007530 0.851548 
node 1 1 1 1
node 2 1 1 1
node 3 1 1 1
node 4 1 1 1
node 5 1 1 1
node 6 1 1 1
node 7 1 1 1
node 8 1 1 1
node 9 1 1 1
node 10 1 1 1
node 11 1 1 1
node 12 1 1 1
node 13 1 1 1
node 14 1 1 1
node 15 1 1 1
node 16 1 1 1
node 17 1 1 1
node 18 1 1 1
node 19 1 1 1
node 20 1 1 1
node 21 1 1 1
node 22 1 1 1
node 23 1 1 1
node 24 1 1 1
node 25 1 1 1
node 26 1 1 1
node 27 1 1 1
node 28 1 1 1
node 29 1 1 1
node 30 1 1 1
node 31 1 1 3
node 32 1 0 2
node 33 1 0 2
node 34 1 0 2
node 35 1 0 0
node 36 1 0 0
node 37 1 0 1
gene 1 1 32 -0.979123 0 1 -0.979123 1
gene 1 1 33 -3.94048 0 2 -3.94048 1
gene 1 2 32 1.69324 0 3 1.69324 1
gene 1 2 33 1.08419 0 4 1.08419 1
gene 1 3 32 -2.23151 0 5 -2.23151 1
gene 1 3 33 0.82345 0 6 0.82345 1
gene 1 4 32 0.00214675 0 7 0.00214675 1
gene 1 4 33 0.222051 0 8 0.222051 1
gene 1 5 32 0.410852 0 9 0.410852 1
gene 1 5 33 1.88423 0 10 1.88423 1
gene 1 6 32 -0.401253 0 11 -0.401253 1
gene 1 6 33 4.76734 0 12 4.76734 1
gene 1 7 32 4.57038 0 13 4.57038 1
gene 1 7 33 -1.64309 0 14 -1.64309 1
gene 1 8 32 -1.4442 0 15 -1.4442 1
gene 1 8 33 -4.79307 0 16 -4.79307 1
gene 1 9 32 -4.07816 0 17 -4.07816 1
gene 1 9 33 2.34913 0 18 2.34913 1
gene 1 10 32 -2.04271 0 19 -2.04271 1
gene 1 10 33 -4.533 0 20 -4.533 1
gene 1 11 32 -3.2238 0 21 -3.2238 1
gene 1 11 33 -1.83682 0 22 -1.83682 1
gene 1 12 32 2.21364 0 23 2.21364 1
gene 1 12 33 3.39179 0 24 3.39179 1
gene 1 13 32 4.58675 0 25 4.58675 1
gene 1 13 33 1.72236 0 26 1.72236 1
gene 1 14 32 -2.31524 0 27 -2.31524 1
gene 1 14 33 -1.55741 0 28 -1.55741 1
gene 1 15 32 -4.99028 0 29 -4.99028 1
gene 1 15 33 -0.300184 0 30 -0.300184 1
gene 1 16 32 -1.33928 0 31 -1.33928 1
gene 1 16 33 -3.53983 0 32 -3.53983 1
gene 1 17 32 3.71171 0 33 3.71171 1
gene 1 17 33 2.51094 0 34 2.51094 1
gene 1 18 32 2.64585 0 35 2.64585 1
gene 1 18 33 -3.28343 0 36 -3.28343 1
gene 1 19 32 1.20219 0 37 1.20219 1
gene 1 19 33 0.297822 0 38 0.297822 1
gene 1 20 32 3.47781 0 39 3.47781 1
gene 1 20 33 -3.64419 0 40 -3.64419 1
gene 1 21 32 2.58149 0 41 2.58149 1
gene 1 21 33 -1.61256 0 42 -1.61256 1
gene 1 22 32 -0.482679 0 43 -0.482679 1
gene 1 22 33 2.76035 0 44 2.76035 1
gene 1 23 32 1.7913 0 45 1.7913 1
gene 1 23 33 -2.54402 0 46 -2.54402 1
gene 1 24 32 0.0786937 0 47 0.0786937 1
gene 1 24 33 -2.6556 0 48 -2.6556 1
gene 1 25 32 -3.50802 0 49 -3.50802 1
gene 1 25 33 -0.835961 0 50 -0.835961 1
gene 1 26 32 1.01263 0 51 1.01263 1
gene 1 26 33 -0.527205 0 52 -0.527205 1
gene 1 27 32 -1.55456 0 53 -1.55456 1
gene 1 27 33 0.870064 0 54 0.870064 1
gene 1 28 32 0.691434 0 55 0.691434 1
gene 1 28 33 -2.18846 0 56 -2.18846 1
gene 1 29 32 3.53412 0 57 3.53412 1
gene 1 29 33 -0.0133918 0 58 -0.0133918 1
gene 1 30 32 -0.84092 0 59 -0.84092 1
gene 1 30 33 -4.2756 0 60 -4.2756 1
gene 1 31 32 1.34658 0 61 1.34658 1
gene 1 31 33 1.27331 0 62 1.27331 1
gene 1 1 35 0.674336 0 63 0.674336 1
gene 1 1 36 3.10734 0 64 3.10734 1
gene 1 2 35 -5 0 65 -5 1
gene 1 2 36 2.38551 0 66 2.38551 1
gene 1 3 35 2.6081 0 67 2.6081 1
gene 1 3 36 0.654822 0 68 0.654822 1
gene 1 4 35 1.48886 0 69 1.48886 1
gene 1 4 36 0.728053 0 70 0.728053 1
gene 1 5 35 2.39818 0 71 2.39818 1
gene 1 5 36 -2.81143 0 72 -2.81143 1
gene 1 6 35 0.468769 0 73 0.468769 1
gene 1 6 36 2.21031 0 74 2.21031 1
gene 1 7 35 -4.51219 0 75 -4.51219 1
gene 1 7 36 2.28677 0 76 2.28677 1
gene 1 8 35 -1.68756 0 77 -1.68756 1
gene 1 8 36 0.287478 0 78 0.287478 1
gene 1 9 35 0.946297 0 79 0.946297 1
gene 1 9 36 -0.271347 0 80 -0.271347 1
gene 1 10 35 0.499914 0 81 0.499914 1
gene 1 10 36 -3.09636 0 82 -3.09636 1
gene 1 11 35 -0.881757 0 83 -0.881757 1
gene 1 11 36 2.49315 0 84 2.49315 1
gene 1 12 35 0.692394 0 85 0.692394 1
gene 1 12 36 -0.8843 0 86 -0.8843 1
gene 1 13 35 4.68851 0 87 4.68851 1
gene 1 13 36 -3.63893 0 88 -3.63893 1
gene 1 14 35 -1.59106 0 89 -1.59106 1
gene 1 14 36 1.95144 0 90 1.95144 1
gene 1 15 35 0.630092 0 91 0.630092 1
gene 1 15 36 -0.858041 0 92 -0.858041 1
gene 1 16 35 -1.67861 0 93 -1.67861 1
gene 1 16 36 2.41644 0 94 2.41644 1
gene 1 17 35 1.776 0 95 1.776 1
gene 1 17 36 -1.12578 0 96 -1.12578 1
gene 1 18 35 -1.24271 0 97 -1.24271 1
gene 1 18 36 1.74245 0 98 1.74245 1
gene 1 19 35 -2.28176 0 99 -2.28176 1
gene 1 19 36 -2.45353 0 100 -2.45353 1
gene 1 20 35 -2.63175 0 101 -2.63175 1
gene 1 20 36 0.483477 0 102 0.483477 1
gene 1 21 35 -0.188245 0 103 -0.188245 1
gene 1 21 36 -1.44898 0 104 -1.44898 1
gene 1 22 35 -4.29021 0 105 -4.29021 1
gene 1 22 36 1.01542 0 106 1.01542 1
gene 1 23 35 0.21526 0 107 0.21526 1
gene 1 23 36 -1.6169 0 108 -1.6169 1
gene 1 24 35 -0.424263 0 109 -0.424263 1
gene 1 24 36 0.58777 0 110 0.58777 1
gene 1 25 35 1.6327 0 111 1.6327 1
gene 1 25 36 0.67393 0 112 0.67393 1
gene 1 26 35 -0.106012 0 113 -0.106012 1
gene 1 26 36 1.47135 0 114 1.47135 1
gene 1 27 35 0.950589 0 115 0.950589 1
gene 1 27 36 -2.16252 0 116 -2.16252 1
gene 1 28 35 0.347431 0 117 0.347431 1
gene 1 28 36 0.803049 0 118 0.803049 1
gene 1 29 35 0.184707 0 119 0.184707 1
gene 1 29 36 0.251358 0 120 0.251358 1
gene 1 30 35 3.56589 0 121 3.56589 1
gene 1 30 36 0.761058 0 122 0.761058 1
gene 1 31 35 1.33948 0 123 1.33948 1
gene 1 31 36 0.331154 0 124 0.331154 1
gene 1 35 32 0.298321 0 125 0.298321 1
gene 1 35 33 -0.125102 0 126 -0.125102 1
gene 1 35 34 1.62065 0 127 1.62065 1
gene 1 36 32 -0.142429 0 128 -0.142429 1
gene 1 36 33 -2.0061 0 129 -2.0061 1
gene 1 36 34 -0.379241 0 130 -0.379241 1
gene 1 35 35 -0.226023 1 131 -0.226023 1
gene 1 36 36 -0.51706 1 132 -0.51706 1
gene 1 34 37 0.0841127 1 133 0.0841127 1
gene 1 37 32 -0.831097 0 134 -0.831097 1
gene 1 37 33 0.940249 0 135 0.940249 1
gene 1 37 34 0.996066 0 136 0.996066 1
genomeend 24


