/* Organism #11 Fitness: 15136.918000 Time: 0 */
genomestart 11
trait 1 1.000000 0.000000 0.840498 0.403598 0.000000 0.601753 1.000000 0.000000 
node 1 1 1 1
node 2 1 1 1
node 3 1 1 1
node 4 1 1 1
node 5 1 1 1
node 6 1 1 1
node 7 1 1 1
node 8 1 1 1
node 9 1 1 1
node 10 1 1 1
node 11 1 1 1
node 12 1 1 1
node 13 1 1 1
node 14 1 1 1
node 15 1 1 1
node 16 1 1 1
node 17 1 1 1
node 18 1 1 1
node 19 1 1 1
node 20 1 1 1
node 21 1 1 1
node 22 1 1 1
node 23 1 1 1
node 24 1 1 1
node 25 1 1 1
node 26 1 1 1
node 27 1 1 1
node 28 1 1 1
node 29 1 1 1
node 30 1 1 1
node 31 1 1 3
node 32 1 0 2
node 33 1 0 2
node 34 1 0 2
node 35 1 0 0
node 36 1 0 0
node 37 1 0 1
gene 1 1 32 -4.3778 0 1 -4.3778 1
gene 1 1 33 -0.631328 0 2 -0.631328 1
gene 1 2 32 1.76788 0 3 1.76788 1
gene 1 2 33 -0.649057 0 4 -0.649057 1
gene 1 3 32 2.03342 0 5 2.03342 1
gene 1 3 33 -1.45365 0 6 -1.45365 1
gene 1 4 32 2.58903 0 7 2.58903 1
gene 1 4 33 -1.94762 0 8 -1.94762 1
gene 1 5 32 4.69777 0 9 4.69777 1
gene 1 5 33 -1.68438 0 10 -1.68438 1
gene 1 6 32 2.69251 0 11 2.69251 1
gene 1 6 33 0.946597 0 12 0.946597 1
gene 1 7 32 -0.574771 0 13 -0.574771 1
gene 1 7 33 -2.6303 0 14 -2.6303 1
gene 1 8 32 1.41596 0 15 1.41596 1
gene 1 8 33 -0.265623 0 16 -0.265623 1
gene 1 9 32 5 0 17 5 1
gene 1 9 33 -4.81658 0 18 -4.81658 1
gene 1 10 32 3.49372 0 19 3.49372 1
gene 1 10 33 0.848756 0 20 0.848756 1
gene 1 11 32 0.0025161 0 21 0.0025161 1
gene 1 11 33 -2.09592 0 22 -2.09592 1
gene 1 12 32 -3.11218 0 23 -3.11218 1
gene 1 12 33 1.60757 0 24 1.60757 1
gene 1 13 32 -1.76221 0 25 -1.76221 1
gene 1 13 33 4.29415 0 26 4.29415 1
gene 1 14 32 4.68436 0 27 4.68436 1
gene 1 14 33 3.49203 0 28 3.49203 1
gene 1 15 32 -3.6422 0 29 -3.6422 1
gene 1 15 33 1.89533 0 30 1.89533 1
gene 1 16 32 2.88941 0 31 2.88941 1
gene 1 16 33 -0.54587 0 32 -0.54587 1
gene 1 17 32 -0.761917 0 33 -0.761917 1
gene 1 17 33 4.58492 0 34 4.58492 1
gene 1 18 32 -0.179707 0 35 -0.179707 1
gene 1 18 33 -3.67313 0 36 -3.67313 1
gene 1 19 32 -3.65817 0 37 -3.65817 1
gene 1 19 33 -4.59478 0 38 -4.59478 1
gene 1 20 32 0.390024 0 39 0.390024 1
gene 1 20 33 -0.541769 0 40 -0.541769 1
gene 1 21 32 2.92848 0 41 2.92848 1
gene 1 21 33 -1.01754 0 42 -1.01754 1
gene 1 22 32 -3.92255 0 43 -3.92255 1
gene 1 22 33 -0.949416 0 44 -0.949416 1
gene 1 23 32 -1.70533 0 45 -1.70533 1
gene 1 23 33 -2.60739 0 46 -2.60739 1
gene 1 24 32 -0.196444 0 47 -0.196444 1
gene 1 24 33 1.37424 0 48 1.37424 1
gene 1 25 32 -0.770934 0 49 -0.770934 1
gene 1 25 33 0.690229 0 50 0.690229 1
gene 1 26 32 -0.121129 0 51 -0.121129 1
gene 1 26 33 -0.942975 0 52 -0.942975 1
gene 1 27 32 -1.37946 0 53 -1.37946 1
gene 1 27 33 -1.69763 0 54 -1.69763 1
gene 1 28 32 -4.23496 0 55 -4.23496 1
gene 1 28 33 -1.21681 0 56 -1.21681 1
gene 1 29 32 -3.25238 0 57 -3.25238 1
gene 1 29 33 -3.18103 0 58 -3.18103 1
gene 1 30 32 1.17213 0 59 1.17213 1
gene 1 30 33 -0.0680341 0 60 -0.0680341 1
gene 1 31 32 5 0 61 5 1
gene 1 31 33 -3.83762 0 62 -3.83762 1
gene 1 1 35 0.173026 0 63 0.173026 1
gene 1 1 36 -0.912471 0 64 -0.912471 1
gene 1 2 35 0.56355 0 65 0.56355 1
gene 1 2 36 0.163153 0 66 0.163153 1
gene 1 3 35 2.25611 0 67 2.25611 1
gene 1 3 36 -1.81192 0 68 -1.81192 1
gene 1 4 35 -1.98097 0 69 -1.98097 1
gene 1 4 36 0.914324 0 70 0.914324 1
gene 1 5 35 -2.56889 0 71 -2.56889 1
gene 1 5 36 -1.28131 0 72 -1.28131 1
gene 1 6 35 -0.49044 0 73 -0.49044 1
gene 1 6 36 -2.18425 0 74 -2.18425 1
gene 1 7 35 0.556548 0 75 0.556548 1
gene 1 7 36 0.0434416 0 76 0.0434416 1
gene 1 8 35 -0.0798984 0 77 -0.0798984 1
gene 1 8 36 1.99824 0 78 1.99824 1
gene 1 9 35 -2.63742 0 79 -2.63742 1
gene 1 9 36 -1.23099 0 80 -1.23099 1
gene 1 10 35 2.593 0 81 2.593 1
gene 1 10 36 3.79462 0 82 3.79462 1
gene 1 11 35 -1.18597 0 83 -1.18597 1
gene 1 11 36 1.98848 0 84 1.98848 1
gene 1 12 35 -1.38665 0 85 -1.38665 1
gene 1 12 36 3.788 0 86 3.788 1
gene 1 13 35 -2.20598 0 87 -2.20598 1
gene 1 13 36 0.801737 0 88 0.801737 1
gene 1 14 35 3.23497 0 89 3.23497 1
gene 1 14 36 4.99473 0 90 4.99473 1
gene 1 15 35 -3.08956 0 91 -3.08956 1
gene 1 15 36 1.25903 0 92 1.25903 1
gene 1 16 35 -1.65463 0 93 -1.65463 1
gene 1 16 36 0.743895 0 94 0.743895 1
gene 1 17 35 -3.2686 0 95 -3.2686 1
gene 1 17 36 2.51844 0 96 2.51844 1
gene 1 18 35 -3.33492 0 97 -3.33492 1
gene 1 18 36 -1.17866 0 98 -1.17866 1
gene 1 19 35 -3.5073 0 99 -3.5073 1
gene 1 19 36 -4.10415 0 100 -4.10415 1
gene 1 20 35 1.49947 0 101 1.49947 1
gene 1 20 36 1.05283 0 102 1.05283 1
gene 1 21 35 0.796008 0 103 0.796008 1
gene 1 21 36 1.09205 0 104 1.09205 1
gene 1 22 35 1.05719 0 105 1.05719 1
gene 1 22 36 -2.94365 0 106 -2.94365 1
gene 1 23 35 0.847757 0 107 0.847757 1
gene 1 23 36 -0.101294 0 108 -0.101294 1
gene 1 24 35 3.3297 0 109 3.3297 1
gene 1 24 36 -0.631755 0 110 -0.631755 1
gene 1 25 35 0.204839 0 111 0.204839 1
gene 1 25 36 -0.93301 0 112 -0.93301 1
gene 1 26 35 -2.28529 0 113 -2.28529 1
gene 1 26 36 -0.614405 0 114 -0.614405 1
gene 1 27 35 -0.155633 0 115 -0.155633 1
gene 1 27 36 1.20261 0 116 1.20261 1
gene 1 28 35 1.70776 0 117 1.70776 1
gene 1 28 36 -0.478686 0 118 -0.478686 1
gene 1 29 35 1.47822 0 119 1.47822 1
gene 1 29 36 2.30465 0 120 2.30465 1
gene 1 30 35 0.526938 0 121 0.526938 1
gene 1 30 36 -0.712315 0 122 -0.712315 1
gene 1 31 35 1.01318 0 123 1.01318 1
gene 1 31 36 -0.571502 0 124 -0.571502 1
gene 1 35 32 -1.88063 0 125 -1.88063 1
gene 1 35 33 1.19768 0 126 1.19768 1
gene 1 35 34 -0.385419 0 127 -0.385419 1
gene 1 36 32 -0.278045 0 128 -0.278045 1
gene 1 36 33 0.696318 0 129 0.696318 1
gene 1 36 34 -0.0217931 0 130 -0.0217931 1
gene 1 35 35 -0.577952 1 131 -0.577952 1
gene 1 36 36 0.457145 1 132 0.457145 1
gene 1 34 37 -0.303714 1 133 -0.303714 1
gene 1 37 32 0.0652884 0 134 0.0652884 1
gene 1 37 33 1.09712 0 135 1.09712 1
gene 1 37 34 -0.697526 0 136 -0.697526 1
genomeend 11


