/* Organism #3 Fitness: 15116.820000 Time: 0 */
genomestart 3
trait 1 0.210399 0.007190 0.964193 0.103045 0.273029 0.000000 0.000000 0.000000 
node 1 1 1 1
node 2 1 1 1
node 3 1 1 1
node 4 1 1 1
node 5 1 1 1
node 6 1 1 1
node 7 1 1 1
node 8 1 1 1
node 9 1 1 1
node 10 1 1 1
node 11 1 1 1
node 12 1 1 1
node 13 1 1 1
node 14 1 1 1
node 15 1 1 1
node 16 1 1 1
node 17 1 1 1
node 18 1 1 1
node 19 1 1 1
node 20 1 1 1
node 21 1 1 1
node 22 1 1 1
node 23 1 1 1
node 24 1 1 1
node 25 1 1 1
node 26 1 1 1
node 27 1 1 1
node 28 1 1 1
node 29 1 1 1
node 30 1 1 1
node 31 1 1 3
node 32 1 0 2
node 33 1 0 2
node 34 1 0 2
node 35 1 0 0
node 36 1 0 0
node 37 1 0 1
gene 1 1 32 -3.7477 0 1 -3.7477 1
gene 1 1 33 0.844305 0 2 0.844305 1
gene 1 2 32 -0.213701 0 3 -0.213701 1
gene 1 2 33 -2.9374 0 4 -2.9374 1
gene 1 3 32 0.22377 0 5 0.22377 1
gene 1 3 33 -0.793959 0 6 -0.793959 1
gene 1 4 32 -0.3606 0 7 -0.3606 1
gene 1 4 33 0.252999 0 8 0.252999 1
gene 1 5 32 0.565385 0 9 0.565385 1
gene 1 5 33 0.222365 0 10 0.222365 1
gene 1 6 32 2.4505 0 11 2.4505 1
gene 1 6 33 -0.0567055 0 12 -0.0567055 1
gene 1 7 32 -0.74224 0 13 -0.74224 1
gene 1 7 33 -0.0471748 0 14 -0.0471748 1
gene 1 8 32 -1.92091 0 15 -1.92091 1
gene 1 8 33 -1.18178 0 16 -1.18178 1
gene 1 9 32 -2.49353 0 17 -2.49353 1
gene 1 9 33 3.01924 0 18 3.01924 1
gene 1 10 32 -1.28774 0 19 -1.28774 1
gene 1 10 33 2.42173 0 20 2.42173 1
gene 1 11 32 -1.95948 0 21 -1.95948 1
gene 1 11 33 0.167569 0 22 0.167569 1
gene 1 12 32 3.59753 0 23 3.59753 1
gene 1 12 33 1.86997 0 24 1.86997 1
gene 1 13 32 3.96361 0 25 3.96361 1
gene 1 13 33 -4.08854 0 26 -4.08854 1
gene 1 14 32 -1.98564 0 27 -1.98564 1
gene 1 14 33 -2.64862 0 28 -2.64862 1
gene 1 15 32 0.857902 0 29 0.857902 1
gene 1 15 33 1.44557 0 30 1.44557 1
gene 1 16 32 0.986029 0 31 0.986029 1
gene 1 16 33 4.6499 0 32 4.6499 1
gene 1 17 32 1.28553 0 33 1.28553 1
gene 1 17 33 -0.644464 0 34 -0.644464 1
gene 1 18 32 2.92971 0 35 2.92971 1
gene 1 18 33 0.749935 0 36 0.749935 1
gene 1 19 32 1.10351 0 37 1.10351 1
gene 1 19 33 4.79674 0 38 4.79674 1
gene 1 20 32 -0.210547 0 39 -0.210547 1
gene 1 20 33 0.237445 0 40 0.237445 1
gene 1 21 32 -1.56503 0 41 -1.56503 1
gene 1 21 33 -3.62449 0 42 -3.62449 1
gene 1 22 32 1.67027 0 43 1.67027 1
gene 1 22 33 -0.979107 0 44 -0.979107 1
gene 1 23 32 -0.514057 0 45 -0.514057 1
gene 1 23 33 2.57205 0 46 2.57205 1
gene 1 24 32 2.68272 0 47 2.68272 1
gene 1 24 33 0.0675427 0 48 0.0675427 1
gene 1 25 32 1.75379 0 49 1.75379 1
gene 1 25 33 2.31388 0 50 2.31388 1
gene 1 26 32 0.545101 0 51 0.545101 1
gene 1 26 33 0.901147 0 52 0.901147 1
gene 1 27 32 1.78049 0 53 1.78049 1
gene 1 27 33 0.252542 0 54 0.252542 1
gene 1 28 32 0.381072 0 55 0.381072 1
gene 1 28 33 -3.25468 0 56 -3.25468 1
gene 1 29 32 0.955777 0 57 0.955777 1
gene 1 29 33 -0.0352977 0 58 -0.0352977 1
gene 1 30 32 -3.28673 0 59 -3.28673 1
gene 1 30 33 -4.50423 0 60 -4.50423 1
gene 1 31 32 0.52205 0 61 0.52205 1
gene 1 31 33 0.951521 0 62 0.951521 1
gene 1 1 35 4.17367 0 63 4.17367 1
gene 1 1 36 4.57789 0 64 4.57789 1
gene 1 2 35 2.58847 0 65 2.58847 1
gene 1 2 36 5 0 66 5 1
gene 1 3 35 2.46156 0 67 2.46156 1
gene 1 3 36 1.12543 0 68 1.12543 1
gene 1 4 35 -1.25786 0 69 -1.25786 1
gene 1 4 36 0.338172 0 70 0.338172 1
gene 1 5 35 2.50825 0 71 2.50825 1
gene 1 5 36 2.0142 0 72 2.0142 1
gene 1 6 35 2.08116 0 73 2.08116 1
gene 1 6 36 -4.47187 0 74 -4.47187 1
gene 1 7 35 0.352487 0 75 0.352487 1
gene 1 7 36 -1.13828 0 76 -1.13828 1
gene 1 8 35 -2.22931 0 77 -2.22931 1
gene 1 8 36 -1.94698 0 78 -1.94698 1
gene 1 9 35 3.84416 0 79 3.84416 1
gene 1 9 36 4.60967 0 80 4.60967 1
gene 1 10 35 -2.81895 0 81 -2.81895 1
gene 1 10 36 -3.46542 0 82 -3.46542 1
gene 1 11 35 1.47098 0 83 1.47098 1
gene 1 11 36 -0.0802522 0 84 -0.0802522 1
gene 1 12 35 -4.62868 0 85 -4.62868 1
gene 1 12 36 -1.38394 0 86 -1.38394 1
gene 1 13 35 0.327545 0 87 0.327545 1
gene 1 13 36 2.86744 0 88 2.86744 1
gene 1 14 35 -1.26562 0 89 -1.26562 1
gene 1 14 36 3.50483 0 90 3.50483 1
gene 1 15 35 1.85627 0 91 1.85627 1
gene 1 15 36 -0.235102 0 92 -0.235102 1
gene 1 16 35 2.01767 0 93 2.01767 1
gene 1 16 36 2.80454 0 94 2.80454 1
gene 1 17 35 3.12735 0 95 3.12735 1
gene 1 17 36 5 0 96 5 1
gene 1 18 35 -2.10487 0 97 -2.10487 1
gene 1 18 36 1.45276 0 98 1.45276 1
gene 1 19 35 1.88031 0 99 1.88031 1
gene 1 19 36 -0.0445804 0 100 -0.0445804 1
gene 1 20 35 1.15796 0 101 1.15796 1
gene 1 20 36 2.57354 0 102 2.57354 1
gene 1 21 35 -2.03099 0 103 -2.03099 1
gene 1 21 36 -3.87069 0 104 -3.87069 1
gene 1 22 35 -1.71272 0 105 -1.71272 1
gene 1 22 36 -0.758605 0 106 -0.758605 1
gene 1 23 35 4.04301 0 107 4.04301 1
gene 1 23 36 -1.72124 0 108 -1.72124 1
gene 1 24 35 3.64655 0 109 3.64655 1
gene 1 24 36 0.811538 0 110 0.811538 1
gene 1 25 35 0.210497 0 111 0.210497 1
gene 1 25 36 2.20148 0 112 2.20148 1
gene 1 26 35 0.514636 0 113 0.514636 1
gene 1 26 36 -0.0355281 0 114 -0.0355281 1
gene 1 27 35 0.890134 0 115 0.890134 1
gene 1 27 36 1.92087 0 116 1.92087 1
gene 1 28 35 -0.950416 0 117 -0.950416 1
gene 1 28 36 2.07826 0 118 2.07826 1
gene 1 29 35 -0.650501 0 119 -0.650501 1
gene 1 29 36 0.596897 0 120 0.596897 1
gene 1 30 35 -0.32197 0 121 -0.32197 1
gene 1 30 36 -0.866026 0 122 -0.866026 1
gene 1 31 35 0.000121304 0 123 0.000121304 1
gene 1 31 36 1.28964 0 124 1.28964 1
gene 1 35 32 -0.474663 0 125 -0.474663 1
gene 1 35 33 -0.428871 0 126 -0.428871 1
gene 1 35 34 -1.1258 0 127 -1.1258 1
gene 1 36 32 0.562339 0 128 0.562339 1
gene 1 36 33 -0.446792 0 129 -0.446792 1
gene 1 36 34 1.12237 0 130 1.12237 1
gene 1 35 35 0.6783 1 131 0.6783 1
gene 1 36 36 0.184116 1 132 0.184116 1
gene 1 34 37 0.298564 1 133 0.298564 1
gene 1 37 32 0.0523775 0 134 0.0523775 1
gene 1 37 33 -0.219841 0 135 -0.219841 1
gene 1 37 34 -2.43725 0 136 -2.43725 1
genomeend 3


