/* Organism #92 Fitness: 14423.560000 Time: 0 */
genomestart 92
trait 1 0.000000 0.515463 0.000000 0.000000 0.965186 0.000000 0.000000 0.697373 
node 1 1 1 1
node 2 1 1 1
node 3 1 1 1
node 4 1 1 1
node 5 1 1 1
node 6 1 1 1
node 7 1 1 1
node 8 1 1 1
node 9 1 1 1
node 10 1 1 1
node 11 1 1 1
node 12 1 1 1
node 13 1 1 1
node 14 1 1 1
node 15 1 1 1
node 16 1 1 1
node 17 1 1 1
node 18 1 1 1
node 19 1 1 1
node 20 1 1 1
node 21 1 1 1
node 22 1 1 1
node 23 1 1 1
node 24 1 1 1
node 25 1 1 1
node 26 1 1 1
node 27 1 1 1
node 28 1 1 1
node 29 1 1 1
node 30 1 1 1
node 31 1 1 3
node 32 1 0 2
node 33 1 0 2
node 34 1 0 2
node 35 1 0 0
node 36 1 0 0
node 37 1 0 1
gene 1 1 32 1.65279 0 1 1.65279 1
gene 1 1 33 -3.79065 0 2 -3.79065 1
gene 1 2 32 -1.02219 0 3 -1.02219 1
gene 1 2 33 3.1859 0 4 3.1859 1
gene 1 3 32 0.430905 0 5 0.430905 1
gene 1 3 33 0.558505 0 6 0.558505 1
gene 1 4 32 4.31071 0 7 4.31071 1
gene 1 4 33 2.14517 0 8 2.14517 1
gene 1 5 32 2.99328 0 9 2.99328 1
gene 1 5 33 -0.138685 0 10 -0.138685 1
gene 1 6 32 1.77569 0 11 1.77569 1
gene 1 6 33 -5 0 12 -5 1
gene 1 7 32 -3.05929 0 13 -3.05929 1
gene 1 7 33 3.63053 0 14 3.63053 1
gene 1 8 32 -3.53138 0 15 -3.53138 1
gene 1 8 33 -1.43185 0 16 -1.43185 1
gene 1 9 32 -3.41307 0 17 -3.41307 1
gene 1 9 33 4.50046 0 18 4.50046 1
gene 1 10 32 -5 0 19 -5 1
gene 1 10 33 1.83923 0 20 1.83923 1
gene 1 11 32 2.34634 0 21 2.34634 1
gene 1 11 33 0.19737 0 22 0.19737 1
gene 1 12 32 -2.72652 0 23 -2.72652 1
gene 1 12 33 4.09878 0 24 4.09878 1
gene 1 13 32 4.23965 0 25 4.23965 1
gene 1 13 33 -1.37889 0 26 -1.37889 1
gene 1 14 32 2.35787 0 27 2.35787 1
gene 1 14 33 1.73089 0 28 1.73089 1
gene 1 15 32 2.20432 0 29 2.20432 1
gene 1 15 33 -3.38364 0 30 -3.38364 1
gene 1 16 32 -4.3665 0 31 -4.3665 1
gene 1 16 33 2.01473 0 32 2.01473 1
gene 1 17 32 3.31756 0 33 3.31756 1
gene 1 17 33 3.28836 0 34 3.28836 1
gene 1 18 32 2.57504 0 35 2.57504 1
gene 1 18 33 -1.07158 0 36 -1.07158 1
gene 1 19 32 -1.24793 0 37 -1.24793 1
gene 1 19 33 2.90834 0 38 2.90834 1
gene 1 20 32 -2.51159 0 39 -2.51159 1
gene 1 20 33 5 0 40 5 1
gene 1 21 32 2.94863 0 41 2.94863 1
gene 1 21 33 -1.07457 0 42 -1.07457 1
gene 1 22 32 -2.95309 0 43 -2.95309 1
gene 1 22 33 -1.49623 0 44 -1.49623 1
gene 1 23 32 -4.5946 0 45 -4.5946 1
gene 1 23 33 5 0 46 5 1
gene 1 24 32 2.24313 0 47 2.24313 1
gene 1 24 33 -3.45957 0 48 -3.45957 1
gene 1 25 32 1.11096 0 49 1.11096 1
gene 1 25 33 -1.65035 0 50 -1.65035 1
gene 1 26 32 -2.20478 0 51 -2.20478 1
gene 1 26 33 -1.50106 0 52 -1.50106 1
gene 1 27 32 -2.80936 0 53 -2.80936 1
gene 1 27 33 -2.4278 0 54 -2.4278 1
gene 1 28 32 0.582486 0 55 0.582486 1
gene 1 28 33 0.497354 0 56 0.497354 1
gene 1 29 32 -0.550778 0 57 -0.550778 1
gene 1 29 33 0.668998 0 58 0.668998 1
gene 1 30 32 -3.43533 0 59 -3.43533 1
gene 1 30 33 -4.3404 0 60 -4.3404 1
gene 1 31 32 2.88188 0 61 2.88188 1
gene 1 31 33 2.38443 0 62 2.38443 1
gene 1 1 35 -0.238245 0 63 -0.238245 1
gene 1 1 36 2.05287 0 64 2.05287 1
gene 1 2 35 -1.19312 0 65 -1.19312 1
gene 1 2 36 -3.29077 0 66 -3.29077 1
gene 1 3 35 -0.517002 0 67 -0.517002 1
gene 1 3 36 -2.30111 0 68 -2.30111 1
gene 1 4 35 0.663474 0 69 0.663474 1
gene 1 4 36 -0.344999 0 70 -0.344999 1
gene 1 5 35 -3.5149 0 71 -3.5149 1
gene 1 5 36 2.40822 0 72 2.40822 1
gene 1 6 35 1.30821 0 73 1.30821 1
gene 1 6 36 -2.7792 0 74 -2.7792 1
gene 1 7 35 0.591261 0 75 0.591261 1
gene 1 7 36 -4.83295 0 76 -4.83295 1
gene 1 8 35 0.335143 0 77 0.335143 1
gene 1 8 36 -2.44913 0 78 -2.44913 1
gene 1 9 35 0.447723 0 79 0.447723 1
gene 1 9 36 1.2677 0 80 1.2677 1
gene 1 10 35 0.47553 0 81 0.47553 1
gene 1 10 36 0.410815 0 82 0.410815 1
gene 1 11 35 -0.952117 0 83 -0.952117 1
gene 1 11 36 0.332432 0 84 0.332432 1
gene 1 12 35 1.98731 0 85 1.98731 1
gene 1 12 36 -1.70018 0 86 -1.70018 1
gene 1 13 35 -5 0 87 -5 1
gene 1 13 36 -0.0330023 0 88 -0.0330023 1
gene 1 14 35 -0.198306 0 89 -0.198306 1
gene 1 14 36 -0.153903 0 90 -0.153903 1
gene 1 15 35 4.02457 0 91 4.02457 1
gene 1 15 36 0.714437 0 92 0.714437 1
gene 1 16 35 3.01992 0 93 3.01992 1
gene 1 16 36 4.47622 0 94 4.47622 1
gene 1 17 35 -1.94656 0 95 -1.94656 1
gene 1 17 36 -2.98439 0 96 -2.98439 1
gene 1 18 35 -2.11702 0 97 -2.11702 1
gene 1 18 36 3.16362 0 98 3.16362 1
gene 1 19 35 -2.39298 0 99 -2.39298 1
gene 1 19 36 -3.53656 0 100 -3.53656 1
gene 1 20 35 3.54256 0 101 3.54256 1
gene 1 20 36 -0.196981 0 102 -0.196981 1
gene 1 21 35 1.3047 0 103 1.3047 1
gene 1 21 36 3.77393 0 104 3.77393 1
gene 1 22 35 -0.225953 0 105 -0.225953 1
gene 1 22 36 -0.0073919 0 106 -0.0073919 1
gene 1 23 35 4.60209 0 107 4.60209 1
gene 1 23 36 -4.26289 0 108 -4.26289 1
gene 1 24 35 -0.343507 0 109 -0.343507 1
gene 1 24 36 -2.98067 0 110 -2.98067 1
gene 1 25 35 -1.59826 0 111 -1.59826 1
gene 1 25 36 1.25475 0 112 1.25475 1
gene 1 26 35 -0.0234651 0 113 -0.0234651 1
gene 1 26 36 3.7207 0 114 3.7207 1
gene 1 27 35 3.59253 0 115 3.59253 1
gene 1 27 36 2.04432 0 116 2.04432 1
gene 1 28 35 0.444865 0 117 0.444865 1
gene 1 28 36 1.61723 0 118 1.61723 1
gene 1 29 35 0.669132 0 119 0.669132 1
gene 1 29 36 -0.135618 0 120 -0.135618 1
gene 1 30 35 -1.2177 0 121 -1.2177 1
gene 1 30 36 0.844046 0 122 0.844046 1
gene 1 31 35 0.489134 0 123 0.489134 1
gene 1 31 36 0.222983 0 124 0.222983 1
gene 1 35 32 0.438401 0 125 0.438401 1
gene 1 35 33 -0.746491 0 126 -0.746491 1
gene 1 35 34 -0.994735 0 127 -0.994735 1
gene 1 36 32 0.545317 0 128 0.545317 1
gene 1 36 33 1.08408 0 129 1.08408 1
gene 1 36 34 -0.322162 0 130 -0.322162 1
gene 1 35 35 0.766879 1 131 0.766879 1
gene 1 36 36 1.10943 1 132 1.10943 1
gene 1 34 37 1.02052 1 133 1.02052 1
gene 1 37 32 0.47283 0 134 0.47283 1
gene 1 37 33 0.213393 0 135 0.213393 1
gene 1 37 34 1.77949 0 136 1.77949 1
genomeend 92


