/* Organism #3 Fitness: 16443.110000 Time: 0 */
genomestart 3
trait 1 0.000000 0.873592 0.801364 0.000000 0.000000 0.000000 0.000000 0.000000 
node 1 1 1 1
node 2 1 1 1
node 3 1 1 1
node 4 1 1 1
node 5 1 1 1
node 6 1 1 1
node 7 1 1 1
node 8 1 1 1
node 9 1 1 1
node 10 1 1 1
node 11 1 1 1
node 12 1 1 1
node 13 1 1 1
node 14 1 1 1
node 15 1 1 1
node 16 1 1 1
node 17 1 1 1
node 18 1 1 1
node 19 1 1 1
node 20 1 1 1
node 21 1 1 1
node 22 1 1 1
node 23 1 1 1
node 24 1 1 1
node 25 1 1 1
node 26 1 1 1
node 27 1 1 1
node 28 1 1 1
node 29 1 1 1
node 30 1 1 1
node 31 1 1 3
node 32 1 0 2
node 33 1 0 2
node 34 1 0 2
node 35 1 0 0
node 36 1 0 0
node 37 1 0 1
gene 1 1 32 -3.44933 0 1 -3.44933 1
gene 1 1 33 -1.07903 0 2 -1.07903 1
gene 1 2 32 0.883407 0 3 0.883407 1
gene 1 2 33 3.11068 0 4 3.11068 1
gene 1 3 32 0.397604 0 5 0.397604 1
gene 1 3 33 -2.07521 0 6 -2.07521 1
gene 1 4 32 1.6229 0 7 1.6229 1
gene 1 4 33 1.48523 0 8 1.48523 1
gene 1 5 32 0.736624 0 9 0.736624 1
gene 1 5 33 1.53384 0 10 1.53384 1
gene 1 6 32 1.56873 0 11 1.56873 1
gene 1 6 33 -0.230974 0 12 -0.230974 1
gene 1 7 32 4.74082 0 13 4.74082 1
gene 1 7 33 -1.35005 0 14 -1.35005 1
gene 1 8 32 2.50184 0 15 2.50184 1
gene 1 8 33 0.645221 0 16 0.645221 1
gene 1 9 32 -2.12887 0 17 -2.12887 1
gene 1 9 33 0.0640857 0 18 0.0640857 1
gene 1 10 32 0.137822 0 19 0.137822 1
gene 1 10 33 0.168604 0 20 0.168604 1
gene 1 11 32 4.0241 0 21 4.0241 1
gene 1 11 33 0.608752 0 22 0.608752 1
gene 1 12 32 1.85625 0 23 1.85625 1
gene 1 12 33 -0.192585 0 24 -0.192585 1
gene 1 13 32 1.46802 0 25 1.46802 1
gene 1 13 33 -0.419505 0 26 -0.419505 1
gene 1 14 32 -1.06438 0 27 -1.06438 1
gene 1 14 33 0.0707973 0 28 0.0707973 1
gene 1 15 32 -2.9548 0 29 -2.9548 1
gene 1 15 33 1.55878 0 30 1.55878 1
gene 1 16 32 -5 0 31 -5 1
gene 1 16 33 0.39441 0 32 0.39441 1
gene 1 17 32 -3.51401 0 33 -3.51401 1
gene 1 17 33 0.257161 0 34 0.257161 1
gene 1 18 32 -1.91836 0 35 -1.91836 1
gene 1 18 33 -4.27768 0 36 -4.27768 1
gene 1 19 32 0.344558 0 37 0.344558 1
gene 1 19 33 -5 0 38 -5 1
gene 1 20 32 0.278159 0 39 0.278159 1
gene 1 20 33 0.18415 0 40 0.18415 1
gene 1 21 32 1.85374 0 41 1.85374 1
gene 1 21 33 0.533949 0 42 0.533949 1
gene 1 22 32 -2.89225 0 43 -2.89225 1
gene 1 22 33 1.07112 0 44 1.07112 1
gene 1 23 32 -1.52106 0 45 -1.52106 1
gene 1 23 33 0.39058 0 46 0.39058 1
gene 1 24 32 4.46032 0 47 4.46032 1
gene 1 24 33 0.410126 0 48 0.410126 1
gene 1 25 32 0.0765328 0 49 0.0765328 1
gene 1 25 33 3.19964 0 50 3.19964 1
gene 1 26 32 1.70762 0 51 1.70762 1
gene 1 26 33 -1.18315 0 52 -1.18315 1
gene 1 27 32 3.17961 0 53 3.17961 1
gene 1 27 33 -1.71455 0 54 -1.71455 1
gene 1 28 32 -3.23438 0 55 -3.23438 1
gene 1 28 33 1.56422 0 56 1.56422 1
gene 1 29 32 -0.248996 0 57 -0.248996 1
gene 1 29 33 2.90948 0 58 2.90948 1
gene 1 30 32 -1.00899 0 59 -1.00899 1
gene 1 30 33 -4.04459 0 60 -4.04459 1
gene 1 31 32 2.11568 0 61 2.11568 1
gene 1 31 33 -0.342266 0 62 -0.342266 1
gene 1 1 35 -1.35821 0 63 -1.35821 1
gene 1 1 36 -1.51455 0 64 -1.51455 1
gene 1 2 35 4.36643 0 65 4.36643 1
gene 1 2 36 -2.76825 0 66 -2.76825 1
gene 1 3 35 0.5894 0 67 0.5894 1
gene 1 3 36 1.15077 0 68 1.15077 1
gene 1 4 35 0.423401 0 69 0.423401 1
gene 1 4 36 1.31609 0 70 1.31609 1
gene 1 5 35 0.891205 0 71 0.891205 1
gene 1 5 36 -1.55572 0 72 -1.55572 1
gene 1 6 35 0.324676 0 73 0.324676 1
gene 1 6 36 -2.27031 0 74 -2.27031 1
gene 1 7 35 0.0507237 0 75 0.0507237 1
gene 1 7 36 3.2823 0 76 3.2823 1
gene 1 8 35 -0.191851 0 77 -0.191851 1
gene 1 8 36 -2.9165 0 78 -2.9165 1
gene 1 9 35 2.37128 0 79 2.37128 1
gene 1 9 36 -0.847943 0 80 -0.847943 1
gene 1 10 35 -2.23016 0 81 -2.23016 1
gene 1 10 36 -0.279886 0 82 -0.279886 1
gene 1 11 35 -3.34676 0 83 -3.34676 1
gene 1 11 36 -2.55549 0 84 -2.55549 1
gene 1 12 35 2.98655 0 85 2.98655 1
gene 1 12 36 -2.69729 0 86 -2.69729 1
gene 1 13 35 -4.17219 0 87 -4.17219 1
gene 1 13 36 -0.838221 0 88 -0.838221 1
gene 1 14 35 -0.287143 0 89 -0.287143 1
gene 1 14 36 0.46085 0 90 0.46085 1
gene 1 15 35 -3.29234 0 91 -3.29234 1
gene 1 15 36 -2.88882 0 92 -2.88882 1
gene 1 16 35 -1.13983 0 93 -1.13983 1
gene 1 16 36 2.70874 0 94 2.70874 1
gene 1 17 35 -1.78574 0 95 -1.78574 1
gene 1 17 36 -0.301345 0 96 -0.301345 1
gene 1 18 35 4.7253 0 97 4.7253 1
gene 1 18 36 -1.15557 0 98 -1.15557 1
gene 1 19 35 1.15158 0 99 1.15158 1
gene 1 19 36 -2.54004 0 100 -2.54004 1
gene 1 20 35 1.04391 0 101 1.04391 1
gene 1 20 36 -0.946751 0 102 -0.946751 1
gene 1 21 35 -0.906937 0 103 -0.906937 1
gene 1 21 36 -0.419293 0 104 -0.419293 1
gene 1 22 35 0.926533 0 105 0.926533 1
gene 1 22 36 1.0864 0 106 1.0864 1
gene 1 23 35 3.14579 0 107 3.14579 1
gene 1 23 36 -1.05715 0 108 -1.05715 1
gene 1 24 35 -1.99588 0 109 -1.99588 1
gene 1 24 36 -1.6682 0 110 -1.6682 1
gene 1 25 35 -0.378447 0 111 -0.378447 1
gene 1 25 36 1.38991 0 112 1.38991 1
gene 1 26 35 1.74055 0 113 1.74055 1
gene 1 26 36 -0.889662 0 114 -0.889662 1
gene 1 27 35 0.198447 0 115 0.198447 1
gene 1 27 36 -0.0185732 0 116 -0.0185732 1
gene 1 28 35 0.437074 0 117 0.437074 1
gene 1 28 36 0.458481 0 118 0.458481 1
gene 1 29 35 -0.608972 0 119 -0.608972 1
gene 1 29 36 1.68841 0 120 1.68841 1
gene 1 30 35 1.10566 0 121 1.10566 1
gene 1 30 36 0.124686 0 122 0.124686 1
gene 1 31 35 -0.450753 0 123 -0.450753 1
gene 1 31 36 2.00662 0 124 2.00662 1
gene 1 35 32 -0.0736251 0 125 -0.0736251 1
gene 1 35 33 0.281092 0 126 0.281092 1
gene 1 35 34 -0.916902 0 127 -0.916902 1
gene 1 36 32 -1.44996 0 128 -1.44996 1
gene 1 36 33 -1.8098 0 129 -1.8098 1
gene 1 36 34 -1.47573 0 130 -1.47573 1
gene 1 35 35 -0.281541 1 131 -0.281541 1
gene 1 36 36 0.0289852 1 132 0.0289852 1
gene 1 34 37 -0.484888 1 133 -0.484888 1
gene 1 37 32 2.68375 0 134 2.68375 1
gene 1 37 33 0.299412 0 135 0.299412 1
gene 1 37 34 0.0312586 0 136 0.0312586 1
genomeend 3


