/* Organism #9 Fitness: 15975.396000 Time: 0 */
genomestart 9
trait 1 0.390294 0.846087 0.656133 0.291856 0.000000 0.000000 0.796505 0.362026 
node 1 1 1 1
node 2 1 1 1
node 3 1 1 1
node 4 1 1 1
node 5 1 1 1
node 6 1 1 1
node 7 1 1 1
node 8 1 1 1
node 9 1 1 1
node 10 1 1 1
node 11 1 1 1
node 12 1 1 1
node 13 1 1 1
node 14 1 1 1
node 15 1 1 1
node 16 1 1 1
node 17 1 1 1
node 18 1 1 1
node 19 1 1 1
node 20 1 1 1
node 21 1 1 1
node 22 1 1 1
node 23 1 1 1
node 24 1 1 1
node 25 1 1 1
node 26 1 1 1
node 27 1 1 1
node 28 1 1 1
node 29 1 1 1
node 30 1 1 1
node 31 1 1 3
node 32 1 0 2
node 33 1 0 2
node 34 1 0 2
node 35 1 0 0
node 36 1 0 0
node 37 1 0 1
gene 1 1 32 -1.11795 0 1 -1.11795 1
gene 1 1 33 -2.97909 0 2 -2.97909 1
gene 1 2 32 -0.629933 0 3 -0.629933 1
gene 1 2 33 5 0 4 5 1
gene 1 3 32 1.26525 0 5 1.26525 1
gene 1 3 33 -1.83327 0 6 -1.83327 1
gene 1 4 32 4.1538 0 7 4.1538 1
gene 1 4 33 -0.482199 0 8 -0.482199 1
gene 1 5 32 1.46965 0 9 1.46965 1
gene 1 5 33 -1.57851 0 10 -1.57851 1
gene 1 6 32 3.15244 0 11 3.15244 1
gene 1 6 33 -4.59891 0 12 -4.59891 1
gene 1 7 32 2.4526 0 13 2.4526 1
gene 1 7 33 2.26991 0 14 2.26991 1
gene 1 8 32 -4.23304 0 15 -4.23304 1
gene 1 8 33 -0.663772 0 16 -0.663772 1
gene 1 9 32 -4.17306 0 17 -4.17306 1
gene 1 9 33 -3.85368 0 18 -3.85368 1
gene 1 10 32 -0.859149 0 19 -0.859149 1
gene 1 10 33 -5 0 20 -5 1
gene 1 11 32 2.17745 0 21 2.17745 1
gene 1 11 33 0.903926 0 22 0.903926 1
gene 1 12 32 0.430808 0 23 0.430808 1
gene 1 12 33 -0.195247 0 24 -0.195247 1
gene 1 13 32 2.36427 0 25 2.36427 1
gene 1 13 33 -0.315746 0 26 -0.315746 1
gene 1 14 32 -4.93718 0 27 -4.93718 1
gene 1 14 33 -0.397549 0 28 -0.397549 1
gene 1 15 32 -3.82137 0 29 -3.82137 1
gene 1 15 33 -2.64271 0 30 -2.64271 1
gene 1 16 32 -1.20976 0 31 -1.20976 1
gene 1 16 33 -4.15326 0 32 -4.15326 1
gene 1 17 32 -0.0124942 0 33 -0.0124942 1
gene 1 17 33 -4.6611 0 34 -4.6611 1
gene 1 18 32 -2.0879 0 35 -2.0879 1
gene 1 18 33 -0.838303 0 36 -0.838303 1
gene 1 19 32 -1.36839 0 37 -1.36839 1
gene 1 19 33 2.26493 0 38 2.26493 1
gene 1 20 32 1.19789 0 39 1.19789 1
gene 1 20 33 -0.947538 0 40 -0.947538 1
gene 1 21 32 0.391134 0 41 0.391134 1
gene 1 21 33 -1.32081 0 42 -1.32081 1
gene 1 22 32 -1.38563 0 43 -1.38563 1
gene 1 22 33 0.146523 0 44 0.146523 1
gene 1 23 32 0.887641 0 45 0.887641 1
gene 1 23 33 -1.54438 0 46 -1.54438 1
gene 1 24 32 1.91956 0 47 1.91956 1
gene 1 24 33 0.0795309 0 48 0.0795309 1
gene 1 25 32 0.817325 0 49 0.817325 1
gene 1 25 33 0.800722 0 50 0.800722 1
gene 1 26 32 2.82865 0 51 2.82865 1
gene 1 26 33 -3.10155 0 52 -3.10155 1
gene 1 27 32 0.260704 0 53 0.260704 1
gene 1 27 33 1.51899 0 54 1.51899 1
gene 1 28 32 -3.48065 0 55 -3.48065 1
gene 1 28 33 -0.542776 0 56 -0.542776 1
gene 1 29 32 -0.183349 0 57 -0.183349 1
gene 1 29 33 -0.87214 0 58 -0.87214 1
gene 1 30 32 0.310641 0 59 0.310641 1
gene 1 30 33 -0.213155 0 60 -0.213155 1
gene 1 31 32 -3.24597 0 61 -3.24597 1
gene 1 31 33 -0.771664 0 62 -0.771664 1
gene 1 1 35 -0.383514 0 63 -0.383514 1
gene 1 1 36 -0.206142 0 64 -0.206142 1
gene 1 2 35 -2.04169 0 65 -2.04169 1
gene 1 2 36 2.46534 0 66 2.46534 1
gene 1 3 35 4.74267 0 67 4.74267 1
gene 1 3 36 0.714481 0 68 0.714481 1
gene 1 4 35 -0.00564037 0 69 -0.00564037 1
gene 1 4 36 -2.40885 0 70 -2.40885 1
gene 1 5 35 -0.0517873 0 71 -0.0517873 1
gene 1 5 36 1.38278 0 72 1.38278 1
gene 1 6 35 -0.840469 0 73 -0.840469 1
gene 1 6 36 -1.73077 0 74 -1.73077 1
gene 1 7 35 0.579753 0 75 0.579753 1
gene 1 7 36 0.0838266 0 76 0.0838266 1
gene 1 8 35 -0.48147 0 77 -0.48147 1
gene 1 8 36 -0.392204 0 78 -0.392204 1
gene 1 9 35 -1.30521 0 79 -1.30521 1
gene 1 9 36 -2.29367 0 80 -2.29367 1
gene 1 10 35 -3.1608 0 81 -3.1608 1
gene 1 10 36 3.95241 0 82 3.95241 1
gene 1 11 35 -1.03782 0 83 -1.03782 1
gene 1 11 36 0.80058 0 84 0.80058 1
gene 1 12 35 0.195947 0 85 0.195947 1
gene 1 12 36 1.10011 0 86 1.10011 1
gene 1 13 35 2.98324 0 87 2.98324 1
gene 1 13 36 -1.40106 0 88 -1.40106 1
gene 1 14 35 -0.154237 0 89 -0.154237 1
gene 1 14 36 2.87049 0 90 2.87049 1
gene 1 15 35 -5 0 91 -5 1
gene 1 15 36 -1.21449 0 92 -1.21449 1
gene 1 16 35 0.109724 0 93 0.109724 1
gene 1 16 36 0.410776 0 94 0.410776 1
gene 1 17 35 -3.31868 0 95 -3.31868 1
gene 1 17 36 -0.829163 0 96 -0.829163 1
gene 1 18 35 -0.80543 0 97 -0.80543 1
gene 1 18 36 -2.4105 0 98 -2.4105 1
gene 1 19 35 -0.379132 0 99 -0.379132 1
gene 1 19 36 -1.00837 0 100 -1.00837 1
gene 1 20 35 -0.229247 0 101 -0.229247 1
gene 1 20 36 -4.03958 0 102 -4.03958 1
gene 1 21 35 0.752131 0 103 0.752131 1
gene 1 21 36 1.34774 0 104 1.34774 1
gene 1 22 35 0.183217 0 105 0.183217 1
gene 1 22 36 1.30232 0 106 1.30232 1
gene 1 23 35 -1.70246 0 107 -1.70246 1
gene 1 23 36 2.17524 0 108 2.17524 1
gene 1 24 35 0.895813 0 109 0.895813 1
gene 1 24 36 0.620019 0 110 0.620019 1
gene 1 25 35 0.698487 0 111 0.698487 1
gene 1 25 36 2.40851 0 112 2.40851 1
gene 1 26 35 -1.2092 0 113 -1.2092 1
gene 1 26 36 -1.42502 0 114 -1.42502 1
gene 1 27 35 0.139403 0 115 0.139403 1
gene 1 27 36 0.604637 0 116 0.604637 1
gene 1 28 35 -0.945705 0 117 -0.945705 1
gene 1 28 36 -0.140224 0 118 -0.140224 1
gene 1 29 35 -0.361463 0 119 -0.361463 1
gene 1 29 36 -2.39753 0 120 -2.39753 1
gene 1 30 35 0.889793 0 121 0.889793 1
gene 1 30 36 -0.290437 0 122 -0.290437 1
gene 1 31 35 -0.730921 0 123 -0.730921 1
gene 1 31 36 -0.124475 0 124 -0.124475 1
gene 1 35 32 0.27628 0 125 0.27628 1
gene 1 35 33 -0.778605 0 126 -0.778605 1
gene 1 35 34 1.26416 0 127 1.26416 1
gene 1 36 32 -0.105186 0 128 -0.105186 1
gene 1 36 33 0.787368 0 129 0.787368 1
gene 1 36 34 0.393205 0 130 0.393205 1
gene 1 35 35 -0.708896 1 131 -0.708896 1
gene 1 36 36 -0.144543 1 132 -0.144543 1
gene 1 34 37 0.512029 1 133 0.512029 1
gene 1 37 32 -0.275385 0 134 -0.275385 1
gene 1 37 33 -0.14973 0 135 -0.14973 1
gene 1 37 34 -1.69151 0 136 -1.69151 1
genomeend 9


