/* Organism #92 Fitness: 14773.378000 Time: 0 */
genomestart 92
trait 1 0.000000 0.000000 0.094528 0.429123 0.744391 1.000000 0.000000 1.000000 
node 1 1 1 1
node 2 1 1 1
node 3 1 1 1
node 4 1 1 1
node 5 1 1 1
node 6 1 1 1
node 7 1 1 1
node 8 1 1 1
node 9 1 1 1
node 10 1 1 1
node 11 1 1 1
node 12 1 1 1
node 13 1 1 1
node 14 1 1 1
node 15 1 1 1
node 16 1 1 1
node 17 1 1 1
node 18 1 1 1
node 19 1 1 1
node 20 1 1 1
node 21 1 1 1
node 22 1 1 1
node 23 1 1 1
node 24 1 1 1
node 25 1 1 1
node 26 1 1 1
node 27 1 1 1
node 28 1 1 1
node 29 1 1 1
node 30 1 1 1
node 31 1 1 3
node 32 1 0 2
node 33 1 0 2
node 34 1 0 2
node 35 1 0 0
node 36 1 0 0
node 37 1 0 1
gene 1 1 32 -2.17266 0 1 -2.17266 1
gene 1 1 33 0.821648 0 2 0.821648 1
gene 1 2 32 4.87436 0 3 4.87436 1
gene 1 2 33 -0.95301 0 4 -0.95301 1
gene 1 3 32 1.51755 0 5 1.51755 1
gene 1 3 33 -4.56535 0 6 -4.56535 1
gene 1 4 32 0.843104 0 7 0.843104 1
gene 1 4 33 2.4927 0 8 2.4927 1
gene 1 5 32 3.97098 0 9 3.97098 1
gene 1 5 33 3.13767 0 10 3.13767 1
gene 1 6 32 0.53944 0 11 0.53944 1
gene 1 6 33 1.08319 0 12 1.08319 1
gene 1 7 32 4.17918 0 13 4.17918 1
gene 1 7 33 -0.966507 0 14 -0.966507 1
gene 1 8 32 -2.10168 0 15 -2.10168 1
gene 1 8 33 1.89807 0 16 1.89807 1
gene 1 9 32 1.41865 0 17 1.41865 1
gene 1 9 33 -5 0 18 -5 1
gene 1 10 32 2.48437 0 19 2.48437 1
gene 1 10 33 -3.12238 0 20 -3.12238 1
gene 1 11 32 1.64253 0 21 1.64253 1
gene 1 11 33 -1.468 0 22 -1.468 1
gene 1 12 32 0.561821 0 23 0.561821 1
gene 1 12 33 1.46178 0 24 1.46178 1
gene 1 13 32 -5 0 25 -5 1
gene 1 13 33 3.46858 0 26 3.46858 1
gene 1 14 32 -2.01787 0 27 -2.01787 1
gene 1 14 33 5 0 28 5 1
gene 1 15 32 2.51458 0 29 2.51458 1
gene 1 15 33 1.29104 0 30 1.29104 1
gene 1 16 32 2.13172 0 31 2.13172 1
gene 1 16 33 -4.60526 0 32 -4.60526 1
gene 1 17 32 -4.88378 0 33 -4.88378 1
gene 1 17 33 -0.84562 0 34 -0.84562 1
gene 1 18 32 -4.11036 0 35 -4.11036 1
gene 1 18 33 -3.24573 0 36 -3.24573 1
gene 1 19 32 -3.17217 0 37 -3.17217 1
gene 1 19 33 -3.02441 0 38 -3.02441 1
gene 1 20 32 -2.33371 0 39 -2.33371 1
gene 1 20 33 4.66037 0 40 4.66037 1
gene 1 21 32 -0.428645 0 41 -0.428645 1
gene 1 21 33 -0.726173 0 42 -0.726173 1
gene 1 22 32 2.00329 0 43 2.00329 1
gene 1 22 33 -0.986528 0 44 -0.986528 1
gene 1 23 32 -1.51392 0 45 -1.51392 1
gene 1 23 33 -2.91424 0 46 -2.91424 1
gene 1 24 32 -3.44275 0 47 -3.44275 1
gene 1 24 33 0.69341 0 48 0.69341 1
gene 1 25 32 0.714332 0 49 0.714332 1
gene 1 25 33 -1.04908 0 50 -1.04908 1
gene 1 26 32 3.00197 0 51 3.00197 1
gene 1 26 33 5 0 52 5 1
gene 1 27 32 0.879222 0 53 0.879222 1
gene 1 27 33 -2.22803 0 54 -2.22803 1
gene 1 28 32 2.6106 0 55 2.6106 1
gene 1 28 33 1.23845 0 56 1.23845 1
gene 1 29 32 4.42477 0 57 4.42477 1
gene 1 29 33 -4.37357 0 58 -4.37357 1
gene 1 30 32 3.17978 0 59 3.17978 1
gene 1 30 33 -0.0772927 0 60 -0.0772927 1
gene 1 31 32 0.817309 0 61 0.817309 1
gene 1 31 33 3.52096 0 62 3.52096 1
gene 1 1 35 -0.121867 0 63 -0.121867 1
gene 1 1 36 0.0390156 0 64 0.0390156 1
gene 1 2 35 -5 0 65 -5 1
gene 1 2 36 0.407261 0 66 0.407261 1
gene 1 3 35 0.163131 0 67 0.163131 1
gene 1 3 36 -1.69841 0 68 -1.69841 1
gene 1 4 35 -2.82966 0 69 -2.82966 1
gene 1 4 36 0.576134 0 70 0.576134 1
gene 1 5 35 0.429972 0 71 0.429972 1
gene 1 5 36 3.56895 0 72 3.56895 1
gene 1 6 35 1.4836 0 73 1.4836 1
gene 1 6 36 -2.68871 0 74 -2.68871 1
gene 1 7 35 -5 0 75 -5 1
gene 1 7 36 -0.869179 0 76 -0.869179 1
gene 1 8 35 3.61494 0 77 3.61494 1
gene 1 8 36 -0.752631 0 78 -0.752631 1
gene 1 9 35 0.795354 0 79 0.795354 1
gene 1 9 36 5 0 80 5 1
gene 1 10 35 -0.702081 0 81 -0.702081 1
gene 1 10 36 5 0 82 5 1
gene 1 11 35 4.27157 0 83 4.27157 1
gene 1 11 36 -1.21243 0 84 -1.21243 1
gene 1 12 35 0.82358 0 85 0.82358 1
gene 1 12 36 0.0933157 0 86 0.0933157 1
gene 1 13 35 3.49938 0 87 3.49938 1
gene 1 13 36 -1.60117 0 88 -1.60117 1
gene 1 14 35 2.0284 0 89 2.0284 1
gene 1 14 36 -2.36136 0 90 -2.36136 1
gene 1 15 35 5 0 91 5 1
gene 1 15 36 -0.986087 0 92 -0.986087 1
gene 1 16 35 5 0 93 5 1
gene 1 16 36 1.63888 0 94 1.63888 1
gene 1 17 35 -0.80896 0 95 -0.80896 1
gene 1 17 36 -2.52943 0 96 -2.52943 1
gene 1 18 35 0.852345 0 97 0.852345 1
gene 1 18 36 5 0 98 5 1
gene 1 19 35 0.604434 0 99 0.604434 1
gene 1 19 36 3.46475 0 100 3.46475 1
gene 1 20 35 -1.60173 0 101 -1.60173 1
gene 1 20 36 -2.59857 0 102 -2.59857 1
gene 1 21 35 -3.10557 0 103 -3.10557 1
gene 1 21 36 -0.488808 0 104 -0.488808 1
gene 1 22 35 1.05738 0 105 1.05738 1
gene 1 22 36 2.64013 0 106 2.64013 1
gene 1 23 35 1.88496 0 107 1.88496 1
gene 1 23 36 2.1957 0 108 2.1957 1
gene 1 24 35 1.65497 0 109 1.65497 1
gene 1 24 36 -0.513049 0 110 -0.513049 1
gene 1 25 35 -1.5966 0 111 -1.5966 1
gene 1 25 36 -0.401166 0 112 -0.401166 1
gene 1 26 35 -0.223035 0 113 -0.223035 1
gene 1 26 36 1.07883 0 114 1.07883 1
gene 1 27 35 -0.644108 0 115 -0.644108 1
gene 1 27 36 0.566035 0 116 0.566035 1
gene 1 28 35 -0.131764 0 117 -0.131764 1
gene 1 28 36 0.542002 0 118 0.542002 1
gene 1 29 35 -0.258244 0 119 -0.258244 1
gene 1 29 36 -0.108614 0 120 -0.108614 1
gene 1 30 35 -0.967382 0 121 -0.967382 1
gene 1 30 36 -2.13235 0 122 -2.13235 1
gene 1 31 35 -0.733748 0 123 -0.733748 1
gene 1 31 36 -0.639684 0 124 -0.639684 1
gene 1 35 32 -0.285551 0 125 -0.285551 1
gene 1 35 33 -0.653445 0 126 -0.653445 1
gene 1 35 34 2.03441 0 127 2.03441 1
gene 1 36 32 -0.169701 0 128 -0.169701 1
gene 1 36 33 1.39797 0 129 1.39797 1
gene 1 36 34 0.314226 0 130 0.314226 1
gene 1 35 35 2.61692 1 131 2.61692 1
gene 1 36 36 0.461426 1 132 0.461426 1
gene 1 34 37 -0.188344 1 133 -0.188344 1
gene 1 37 32 -0.52849 0 134 -0.52849 1
gene 1 37 33 -1.27394 0 135 -1.27394 1
gene 1 37 34 1.68258 0 136 1.68258 1
genomeend 92


