/* Organism #5 Fitness: 16580.454000 Time: 0 */
genomestart 5
trait 1 1.000000 0.909734 0.000000 0.000000 0.000000 0.921225 1.000000 0.000000 
node 1 1 1 1
node 2 1 1 1
node 3 1 1 1
node 4 1 1 1
node 5 1 1 1
node 6 1 1 1
node 7 1 1 1
node 8 1 1 1
node 9 1 1 1
node 10 1 1 1
node 11 1 1 1
node 12 1 1 1
node 13 1 1 1
node 14 1 1 1
node 15 1 1 1
node 16 1 1 1
node 17 1 1 1
node 18 1 1 1
node 19 1 1 1
node 20 1 1 1
node 21 1 1 1
node 22 1 1 1
node 23 1 1 1
node 24 1 1 1
node 25 1 1 1
node 26 1 1 1
node 27 1 1 1
node 28 1 1 1
node 29 1 1 1
node 30 1 1 1
node 31 1 1 3
node 32 1 0 2
node 33 1 0 2
node 34 1 0 2
node 35 1 0 0
node 36 1 0 0
node 37 1 0 1
gene 1 1 32 0.920213 0 1 0.920213 1
gene 1 1 33 1.55049 0 2 1.55049 1
gene 1 2 32 0.786917 0 3 0.786917 1
gene 1 2 33 1.29371 0 4 1.29371 1
gene 1 3 32 1.45455 0 5 1.45455 1
gene 1 3 33 -1.27944 0 6 -1.27944 1
gene 1 4 32 0.619703 0 7 0.619703 1
gene 1 4 33 -3.47592 0 8 -3.47592 1
gene 1 5 32 1.14786 0 9 1.14786 1
gene 1 5 33 -2.40557 0 10 -2.40557 1
gene 1 6 32 2.65728 0 11 2.65728 1
gene 1 6 33 -1.53287 0 12 -1.53287 1
gene 1 7 32 0.141518 0 13 0.141518 1
gene 1 7 33 1.24761 0 14 1.24761 1
gene 1 8 32 -1.8529 0 15 -1.8529 1
gene 1 8 33 -2.17849 0 16 -2.17849 1
gene 1 9 32 -0.504987 0 17 -0.504987 1
gene 1 9 33 -0.767501 0 18 -0.767501 1
gene 1 10 32 -2.13507 0 19 -2.13507 1
gene 1 10 33 -2.49088 0 20 -2.49088 1
gene 1 11 32 4.51278 0 21 4.51278 1
gene 1 11 33 2.38656 0 22 2.38656 1
gene 1 12 32 2.83454 0 23 2.83454 1
gene 1 12 33 0.0809596 0 24 0.0809596 1
gene 1 13 32 -0.118142 0 25 -0.118142 1
gene 1 13 33 -1.53719 0 26 -1.53719 1
gene 1 14 32 -4.43535 0 27 -4.43535 1
gene 1 14 33 1.2308 0 28 1.2308 1
gene 1 15 32 -4.86072 0 29 -4.86072 1
gene 1 15 33 2.01884 0 30 2.01884 1
gene 1 16 32 -3.93407 0 31 -3.93407 1
gene 1 16 33 -0.599247 0 32 -0.599247 1
gene 1 17 32 -2.87374 0 33 -2.87374 1
gene 1 17 33 0.344709 0 34 0.344709 1
gene 1 18 32 -2.75755 0 35 -2.75755 1
gene 1 18 33 0.975119 0 36 0.975119 1
gene 1 19 32 1.12601 0 37 1.12601 1
gene 1 19 33 -4.93708 0 38 -4.93708 1
gene 1 20 32 -0.359213 0 39 -0.359213 1
gene 1 20 33 -2.04673 0 40 -2.04673 1
gene 1 21 32 -0.559033 0 41 -0.559033 1
gene 1 21 33 -3.30723 0 42 -3.30723 1
gene 1 22 32 2.07426 0 43 2.07426 1
gene 1 22 33 -0.102021 0 44 -0.102021 1
gene 1 23 32 0.635324 0 45 0.635324 1
gene 1 23 33 -1.09548 0 46 -1.09548 1
gene 1 24 32 3.50983 0 47 3.50983 1
gene 1 24 33 -3.1398 0 48 -3.1398 1
gene 1 25 32 1.68443 0 49 1.68443 1
gene 1 25 33 -1.08915 0 50 -1.08915 1
gene 1 26 32 0.0143467 0 51 0.0143467 1
gene 1 26 33 -2.6395 0 52 -2.6395 1
gene 1 27 32 1.35576 0 53 1.35576 1
gene 1 27 33 1.70975 0 54 1.70975 1
gene 1 28 32 1.2613 0 55 1.2613 1
gene 1 28 33 0.883848 0 56 0.883848 1
gene 1 29 32 0.365232 0 57 0.365232 1
gene 1 29 33 -4.3068 0 58 -4.3068 1
gene 1 30 32 0.600705 0 59 0.600705 1
gene 1 30 33 -1.93476 0 60 -1.93476 1
gene 1 31 32 3.87835 0 61 3.87835 1
gene 1 31 33 0.175589 0 62 0.175589 1
gene 1 1 35 -3.98869 0 63 -3.98869 1
gene 1 1 36 -5 0 64 -5 1
gene 1 2 35 -1.02931 0 65 -1.02931 1
gene 1 2 36 -2.47698 0 66 -2.47698 1
gene 1 3 35 0.216115 0 67 0.216115 1
gene 1 3 36 -4.85907 0 68 -4.85907 1
gene 1 4 35 -0.8485 0 69 -0.8485 1
gene 1 4 36 0.776506 0 70 0.776506 1
gene 1 5 35 -0.0127943 0 71 -0.0127943 1
gene 1 5 36 -2.81006 0 72 -2.81006 1
gene 1 6 35 0.0674224 0 73 0.0674224 1
gene 1 6 36 -0.502294 0 74 -0.502294 1
gene 1 7 35 -0.372754 0 75 -0.372754 1
gene 1 7 36 0.0755367 0 76 0.0755367 1
gene 1 8 35 -2.18459 0 77 -2.18459 1
gene 1 8 36 0.872327 0 78 0.872327 1
gene 1 9 35 -0.518364 0 79 -0.518364 1
gene 1 9 36 -0.7945 0 80 -0.7945 1
gene 1 10 35 -3.65215 0 81 -3.65215 1
gene 1 10 36 0.44957 0 82 0.44957 1
gene 1 11 35 -0.605704 0 83 -0.605704 1
gene 1 11 36 1.00893 0 84 1.00893 1
gene 1 12 35 0.226893 0 85 0.226893 1
gene 1 12 36 -3.36699 0 86 -3.36699 1
gene 1 13 35 -0.0419358 0 87 -0.0419358 1
gene 1 13 36 -2.02945 0 88 -2.02945 1
gene 1 14 35 0.0936242 0 89 0.0936242 1
gene 1 14 36 -0.0450225 0 90 -0.0450225 1
gene 1 15 35 -1.61893 0 91 -1.61893 1
gene 1 15 36 0.589945 0 92 0.589945 1
gene 1 16 35 1.61348 0 93 1.61348 1
gene 1 16 36 0.611693 0 94 0.611693 1
gene 1 17 35 -4.12789 0 95 -4.12789 1
gene 1 17 36 -0.850847 0 96 -0.850847 1
gene 1 18 35 -1.30789 0 97 -1.30789 1
gene 1 18 36 -2.27511 0 98 -2.27511 1
gene 1 19 35 -3.60146 0 99 -3.60146 1
gene 1 19 36 -1.07343 0 100 -1.07343 1
gene 1 20 35 -0.683351 0 101 -0.683351 1
gene 1 20 36 -1.2744 0 102 -1.2744 1
gene 1 21 35 -0.85988 0 103 -0.85988 1
gene 1 21 36 0.0518618 0 104 0.0518618 1
gene 1 22 35 0.0152888 0 105 0.0152888 1
gene 1 22 36 0.834369 0 106 0.834369 1
gene 1 23 35 5 0 107 5 1
gene 1 23 36 -0.793982 0 108 -0.793982 1
gene 1 24 35 0.203901 0 109 0.203901 1
gene 1 24 36 -0.84404 0 110 -0.84404 1
gene 1 25 35 0.358042 0 111 0.358042 1
gene 1 25 36 -0.0768461 0 112 -0.0768461 1
gene 1 26 35 -1.98614 0 113 -1.98614 1
gene 1 26 36 0.240969 0 114 0.240969 1
gene 1 27 35 -0.465104 0 115 -0.465104 1
gene 1 27 36 0.184843 0 116 0.184843 1
gene 1 28 35 0.384079 0 117 0.384079 1
gene 1 28 36 0.476186 0 118 0.476186 1
gene 1 29 35 -0.881729 0 119 -0.881729 1
gene 1 29 36 1.93159 0 120 1.93159 1
gene 1 30 35 -0.49006 0 121 -0.49006 1
gene 1 30 36 -2.07129 0 122 -2.07129 1
gene 1 31 35 -0.224632 0 123 -0.224632 1
gene 1 31 36 0.777466 0 124 0.777466 1
gene 1 35 32 -1.14555 0 125 -1.14555 1
gene 1 35 33 -0.461848 0 126 -0.461848 1
gene 1 35 34 -0.577532 0 127 -0.577532 1
gene 1 36 32 -0.404173 0 128 -0.404173 1
gene 1 36 33 -1.71936 0 129 -1.71936 1
gene 1 36 34 -0.587339 0 130 -0.587339 1
gene 1 35 35 0.825808 1 131 0.825808 1
gene 1 36 36 0.0215268 1 132 0.0215268 1
gene 1 34 37 -0.527443 1 133 -0.527443 1
gene 1 37 32 -0.506878 0 134 -0.506878 1
gene 1 37 33 0.638291 0 135 0.638291 1
gene 1 37 34 -0.691211 0 136 -0.691211 1
genomeend 5


