/* Organism #2 Fitness: 38270.520000 Time: 0 */
genomestart 2
trait 1 0.283059 1.000000 0.000000 1.000000 0.000000 1.000000 0.973799 0.000000 
node 1 1 1 1
node 2 1 1 1
node 3 1 1 1
node 4 1 1 1
node 5 1 1 1
node 6 1 1 1
node 7 1 1 1
node 8 1 1 1
node 9 1 1 1
node 10 1 1 1
node 11 1 1 1
node 12 1 1 1
node 13 1 1 1
node 14 1 1 1
node 15 1 1 1
node 16 1 1 1
node 17 1 1 1
node 18 1 1 1
node 19 1 1 1
node 20 1 1 1
node 21 1 1 1
node 22 1 1 1
node 23 1 1 1
node 24 1 1 1
node 25 1 1 1
node 26 1 1 3
node 27 1 0 2
node 28 1 0 2
node 29 1 0 2
gene 1 1 27 -0.928738 0 1 -0.928738 1
gene 1 1 28 1.79689 0 2 1.79689 1
gene 1 1 29 -0.802936 0 3 -0.802936 1
gene 1 2 27 -0.766607 0 4 -0.766607 1
gene 1 2 28 -0.801038 0 5 -0.801038 1
gene 1 2 29 -2.51458 0 6 -2.51458 1
gene 1 3 27 0.898628 0 7 0.898628 1
gene 1 3 28 -1.30669 0 8 -1.30669 1
gene 1 3 29 0.317997 0 9 0.317997 1
gene 1 4 27 0.906448 0 10 0.906448 1
gene 1 4 28 -0.472296 0 11 -0.472296 1
gene 1 4 29 -0.002709 0 12 -0.002709 1
gene 1 5 27 4.27463 0 13 4.27463 1
gene 1 5 28 -1.6486 0 14 -1.6486 1
gene 1 5 29 -2.22625 0 15 -2.22625 1
gene 1 6 27 -4.81405 0 16 -4.81405 1
gene 1 6 28 -0.348703 0 17 -0.348703 1
gene 1 6 29 2.16539 0 18 2.16539 1
gene 1 7 27 -0.644445 0 19 -0.644445 1
gene 1 7 28 -0.776985 0 20 -0.776985 1
gene 1 7 29 -4.17051 0 21 -4.17051 1
gene 1 8 27 -4.78471 0 22 -4.78471 1
gene 1 8 28 0.0112493 0 23 0.0112493 1
gene 1 8 29 -1.86015 0 24 -1.86015 1
gene 1 9 27 0.851374 0 25 0.851374 1
gene 1 9 28 -0.853766 0 26 -0.853766 1
gene 1 9 29 -1.06181 0 27 -1.06181 1
gene 1 10 27 -0.565469 0 28 -0.565469 1
gene 1 10 28 -2.39285 0 29 -2.39285 1
gene 1 10 29 1.29372 0 30 1.29372 1
gene 1 11 27 -0.411727 0 27 -0.411727 1
gene 1 11 28 -0.544709 0 32 -0.544709 1
gene 1 11 29 1.44736 0 33 1.44736 1
gene 1 12 27 -0.0773189 0 34 -0.0773189 1
gene 1 12 28 3.0319 0 35 3.0319 1
gene 1 12 29 1.42709 0 36 1.42709 1
gene 1 13 27 -4.62694 0 37 -4.62694 1
gene 1 13 28 -0.690916 0 38 -0.690916 1
gene 1 13 29 2.0143 0 39 2.0143 1
gene 1 14 27 0.0546429 0 40 0.0546429 1
gene 1 14 28 -1.86117 0 41 -1.86117 1
gene 1 14 29 -1.90684 0 42 -1.90684 1
gene 1 15 27 0.295315 0 43 0.295315 1
gene 1 15 28 0.36707 0 44 0.36707 1
gene 1 15 29 4.62986 0 45 4.62986 1
gene 1 16 27 -0.916873 0 46 -0.916873 1
gene 1 16 28 1.61996 0 47 1.61996 1
gene 1 16 29 0.0557872 0 48 0.0557872 1
gene 1 17 27 2.13776 0 49 2.13776 1
gene 1 17 28 2.3906 0 50 2.3906 1
gene 1 17 29 -1.15785 0 51 -1.15785 1
gene 1 18 27 -0.210979 0 52 -0.210979 1
gene 1 18 28 -0.997185 0 53 -0.997185 1
gene 1 18 29 1.36516 0 54 1.36516 1
gene 1 19 27 -0.264577 0 55 -0.264577 1
gene 1 19 28 4.1027 0 56 4.1027 1
gene 1 19 29 0.246219 0 57 0.246219 1
gene 1 20 27 0.0409943 0 58 0.0409943 1
gene 1 20 28 -2.10841 0 59 -2.10841 1
gene 1 20 29 -3.36441 0 60 -3.36441 1
gene 1 21 27 4.65896 0 61 4.65896 1
gene 1 21 28 4.73948 0 62 4.73948 1
gene 1 21 29 -1.18484 0 63 -1.18484 1
gene 1 22 27 -0.0622477 0 64 -0.0622477 1
gene 1 22 28 1.06455 0 65 1.06455 1
gene 1 22 29 -0.412207 0 66 -0.412207 1
gene 1 23 27 0.323901 0 67 0.323901 1
gene 1 23 28 -0.0283108 0 68 -0.0283108 1
gene 1 23 29 -2.05038 0 69 -2.05038 1
gene 1 24 27 1.37838 0 70 1.37838 1
gene 1 24 28 1.40429 0 71 1.40429 1
gene 1 24 29 -0.0763312 0 72 -0.0763312 1
gene 1 25 27 1.34886 0 73 1.34886 1
gene 1 25 28 0.277036 0 74 0.277036 1
gene 1 25 29 0.614644 0 75 0.614644 1
gene 1 26 27 3.39496 0 76 3.39496 1
gene 1 26 28 0.402322 0 77 0.402322 1
gene 1 26 29 0.990679 0 78 0.990679 1
genomeend 2


