/* Organism #3 Fitness: 38965.882000 Time: 0 */
genomestart 3
trait 1 1.000000 0.083963 0.267247 0.604748 0.000000 0.052319 0.000000 0.328593 
node 1 1 1 1
node 2 1 1 1
node 3 1 1 1
node 4 1 1 1
node 5 1 1 1
node 6 1 1 1
node 7 1 1 1
node 8 1 1 1
node 9 1 1 1
node 10 1 1 1
node 11 1 1 1
node 12 1 1 1
node 13 1 1 1
node 14 1 1 1
node 15 1 1 1
node 16 1 1 1
node 17 1 1 1
node 18 1 1 1
node 19 1 1 1
node 20 1 1 1
node 21 1 1 1
node 22 1 1 1
node 23 1 1 1
node 24 1 1 1
node 25 1 1 1
node 26 1 1 3
node 27 1 0 2
node 28 1 0 2
node 29 1 0 2
gene 1 1 27 -1.14383 0 1 -1.14383 1
gene 1 1 28 -3.57541 0 2 -3.57541 1
gene 1 1 29 1.66558 0 3 1.66558 1
gene 1 2 27 -0.997654 0 4 -0.997654 1
gene 1 2 28 1.25387 0 5 1.25387 1
gene 1 2 29 1.96512 0 6 1.96512 1
gene 1 3 27 1.09149 0 7 1.09149 1
gene 1 3 28 3.9949 0 8 3.9949 1
gene 1 3 29 -3.88603 0 9 -3.88603 1
gene 1 4 27 5 0 10 5 1
gene 1 4 28 4.89015 0 11 4.89015 1
gene 1 4 29 0.354012 0 12 0.354012 1
gene 1 5 27 -2.78873 0 13 -2.78873 1
gene 1 5 28 -0.108214 0 14 -0.108214 1
gene 1 5 29 2.87124 0 15 2.87124 1
gene 1 6 27 4.54732 0 16 4.54732 1
gene 1 6 28 -5 0 17 -5 1
gene 1 6 29 3.94972 0 18 3.94972 1
gene 1 7 27 2.82754 0 19 2.82754 1
gene 1 7 28 0.707804 0 20 0.707804 1
gene 1 7 29 -2.02538 0 21 -2.02538 1
gene 1 8 27 -2.56172 0 22 -2.56172 1
gene 1 8 28 -0.670632 0 23 -0.670632 1
gene 1 8 29 -1.09063 0 24 -1.09063 1
gene 1 9 27 -0.616351 0 25 -0.616351 1
gene 1 9 28 -2.84337 0 26 -2.84337 1
gene 1 9 29 1.41366 0 27 1.41366 1
gene 1 10 27 1.3168 0 28 1.3168 1
gene 1 10 28 4.29386 0 29 4.29386 1
gene 1 10 29 2.15898 0 30 2.15898 1
gene 1 11 27 1.32282 0 27 1.32282 1
gene 1 11 28 -0.574724 0 32 -0.574724 1
gene 1 11 29 0.352928 0 33 0.352928 1
gene 1 12 27 -3.93084 0 34 -3.93084 1
gene 1 12 28 -5 0 35 -5 1
gene 1 12 29 0.584002 0 36 0.584002 1
gene 1 13 27 0.427842 0 37 0.427842 1
gene 1 13 28 -2.19029 0 38 -2.19029 1
gene 1 13 29 -0.604149 0 39 -0.604149 1
gene 1 14 27 -0.612587 0 40 -0.612587 1
gene 1 14 28 -3.66204 0 41 -3.66204 1
gene 1 14 29 4.85584 0 42 4.85584 1
gene 1 15 27 -1.53462 0 43 -1.53462 1
gene 1 15 28 0.900044 0 44 0.900044 1
gene 1 15 29 3.21881 0 45 3.21881 1
gene 1 16 27 -0.67589 0 46 -0.67589 1
gene 1 16 28 -4.71195 0 47 -4.71195 1
gene 1 16 29 -1.6447 0 48 -1.6447 1
gene 1 17 27 -1.36993 0 49 -1.36993 1
gene 1 17 28 -3.51044 0 50 -3.51044 1
gene 1 17 29 -2.57899 0 51 -2.57899 1
gene 1 18 27 -4.4666 0 52 -4.4666 1
gene 1 18 28 -0.410405 0 53 -0.410405 1
gene 1 18 29 -0.407034 0 54 -0.407034 1
gene 1 19 27 -1.40331 0 55 -1.40331 1
gene 1 19 28 -1.45271 0 56 -1.45271 1
gene 1 19 29 0.707309 0 57 0.707309 1
gene 1 20 27 -0.429335 0 58 -0.429335 1
gene 1 20 28 -1.3556 0 59 -1.3556 1
gene 1 20 29 2.09911 0 60 2.09911 1
gene 1 21 27 -0.819876 0 61 -0.819876 1
gene 1 21 28 -4.14047 0 62 -4.14047 1
gene 1 21 29 -0.576891 0 63 -0.576891 1
gene 1 22 27 -1.98387 0 64 -1.98387 1
gene 1 22 28 -0.16963 0 65 -0.16963 1
gene 1 22 29 0.000753845 0 66 0.000753845 1
gene 1 23 27 -1.51209 0 67 -1.51209 1
gene 1 23 28 -0.280387 0 68 -0.280387 1
gene 1 23 29 1.51594 0 69 1.51594 1
gene 1 24 27 -0.00437159 0 70 -0.00437159 1
gene 1 24 28 -0.652103 0 71 -0.652103 1
gene 1 24 29 0.317912 0 72 0.317912 1
gene 1 25 27 0.00515768 0 73 0.00515768 1
gene 1 25 28 0.0227709 0 74 0.0227709 1
gene 1 25 29 1.92685 0 75 1.92685 1
gene 1 26 27 -0.993721 0 76 -0.993721 1
gene 1 26 28 0.678278 0 77 0.678278 1
gene 1 26 29 -1.07658 0 78 -1.07658 1
genomeend 3


