/* Organism #1 Fitness: 38338.298000 Time: 0 */
genomestart 1
trait 1 0.399519 0.000000 0.000000 0.000000 1.000000 0.758715 0.748548 0.073418 
node 1 1 1 1
node 2 1 1 1
node 3 1 1 1
node 4 1 1 1
node 5 1 1 1
node 6 1 1 1
node 7 1 1 1
node 8 1 1 1
node 9 1 1 1
node 10 1 1 1
node 11 1 1 1
node 12 1 1 1
node 13 1 1 1
node 14 1 1 1
node 15 1 1 1
node 16 1 1 1
node 17 1 1 1
node 18 1 1 1
node 19 1 1 1
node 20 1 1 1
node 21 1 1 1
node 22 1 1 1
node 23 1 1 1
node 24 1 1 1
node 25 1 1 1
node 26 1 1 3
node 27 1 0 2
node 28 1 0 2
node 29 1 0 2
gene 1 1 27 0.739289 0 1 0.739289 1
gene 1 1 28 -3.68223 0 2 -3.68223 1
gene 1 1 29 0.284492 0 3 0.284492 1
gene 1 2 27 -0.112873 0 4 -0.112873 1
gene 1 2 28 1.22845 0 5 1.22845 1
gene 1 2 29 -0.497018 0 6 -0.497018 1
gene 1 3 27 -0.991274 0 7 -0.991274 1
gene 1 3 28 3.95116 0 8 3.95116 1
gene 1 3 29 0.981907 0 9 0.981907 1
gene 1 4 27 4.15367 0 10 4.15367 1
gene 1 4 28 4.15001 0 11 4.15001 1
gene 1 4 29 2.08694 0 12 2.08694 1
gene 1 5 27 -2.22655 0 13 -2.22655 1
gene 1 5 28 1.25669 0 14 1.25669 1
gene 1 5 29 4.12833 0 15 4.12833 1
gene 1 6 27 2.64104 0 16 2.64104 1
gene 1 6 28 -3.63627 0 17 -3.63627 1
gene 1 6 29 2.91637 0 18 2.91637 1
gene 1 7 27 2.30259 0 19 2.30259 1
gene 1 7 28 -4.91685 0 20 -4.91685 1
gene 1 7 29 0.678522 0 21 0.678522 1
gene 1 8 27 -2.63694 0 22 -2.63694 1
gene 1 8 28 4.24024 0 23 4.24024 1
gene 1 8 29 -2.21769 0 24 -2.21769 1
gene 1 9 27 1.72343 0 25 1.72343 1
gene 1 9 28 0.178761 0 26 0.178761 1
gene 1 9 29 0.153723 0 27 0.153723 1
gene 1 10 27 0.656256 0 28 0.656256 1
gene 1 10 28 1.39041 0 29 1.39041 1
gene 1 10 29 -3.19004 0 30 -3.19004 1
gene 1 11 27 -0.496671 0 27 -0.496671 1
gene 1 11 28 -4.97609 0 32 -4.97609 1
gene 1 11 29 -1.86607 0 33 -1.86607 1
gene 1 12 27 -0.229158 0 34 -0.229158 1
gene 1 12 28 -0.995323 0 35 -0.995323 1
gene 1 12 29 -2.33748 0 36 -2.33748 1
gene 1 13 27 2.8827 0 37 2.8827 1
gene 1 13 28 -0.131679 0 38 -0.131679 1
gene 1 13 29 5 0 39 5 1
gene 1 14 27 -2.93876 0 40 -2.93876 1
gene 1 14 28 -0.295741 0 41 -0.295741 1
gene 1 14 29 3.29401 0 42 3.29401 1
gene 1 15 27 -1.79328 0 43 -1.79328 1
gene 1 15 28 5 0 44 5 1
gene 1 15 29 2.17023 0 45 2.17023 1
gene 1 16 27 -0.185418 0 46 -0.185418 1
gene 1 16 28 0.8115 0 47 0.8115 1
gene 1 16 29 2.53882 0 48 2.53882 1
gene 1 17 27 -4.76427 0 49 -4.76427 1
gene 1 17 28 -0.805988 0 50 -0.805988 1
gene 1 17 29 5 0 51 5 1
gene 1 18 27 1.95583 0 52 1.95583 1
gene 1 18 28 3.28088 0 53 3.28088 1
gene 1 18 29 -2.8719 0 54 -2.8719 1
gene 1 19 27 -5 0 55 -5 1
gene 1 19 28 -2.5903 0 56 -2.5903 1
gene 1 19 29 1.92722 0 57 1.92722 1
gene 1 20 27 0.209392 0 58 0.209392 1
gene 1 20 28 -1.92977 0 59 -1.92977 1
gene 1 20 29 -2.6342 0 60 -2.6342 1
gene 1 21 27 -2.77083 0 61 -2.77083 1
gene 1 21 28 -1.97763 0 62 -1.97763 1
gene 1 21 29 2.35411 0 63 2.35411 1
gene 1 22 27 -4.63339 0 64 -4.63339 1
gene 1 22 28 -1.60049 0 65 -1.60049 1
gene 1 22 29 -0.644706 0 66 -0.644706 1
gene 1 23 27 -0.326457 0 67 -0.326457 1
gene 1 23 28 -0.0148588 0 68 -0.0148588 1
gene 1 23 29 -0.83323 0 69 -0.83323 1
gene 1 24 27 -2.53803 0 70 -2.53803 1
gene 1 24 28 -0.236023 0 71 -0.236023 1
gene 1 24 29 1.28327 0 72 1.28327 1
gene 1 25 27 -1.20728 0 73 -1.20728 1
gene 1 25 28 -1.59627 0 74 -1.59627 1
gene 1 25 29 -1.12839 0 75 -1.12839 1
gene 1 26 27 -0.144343 0 76 -0.144343 1
gene 1 26 28 -2.57982 0 77 -2.57982 1
gene 1 26 29 -0.169772 0 78 -0.169772 1
genomeend 1


