/* Organism #2 Fitness: 38156.760000 Time: 0 */
genomestart 2
trait 1 0.000000 0.098266 0.712366 0.213960 0.087570 0.482248 0.042574 1.000000 
node 1 1 1 1
node 2 1 1 1
node 3 1 1 1
node 4 1 1 1
node 5 1 1 1
node 6 1 1 1
node 7 1 1 1
node 8 1 1 1
node 9 1 1 1
node 10 1 1 1
node 11 1 1 1
node 12 1 1 1
node 13 1 1 1
node 14 1 1 1
node 15 1 1 1
node 16 1 1 1
node 17 1 1 1
node 18 1 1 1
node 19 1 1 1
node 20 1 1 1
node 21 1 1 1
node 22 1 1 1
node 23 1 1 1
node 24 1 1 1
node 25 1 1 1
node 26 1 1 3
node 27 1 0 2
node 28 1 0 2
node 29 1 0 2
gene 1 1 27 0.188737 0 1 0.188737 1
gene 1 1 28 1.18601 0 2 1.18601 1
gene 1 1 29 3.16826 0 3 3.16826 1
gene 1 2 27 5 0 4 5 1
gene 1 2 28 -4.91314 0 5 -4.91314 1
gene 1 2 29 0.662348 0 6 0.662348 1
gene 1 3 27 5 0 7 5 1
gene 1 3 28 0.605137 0 8 0.605137 1
gene 1 3 29 -0.137616 0 9 -0.137616 1
gene 1 4 27 -0.930074 0 10 -0.930074 1
gene 1 4 28 -0.294127 0 11 -0.294127 1
gene 1 4 29 0.343452 0 12 0.343452 1
gene 1 5 27 2.90406 0 13 2.90406 1
gene 1 5 28 -0.495385 0 14 -0.495385 1
gene 1 5 29 -1.07355 0 15 -1.07355 1
gene 1 6 27 -0.826549 0 16 -0.826549 1
gene 1 6 28 -1.15047 0 17 -1.15047 1
gene 1 6 29 1.8938 0 18 1.8938 1
gene 1 7 27 -5 0 19 -5 1
gene 1 7 28 0.30114 0 20 0.30114 1
gene 1 7 29 1.37527 0 21 1.37527 1
gene 1 8 27 -3.825 0 22 -3.825 1
gene 1 8 28 -0.00212398 0 23 -0.00212398 1
gene 1 8 29 -3.19133 0 24 -3.19133 1
gene 1 9 27 3.02888 0 25 3.02888 1
gene 1 9 28 -1.50664 0 26 -1.50664 1
gene 1 9 29 -4.07005 0 27 -4.07005 1
gene 1 10 27 0.474417 0 28 0.474417 1
gene 1 10 28 -4.01732 0 29 -4.01732 1
gene 1 10 29 0.220172 0 30 0.220172 1
gene 1 11 27 2.62932 0 27 2.62932 1
gene 1 11 28 -3.93451 0 32 -3.93451 1
gene 1 11 29 0.770804 0 33 0.770804 1
gene 1 12 27 2.84232 0 34 2.84232 1
gene 1 12 28 -4.22874 0 35 -4.22874 1
gene 1 12 29 0.777383 0 36 0.777383 1
gene 1 13 27 -2.89787 0 37 -2.89787 1
gene 1 13 28 2.37647 0 38 2.37647 1
gene 1 13 29 -2.52544 0 39 -2.52544 1
gene 1 14 27 3.32087 0 40 3.32087 1
gene 1 14 28 -1.24251 0 41 -1.24251 1
gene 1 14 29 -0.328895 0 42 -0.328895 1
gene 1 15 27 4.22081 0 43 4.22081 1
gene 1 15 28 3.02576 0 44 3.02576 1
gene 1 15 29 0.470062 0 45 0.470062 1
gene 1 16 27 -3.17351 0 46 -3.17351 1
gene 1 16 28 -3.98856 0 47 -3.98856 1
gene 1 16 29 2.95495 0 48 2.95495 1
gene 1 17 27 1.92309 0 49 1.92309 1
gene 1 17 28 5 0 50 5 1
gene 1 17 29 1.51839 0 51 1.51839 1
gene 1 18 27 -1.16994 0 52 -1.16994 1
gene 1 18 28 1.84926 0 53 1.84926 1
gene 1 18 29 -3.13731 0 54 -3.13731 1
gene 1 19 27 1.32821 0 55 1.32821 1
gene 1 19 28 2.06937 0 56 2.06937 1
gene 1 19 29 -3.00898 0 57 -3.00898 1
gene 1 20 27 -2.41846 0 58 -2.41846 1
gene 1 20 28 -3.05041 0 59 -3.05041 1
gene 1 20 29 1.20838 0 60 1.20838 1
gene 1 21 27 0.867509 0 61 0.867509 1
gene 1 21 28 -0.183633 0 62 -0.183633 1
gene 1 21 29 1.2562 0 63 1.2562 1
gene 1 22 27 0.82001 0 64 0.82001 1
gene 1 22 28 1.28356 0 65 1.28356 1
gene 1 22 29 -0.658047 0 66 -0.658047 1
gene 1 23 27 1.94105 0 67 1.94105 1
gene 1 23 28 0.844523 0 68 0.844523 1
gene 1 23 29 0.176147 0 69 0.176147 1
gene 1 24 27 0.479953 0 70 0.479953 1
gene 1 24 28 3.39385 0 71 3.39385 1
gene 1 24 29 -0.974721 0 72 -0.974721 1
gene 1 25 27 0.619148 0 73 0.619148 1
gene 1 25 28 0.419029 0 74 0.419029 1
gene 1 25 29 -0.217265 0 75 -0.217265 1
gene 1 26 27 0.610562 0 76 0.610562 1
gene 1 26 28 -1.39982 0 77 -1.39982 1
gene 1 26 29 -0.36819 0 78 -0.36819 1
genomeend 2


