/* Organism #4 Fitness: 38055.514000 Time: 0 */
genomestart 4
trait 1 0.220581 0.076023 0.440164 0.000000 0.000000 0.677169 0.000000 0.250009 
node 1 1 1 1
node 2 1 1 1
node 3 1 1 1
node 4 1 1 1
node 5 1 1 1
node 6 1 1 1
node 7 1 1 1
node 8 1 1 1
node 9 1 1 1
node 10 1 1 1
node 11 1 1 1
node 12 1 1 1
node 13 1 1 1
node 14 1 1 1
node 15 1 1 1
node 16 1 1 1
node 17 1 1 1
node 18 1 1 1
node 19 1 1 1
node 20 1 1 1
node 21 1 1 1
node 22 1 1 1
node 23 1 1 1
node 24 1 1 1
node 25 1 1 1
node 26 1 1 3
node 27 1 0 2
node 28 1 0 2
node 29 1 0 2
gene 1 1 27 -1.25757 0 1 -1.25757 1
gene 1 1 28 -4.01375 0 2 -4.01375 1
gene 1 1 29 -3.13925 0 3 -3.13925 1
gene 1 2 27 -2.86652 0 4 -2.86652 1
gene 1 2 28 0.78358 0 5 0.78358 1
gene 1 2 29 0.229161 0 6 0.229161 1
gene 1 3 27 -2.88113 0 7 -2.88113 1
gene 1 3 28 2.08408 0 8 2.08408 1
gene 1 3 29 3.2104 0 9 3.2104 1
gene 1 4 27 0.910718 0 10 0.910718 1
gene 1 4 28 -2.6814 0 11 -2.6814 1
gene 1 4 29 -1.79231 0 12 -1.79231 1
gene 1 5 27 1.51979 0 13 1.51979 1
gene 1 5 28 0.261781 0 14 0.261781 1
gene 1 5 29 -2.28249 0 15 -2.28249 1
gene 1 6 27 -5 0 16 -5 1
gene 1 6 28 3.62655 0 17 3.62655 1
gene 1 6 29 -0.527446 0 18 -0.527446 1
gene 1 7 27 -0.0612059 0 19 -0.0612059 1
gene 1 7 28 2.86749 0 20 2.86749 1
gene 1 7 29 0.442257 0 21 0.442257 1
gene 1 8 27 -3.90235 0 22 -3.90235 1
gene 1 8 28 3.54723 0 23 3.54723 1
gene 1 8 29 -0.475457 0 24 -0.475457 1
gene 1 9 27 1.19339 0 25 1.19339 1
gene 1 9 28 0.315837 0 26 0.315837 1
gene 1 9 29 3.834 0 27 3.834 1
gene 1 10 27 1.29189 0 28 1.29189 1
gene 1 10 28 1.88972 0 29 1.88972 1
gene 1 10 29 0.764052 0 30 0.764052 1
gene 1 11 27 4.44062 0 27 4.44062 1
gene 1 11 28 1.0745 0 32 1.0745 1
gene 1 11 29 3.76097 0 33 3.76097 1
gene 1 12 27 5 0 34 5 1
gene 1 12 28 -4.22716 0 35 -4.22716 1
gene 1 12 29 -3.06129 0 36 -3.06129 1
gene 1 13 27 3.55689 0 37 3.55689 1
gene 1 13 28 -3.09585 0 38 -3.09585 1
gene 1 13 29 0.213818 0 39 0.213818 1
gene 1 14 27 -0.385318 0 40 -0.385318 1
gene 1 14 28 -3.83219 0 41 -3.83219 1
gene 1 14 29 -3.54663 0 42 -3.54663 1
gene 1 15 27 -5 0 43 -5 1
gene 1 15 28 5 0 44 5 1
gene 1 15 29 2.00825 0 45 2.00825 1
gene 1 16 27 -2.04851 0 46 -2.04851 1
gene 1 16 28 -1.33226 0 47 -1.33226 1
gene 1 16 29 3.58466 0 48 3.58466 1
gene 1 17 27 4.15156 0 49 4.15156 1
gene 1 17 28 5 0 50 5 1
gene 1 17 29 -0.540297 0 51 -0.540297 1
gene 1 18 27 -4.13195 0 52 -4.13195 1
gene 1 18 28 3.59894 0 53 3.59894 1
gene 1 18 29 2.10941 0 54 2.10941 1
gene 1 19 27 -0.414669 0 55 -0.414669 1
gene 1 19 28 3.81883 0 56 3.81883 1
gene 1 19 29 -1.48638 0 57 -1.48638 1
gene 1 20 27 -3.08885 0 58 -3.08885 1
gene 1 20 28 2.98771 0 59 2.98771 1
gene 1 20 29 -1.93169 0 60 -1.93169 1
gene 1 21 27 3.00153 0 61 3.00153 1
gene 1 21 28 1.72084 0 62 1.72084 1
gene 1 21 29 3.97938 0 63 3.97938 1
gene 1 22 27 0.220053 0 64 0.220053 1
gene 1 22 28 0.725042 0 65 0.725042 1
gene 1 22 29 -1.16632 0 66 -1.16632 1
gene 1 23 27 0.0187982 0 67 0.0187982 1
gene 1 23 28 2.16664 0 68 2.16664 1
gene 1 23 29 -0.916059 0 69 -0.916059 1
gene 1 24 27 0.25032 0 70 0.25032 1
gene 1 24 28 0.783339 0 71 0.783339 1
gene 1 24 29 0.129869 0 72 0.129869 1
gene 1 25 27 -0.196853 0 73 -0.196853 1
gene 1 25 28 -0.0203838 0 74 -0.0203838 1
gene 1 25 29 -1.97422 0 75 -1.97422 1
gene 1 26 27 4.08718 0 76 4.08718 1
gene 1 26 28 1.08353 0 77 1.08353 1
gene 1 26 29 0.804702 0 78 0.804702 1
genomeend 4


