/* Organism #26 Fitness: 38446.308000 Time: 0 */
genomestart 26
trait 1 0.000000 0.757075 0.972742 0.727019 0.000000 0.993020 0.000000 0.000000 
node 1 1 1 1
node 2 1 1 1
node 3 1 1 1
node 4 1 1 1
node 5 1 1 1
node 6 1 1 1
node 7 1 1 1
node 8 1 1 1
node 9 1 1 1
node 10 1 1 1
node 11 1 1 1
node 12 1 1 1
node 13 1 1 1
node 14 1 1 1
node 15 1 1 1
node 16 1 1 1
node 17 1 1 1
node 18 1 1 1
node 19 1 1 1
node 20 1 1 1
node 21 1 1 1
node 22 1 1 1
node 23 1 1 1
node 24 1 1 1
node 25 1 1 1
node 26 1 1 3
node 27 1 0 2
node 28 1 0 2
node 29 1 0 2
gene 1 1 27 -0.911626 0 1 -0.911626 1
gene 1 1 28 -0.858723 0 2 -0.858723 1
gene 1 1 29 2.32926 0 3 2.32926 1
gene 1 2 27 -1.36051 0 4 -1.36051 1
gene 1 2 28 1.54054 0 5 1.54054 1
gene 1 2 29 -3.39846 0 6 -3.39846 1
gene 1 3 27 0.287899 0 7 0.287899 1
gene 1 3 28 3.93337 0 8 3.93337 1
gene 1 3 29 -1.5458 0 9 -1.5458 1
gene 1 4 27 -0.443151 0 10 -0.443151 1
gene 1 4 28 3.02708 0 11 3.02708 1
gene 1 4 29 -2.08204 0 12 -2.08204 1
gene 1 5 27 -5 0 13 -5 1
gene 1 5 28 -0.199744 0 14 -0.199744 1
gene 1 5 29 -0.580692 0 15 -0.580692 1
gene 1 6 27 4.14526 0 16 4.14526 1
gene 1 6 28 -3.95167 0 17 -3.95167 1
gene 1 6 29 -0.210238 0 18 -0.210238 1
gene 1 7 27 -0.280318 0 19 -0.280318 1
gene 1 7 28 1.79677 0 20 1.79677 1
gene 1 7 29 -3.31512 0 21 -3.31512 1
gene 1 8 27 1.92939 0 22 1.92939 1
gene 1 8 28 -1.89868 0 23 -1.89868 1
gene 1 8 29 -4.47932 0 24 -4.47932 1
gene 1 9 27 -2.81398 0 25 -2.81398 1
gene 1 9 28 -2.38958 0 26 -2.38958 1
gene 1 9 29 -0.896263 0 27 -0.896263 1
gene 1 10 27 0.794787 0 28 0.794787 1
gene 1 10 28 -0.799653 0 29 -0.799653 1
gene 1 10 29 -2.98774 0 30 -2.98774 1
gene 1 11 27 1.57925 0 27 1.57925 1
gene 1 11 28 0.928407 0 32 0.928407 1
gene 1 11 29 4.13618 0 33 4.13618 1
gene 1 12 27 -2.4946 0 34 -2.4946 1
gene 1 12 28 -2.22894 0 35 -2.22894 1
gene 1 12 29 0.932355 0 36 0.932355 1
gene 1 13 27 0.0295942 0 37 0.0295942 1
gene 1 13 28 0.961417 0 38 0.961417 1
gene 1 13 29 1.19341 0 39 1.19341 1
gene 1 14 27 -0.197027 0 40 -0.197027 1
gene 1 14 28 2.03668 0 41 2.03668 1
gene 1 14 29 -0.736665 0 42 -0.736665 1
gene 1 15 27 2.46673 0 43 2.46673 1
gene 1 15 28 3.76392 0 44 3.76392 1
gene 1 15 29 -1.1232 0 45 -1.1232 1
gene 1 16 27 3.87286 0 46 3.87286 1
gene 1 16 28 0.471296 0 47 0.471296 1
gene 1 16 29 -0.287405 0 48 -0.287405 1
gene 1 17 27 -0.377556 0 49 -0.377556 1
gene 1 17 28 1.12034 0 50 1.12034 1
gene 1 17 29 -1.68159 0 51 -1.68159 1
gene 1 18 27 -5 0 52 -5 1
gene 1 18 28 -4.51281 0 53 -4.51281 1
gene 1 18 29 -0.462834 0 54 -0.462834 1
gene 1 19 27 -0.0102611 0 55 -0.0102611 1
gene 1 19 28 -1.25279 0 56 -1.25279 1
gene 1 19 29 2.33976 0 57 2.33976 1
gene 1 20 27 1.17353 0 58 1.17353 1
gene 1 20 28 0.29359 0 59 0.29359 1
gene 1 20 29 0.963061 0 60 0.963061 1
gene 1 21 27 -2.523 0 61 -2.523 1
gene 1 21 28 -0.616316 0 62 -0.616316 1
gene 1 21 29 -3.037 0 63 -3.037 1
gene 1 22 27 -0.96523 0 64 -0.96523 1
gene 1 22 28 -1.40354 0 65 -1.40354 1
gene 1 22 29 -0.441951 0 66 -0.441951 1
gene 1 23 27 -0.180057 0 67 -0.180057 1
gene 1 23 28 -0.38452 0 68 -0.38452 1
gene 1 23 29 -0.999231 0 69 -0.999231 1
gene 1 24 27 -2.17142 0 70 -2.17142 1
gene 1 24 28 -0.734731 0 71 -0.734731 1
gene 1 24 29 0.185944 0 72 0.185944 1
gene 1 25 27 -0.67317 0 73 -0.67317 1
gene 1 25 28 0.321318 0 74 0.321318 1
gene 1 25 29 -0.644674 0 75 -0.644674 1
gene 1 26 27 0.536983 0 76 0.536983 1
gene 1 26 28 -0.785131 0 77 -0.785131 1
gene 1 26 29 -0.922605 0 78 -0.922605 1
genomeend 26


