/* Organism #6 Fitness: 38295.594000 Time: 0 */
genomestart 6
trait 1 0.100000 0.720270 0.131876 0.662975 0.000000 0.326580 0.000000 0.463145 
node 1 1 1 1
node 2 1 1 1
node 3 1 1 1
node 4 1 1 1
node 5 1 1 1
node 6 1 1 1
node 7 1 1 1
node 8 1 1 1
node 9 1 1 1
node 10 1 1 1
node 11 1 1 1
node 12 1 1 1
node 13 1 1 1
node 14 1 1 1
node 15 1 1 1
node 16 1 1 1
node 17 1 1 1
node 18 1 1 1
node 19 1 1 1
node 20 1 1 1
node 21 1 1 1
node 22 1 1 1
node 23 1 1 1
node 24 1 1 1
node 25 1 1 1
node 26 1 1 3
node 27 1 0 2
node 28 1 0 2
node 29 1 0 2
gene 1 1 27 -1.40009 0 1 -1.40009 1
gene 1 1 28 1.01473 0 2 1.01473 1
gene 1 1 29 -1.91816 0 3 -1.91816 1
gene 1 2 27 -0.533117 0 4 -0.533117 1
gene 1 2 28 2.3292 0 5 2.3292 1
gene 1 2 29 -4.88526 0 6 -4.88526 1
gene 1 3 27 2.7517 0 7 2.7517 1
gene 1 3 28 -1.7807 0 8 -1.7807 1
gene 1 3 29 -3.79256 0 9 -3.79256 1
gene 1 4 27 2.55701 0 10 2.55701 1
gene 1 4 28 0.0714642 0 11 0.0714642 1
gene 1 4 29 0.768719 0 12 0.768719 1
gene 1 5 27 1.65318 0 13 1.65318 1
gene 1 5 28 1.16796 0 14 1.16796 1
gene 1 5 29 -3.74098 0 15 -3.74098 1
gene 1 6 27 -3.76867 0 16 -3.76867 1
gene 1 6 28 1.83686 0 17 1.83686 1
gene 1 6 29 0.51137 0 18 0.51137 1
gene 1 7 27 2.19274 0 19 2.19274 1
gene 1 7 28 2.16502 0 20 2.16502 1
gene 1 7 29 0.777394 0 21 0.777394 1
gene 1 8 27 -4.24717 0 22 -4.24717 1
gene 1 8 28 -1.26566 0 23 -1.26566 1
gene 1 8 29 0.0152551 0 24 0.0152551 1
gene 1 9 27 -0.696985 0 25 -0.696985 1
gene 1 9 28 -2.99858 0 26 -2.99858 1
gene 1 9 29 2.47153 0 27 2.47153 1
gene 1 10 27 -5 0 28 -5 1
gene 1 10 28 3.73026 0 29 3.73026 1
gene 1 10 29 1.88107 0 30 1.88107 1
gene 1 11 27 -1.41572 0 27 -1.41572 1
gene 1 11 28 5 0 32 5 1
gene 1 11 29 0.725203 0 33 0.725203 1
gene 1 12 27 2.41783 0 34 2.41783 1
gene 1 12 28 3.31512 0 35 3.31512 1
gene 1 12 29 -0.299895 0 36 -0.299895 1
gene 1 13 27 -2.25814 0 37 -2.25814 1
gene 1 13 28 1.81413 0 38 1.81413 1
gene 1 13 29 0.274791 0 39 0.274791 1
gene 1 14 27 -1.81177 0 40 -1.81177 1
gene 1 14 28 0.714517 0 41 0.714517 1
gene 1 14 29 1.40651 0 42 1.40651 1
gene 1 15 27 4.63531 0 43 4.63531 1
gene 1 15 28 2.99381 0 44 2.99381 1
gene 1 15 29 2.50155 0 45 2.50155 1
gene 1 16 27 1.34274 0 46 1.34274 1
gene 1 16 28 -1.88712 0 47 -1.88712 1
gene 1 16 29 3.70483 0 48 3.70483 1
gene 1 17 27 4.39626 0 49 4.39626 1
gene 1 17 28 3.86268 0 50 3.86268 1
gene 1 17 29 2.2881 0 51 2.2881 1
gene 1 18 27 2.87631 0 52 2.87631 1
gene 1 18 28 -2.05663 0 53 -2.05663 1
gene 1 18 29 4.71276 0 54 4.71276 1
gene 1 19 27 -0.436604 0 55 -0.436604 1
gene 1 19 28 2.74099 0 56 2.74099 1
gene 1 19 29 1.2563 0 57 1.2563 1
gene 1 20 27 -0.741798 0 58 -0.741798 1
gene 1 20 28 -2.53572 0 59 -2.53572 1
gene 1 20 29 -3.79038 0 60 -3.79038 1
gene 1 21 27 3.32367 0 61 3.32367 1
gene 1 21 28 2.91791 0 62 2.91791 1
gene 1 21 29 -2.30651 0 63 -2.30651 1
gene 1 22 27 0.0581118 0 64 0.0581118 1
gene 1 22 28 3.00699 0 65 3.00699 1
gene 1 22 29 -0.300577 0 66 -0.300577 1
gene 1 23 27 0.0511591 0 67 0.0511591 1
gene 1 23 28 -0.0299107 0 68 -0.0299107 1
gene 1 23 29 -0.778347 0 69 -0.778347 1
gene 1 24 27 0.209907 0 70 0.209907 1
gene 1 24 28 0.293644 0 71 0.293644 1
gene 1 24 29 -0.978795 0 72 -0.978795 1
gene 1 25 27 0.495392 0 73 0.495392 1
gene 1 25 28 0.523204 0 74 0.523204 1
gene 1 25 29 -0.971968 0 75 -0.971968 1
gene 1 26 27 -0.170395 0 76 -0.170395 1
gene 1 26 28 0.867082 0 77 0.867082 1
gene 1 26 29 -0.68622 0 78 -0.68622 1
genomeend 6


