/* Organism #3 Fitness: 16782.140000 Time: 0 */
genomestart 3
trait 1 0.100000 0.000000 0.630807 0.701969 0.000000 0.695767 0.166597 0.000000 
node 1 1 1 1
node 2 1 1 1
node 3 1 1 1
node 4 1 1 1
node 5 1 1 1
node 6 1 1 1
node 7 1 1 1
node 8 1 1 1
node 9 1 1 1
node 10 1 1 1
node 11 1 1 1
node 12 1 1 1
node 13 1 1 1
node 14 1 1 1
node 15 1 1 1
node 16 1 1 1
node 17 1 1 1
node 18 1 1 1
node 19 1 1 1
node 20 1 1 1
node 21 1 1 1
node 22 1 1 1
node 23 1 1 1
node 24 1 1 1
node 25 1 1 1
node 26 1 1 1
node 27 1 1 1
node 28 1 1 1
node 29 1 1 1
node 30 1 1 1
node 31 1 1 1
node 32 1 1 1
node 33 1 1 1
node 34 1 1 1
node 35 1 1 3
node 36 1 0 2
node 37 1 0 2
node 38 1 0 2
node 39 1 0 2
gene 1 1 36 0.213228 0 1 0.213228 1
gene 1 1 37 -1.58865 0 2 -1.58865 1
gene 1 1 38 -0.461954 0 3 -0.461954 1
gene 1 1 39 -0.177267 0 4 -0.177267 1
gene 1 2 36 1.15917 0 5 1.15917 1
gene 1 2 37 -5 0 6 -5 1
gene 1 2 38 -0.71419 0 7 -0.71419 1
gene 1 2 39 0.511486 0 8 0.511486 1
gene 1 3 36 0.223548 0 9 0.223548 1
gene 1 3 37 2.84679 0 10 2.84679 1
gene 1 3 38 -1.64074 0 11 -1.64074 1
gene 1 3 39 -2.93195 0 12 -2.93195 1
gene 1 4 36 4.95742 0 13 4.95742 1
gene 1 4 37 -3.28882 0 14 -3.28882 1
gene 1 4 38 0.930576 0 15 0.930576 1
gene 1 4 39 -0.354735 0 16 -0.354735 1
gene 1 5 36 2.35004 0 17 2.35004 1
gene 1 5 37 -1.28077 0 18 -1.28077 1
gene 1 5 38 -0.72494 0 19 -0.72494 1
gene 1 5 39 -1.55654 0 20 -1.55654 1
gene 1 6 36 0.993896 0 21 0.993896 1
gene 1 6 37 0.437448 0 22 0.437448 1
gene 1 6 38 0.955658 0 23 0.955658 1
gene 1 6 39 -0.556387 0 24 -0.556387 1
gene 1 7 36 -0.571128 0 25 -0.571128 1
gene 1 7 37 0.392504 0 26 0.392504 1
gene 1 7 38 -1.40128 0 27 -1.40128 1
gene 1 7 39 -3.04547 0 28 -3.04547 1
gene 1 8 36 -3.16739 0 29 -3.16739 1
gene 1 8 37 2.17097 0 30 2.17097 1
gene 1 8 38 0.485867 0 31 0.485867 1
gene 1 8 39 -3.28532 0 32 -3.28532 1
gene 1 9 36 0.484331 0 33 0.484331 1
gene 1 9 37 -2.96984 0 34 -2.96984 1
gene 1 9 38 2.64271 0 35 2.64271 1
gene 1 9 39 1.20507 0 36 1.20507 1
gene 1 10 36 -0.803219 0 37 -0.803219 1
gene 1 10 37 0.801392 0 38 0.801392 1
gene 1 10 38 -1.9437 0 39 -1.9437 1
gene 1 10 39 0.135643 0 40 0.135643 1
gene 1 11 36 -2.37802 0 41 -2.37802 1
gene 1 11 37 -5 0 42 -5 1
gene 1 11 38 1.9089 0 43 1.9089 1
gene 1 11 39 -0.384214 0 44 -0.384214 1
gene 1 12 36 -1.36694 0 45 -1.36694 1
gene 1 12 37 1.98581 0 46 1.98581 1
gene 1 12 38 -1.29155 0 47 -1.29155 1
gene 1 12 39 0.129462 0 48 0.129462 1
gene 1 13 36 1.69058 0 49 1.69058 1
gene 1 13 37 2.50099 0 50 2.50099 1
gene 1 13 38 -0.481618 0 51 -0.481618 1
gene 1 13 39 1.81021 0 52 1.81021 1
gene 1 14 36 -2.10264 0 53 -2.10264 1
gene 1 14 37 -0.583978 0 54 -0.583978 1
gene 1 14 38 0.633304 0 55 0.633304 1
gene 1 14 39 -2.63814 0 56 -2.63814 1
gene 1 15 36 5 0 57 5 1
gene 1 15 37 -4.53025 0 58 -4.53025 1
gene 1 15 38 -0.906014 0 59 -0.906014 1
gene 1 15 39 -2.12283 0 60 -2.12283 1
gene 1 16 36 5 0 61 5 1
gene 1 16 37 -1.01203 0 62 -1.01203 1
gene 1 16 38 -1.56028 0 63 -1.56028 1
gene 1 16 39 -1.09702 0 64 -1.09702 1
gene 1 17 36 0.73147 0 65 0.73147 1
gene 1 17 37 -1.90768 0 66 -1.90768 1
gene 1 17 38 -0.587205 0 67 -0.587205 1
gene 1 17 39 1.78142 0 68 1.78142 1
gene 1 18 36 -4.21153 0 69 -4.21153 1
gene 1 18 37 1.44536 0 70 1.44536 1
gene 1 18 38 2.28205 0 71 2.28205 1
gene 1 18 39 -1.36708 0 72 -1.36708 1
gene 1 19 36 1.68738 0 73 1.68738 1
gene 1 19 37 -1.59756 0 74 -1.59756 1
gene 1 19 38 -3.59444 0 75 -3.59444 1
gene 1 19 39 5 0 76 5 1
gene 1 20 36 0.276586 0 77 0.276586 1
gene 1 20 37 1.53032 0 78 1.53032 1
gene 1 20 38 -0.569747 0 79 -0.569747 1
gene 1 20 39 2.94044 0 80 2.94044 1
gene 1 21 36 0.176371 0 81 0.176371 1
gene 1 21 37 -1.27479 0 82 -1.27479 1
gene 1 21 38 -3.60722 0 83 -3.60722 1
gene 1 21 39 0.945719 0 84 0.945719 1
gene 1 22 36 -0.847114 0 85 -0.847114 1
gene 1 22 37 -2.33092 0 86 -2.33092 1
gene 1 22 38 -2.64894 0 87 -2.64894 1
gene 1 22 39 0.249209 0 88 0.249209 1
gene 1 23 36 0.739921 0 89 0.739921 1
gene 1 23 37 -0.20462 0 90 -0.20462 1
gene 1 23 38 -4.77411 0 91 -4.77411 1
gene 1 23 39 4.19659 0 92 4.19659 1
gene 1 24 36 -0.426311 0 93 -0.426311 1
gene 1 24 37 0.3664 0 94 0.3664 1
gene 1 24 38 -0.256344 0 95 -0.256344 1
gene 1 24 39 -3.28732 0 96 -3.28732 1
gene 1 25 36 4.87702 0 97 4.87702 1
gene 1 25 37 -5 0 98 -5 1
gene 1 25 38 1.15341 0 99 1.15341 1
gene 1 25 39 -1.48883 0 100 -1.48883 1
gene 1 26 36 1.8489 0 101 1.8489 1
gene 1 26 37 3.40396 0 102 3.40396 1
gene 1 26 38 -1.87232 0 103 -1.87232 1
gene 1 26 39 0.00940277 0 104 0.00940277 1
gene 1 27 36 -2.42344 0 105 -2.42344 1
gene 1 27 37 -0.128523 0 106 -0.128523 1
gene 1 27 38 0.625395 0 107 0.625395 1
gene 1 27 39 1.01957 0 108 1.01957 1
gene 1 28 36 -2.00556 0 109 -2.00556 1
gene 1 28 37 4.4644 0 110 4.4644 1
gene 1 28 38 2.41219 0 111 2.41219 1
gene 1 28 39 2.82543 0 112 2.82543 1
gene 1 29 36 -1.97784 0 113 -1.97784 1
gene 1 29 37 -0.203021 0 114 -0.203021 1
gene 1 29 38 -1.81043 0 115 -1.81043 1
gene 1 29 39 -0.407794 0 116 -0.407794 1
gene 1 30 36 0.0619365 0 117 0.0619365 1
gene 1 30 37 -0.142991 0 118 -0.142991 1
gene 1 30 38 -0.225235 0 119 -0.225235 1
gene 1 30 39 -0.88991 0 120 -0.88991 1
gene 1 31 36 0.964401 0 121 0.964401 1
gene 1 31 37 -0.081688 0 122 -0.081688 1
gene 1 31 38 0.282452 0 123 0.282452 1
gene 1 31 39 -1.44556 0 124 -1.44556 1
gene 1 32 36 -0.852072 0 125 -0.852072 1
gene 1 32 37 1.52751 0 126 1.52751 1
gene 1 32 38 0.707207 0 127 0.707207 1
gene 1 32 39 1.29424 0 128 1.29424 1
gene 1 33 36 0.971516 0 129 0.971516 1
gene 1 33 37 -0.989161 0 130 -0.989161 1
gene 1 33 38 0.972389 0 131 0.972389 1
gene 1 33 39 0.067092 0 132 0.067092 1
gene 1 34 36 -0.0988257 0 133 -0.0988257 1
gene 1 34 37 -0.631949 0 134 -0.631949 1
gene 1 34 38 -0.17841 0 135 -0.17841 1
gene 1 34 39 2.97422 0 136 2.97422 1
gene 1 35 36 0.165351 0 137 0.165351 1
gene 1 35 37 3.60952 0 138 3.60952 1
gene 1 35 38 -0.657835 0 139 -0.657835 1
gene 1 35 39 0.588805 0 140 0.588805 1
genomeend 3


