/* Organism #3 Fitness: 17250.476000 Time: 0 */
genomestart 3
trait 1 0.452395 0.576802 0.000000 0.000000 0.684834 0.000000 0.000000 0.532946 
node 1 1 1 1
node 2 1 1 1
node 3 1 1 1
node 4 1 1 1
node 5 1 1 1
node 6 1 1 1
node 7 1 1 1
node 8 1 1 1
node 9 1 1 1
node 10 1 1 1
node 11 1 1 1
node 12 1 1 1
node 13 1 1 1
node 14 1 1 1
node 15 1 1 1
node 16 1 1 1
node 17 1 1 1
node 18 1 1 1
node 19 1 1 1
node 20 1 1 1
node 21 1 1 1
node 22 1 1 1
node 23 1 1 1
node 24 1 1 1
node 25 1 1 1
node 26 1 1 1
node 27 1 1 1
node 28 1 1 1
node 29 1 1 1
node 30 1 1 1
node 31 1 1 1
node 32 1 1 1
node 33 1 1 1
node 34 1 1 1
node 35 1 1 3
node 36 1 0 2
node 37 1 0 2
node 38 1 0 2
node 39 1 0 2
gene 1 1 36 1.42892 0 1 1.42892 1
gene 1 1 37 -1.34346 0 2 -1.34346 1
gene 1 1 38 2.25377 0 3 2.25377 1
gene 1 1 39 -1.52491 0 4 -1.52491 1
gene 1 2 36 2.07572 0 5 2.07572 1
gene 1 2 37 -2.44451 0 6 -2.44451 1
gene 1 2 38 4.65444 0 7 4.65444 1
gene 1 2 39 4.79834 0 8 4.79834 1
gene 1 3 36 0.0730736 0 9 0.0730736 1
gene 1 3 37 -3.12146 0 10 -3.12146 1
gene 1 3 38 4.86681 0 11 4.86681 1
gene 1 3 39 -0.253335 0 12 -0.253335 1
gene 1 4 36 -0.810943 0 13 -0.810943 1
gene 1 4 37 1.1787 0 14 1.1787 1
gene 1 4 38 1.66085 0 15 1.66085 1
gene 1 4 39 -2.30229 0 16 -2.30229 1
gene 1 5 36 3.7624 0 17 3.7624 1
gene 1 5 37 -1.18325 0 18 -1.18325 1
gene 1 5 38 0.287903 0 19 0.287903 1
gene 1 5 39 0.22144 0 20 0.22144 1
gene 1 6 36 -1.41648 0 21 -1.41648 1
gene 1 6 37 0.108392 0 22 0.108392 1
gene 1 6 38 -4.25006 0 23 -4.25006 1
gene 1 6 39 -0.905683 0 24 -0.905683 1
gene 1 7 36 -3.62994 0 25 -3.62994 1
gene 1 7 37 0.548371 0 26 0.548371 1
gene 1 7 38 0.609928 0 27 0.609928 1
gene 1 7 39 -0.0982133 0 28 -0.0982133 1
gene 1 8 36 -2.40318 0 29 -2.40318 1
gene 1 8 37 1.32788 0 30 1.32788 1
gene 1 8 38 0.492251 0 31 0.492251 1
gene 1 8 39 -0.547255 0 32 -0.547255 1
gene 1 9 36 4.12851 0 33 4.12851 1
gene 1 9 37 0.480294 0 34 0.480294 1
gene 1 9 38 0.108455 0 35 0.108455 1
gene 1 9 39 -0.675297 0 36 -0.675297 1
gene 1 10 36 0.410194 0 37 0.410194 1
gene 1 10 37 2.45411 0 38 2.45411 1
gene 1 10 38 -0.258142 0 39 -0.258142 1
gene 1 10 39 0.572298 0 40 0.572298 1
gene 1 11 36 5 0 41 5 1
gene 1 11 37 -2.19052 0 42 -2.19052 1
gene 1 11 38 -0.539253 0 43 -0.539253 1
gene 1 11 39 1.84395 0 44 1.84395 1
gene 1 12 36 -0.305008 0 45 -0.305008 1
gene 1 12 37 -1.74041 0 46 -1.74041 1
gene 1 12 38 1.278 0 47 1.278 1
gene 1 12 39 -1.99722 0 48 -1.99722 1
gene 1 13 36 0.0598866 0 49 0.0598866 1
gene 1 13 37 1.87989 0 50 1.87989 1
gene 1 13 38 -0.942126 0 51 -0.942126 1
gene 1 13 39 1.70391 0 52 1.70391 1
gene 1 14 36 -3.1373 0 53 -3.1373 1
gene 1 14 37 1.27331 0 54 1.27331 1
gene 1 14 38 1.5115 0 55 1.5115 1
gene 1 14 39 -0.0882283 0 56 -0.0882283 1
gene 1 15 36 -0.918827 0 57 -0.918827 1
gene 1 15 37 -0.309737 0 58 -0.309737 1
gene 1 15 38 -1.04986 0 59 -1.04986 1
gene 1 15 39 2.09433 0 60 2.09433 1
gene 1 16 36 1.03803 0 61 1.03803 1
gene 1 16 37 -0.907583 0 62 -0.907583 1
gene 1 16 38 0.00117545 0 63 0.00117545 1
gene 1 16 39 0.144478 0 64 0.144478 1
gene 1 17 36 -4.62991 0 65 -4.62991 1
gene 1 17 37 0.19534 0 66 0.19534 1
gene 1 17 38 -1.96749 0 67 -1.96749 1
gene 1 17 39 -1.41329 0 68 -1.41329 1
gene 1 18 36 0.372606 0 69 0.372606 1
gene 1 18 37 -3.88835 0 70 -3.88835 1
gene 1 18 38 -3.31563 0 71 -3.31563 1
gene 1 18 39 -0.633132 0 72 -0.633132 1
gene 1 19 36 -0.00293544 0 73 -0.00293544 1
gene 1 19 37 0.0177567 0 74 0.0177567 1
gene 1 19 38 -1.56839 0 75 -1.56839 1
gene 1 19 39 -1.44086 0 76 -1.44086 1
gene 1 20 36 -0.421988 0 77 -0.421988 1
gene 1 20 37 -0.281461 0 78 -0.281461 1
gene 1 20 38 -4.92376 0 79 -4.92376 1
gene 1 20 39 -0.242344 0 80 -0.242344 1
gene 1 21 36 -0.189764 0 81 -0.189764 1
gene 1 21 37 0.746591 0 82 0.746591 1
gene 1 21 38 -2.55898 0 83 -2.55898 1
gene 1 21 39 -0.108004 0 84 -0.108004 1
gene 1 22 36 0.45325 0 85 0.45325 1
gene 1 22 37 1.26146 0 86 1.26146 1
gene 1 22 38 -1.10227 0 87 -1.10227 1
gene 1 22 39 -0.751847 0 88 -0.751847 1
gene 1 23 36 -0.556657 0 89 -0.556657 1
gene 1 23 37 0.151454 0 90 0.151454 1
gene 1 23 38 -3.7401 0 91 -3.7401 1
gene 1 23 39 -4.7727 0 92 -4.7727 1
gene 1 24 36 0.327213 0 93 0.327213 1
gene 1 24 37 1.12931 0 94 1.12931 1
gene 1 24 38 -1.61666 0 95 -1.61666 1
gene 1 24 39 0.487265 0 96 0.487265 1
gene 1 25 36 4.31892 0 97 4.31892 1
gene 1 25 37 2.98076 0 98 2.98076 1
gene 1 25 38 1.26855 0 99 1.26855 1
gene 1 25 39 -1.19093 0 100 -1.19093 1
gene 1 26 36 -1.10513 0 101 -1.10513 1
gene 1 26 37 0.176372 0 102 0.176372 1
gene 1 26 38 -2.22562 0 103 -2.22562 1
gene 1 26 39 -1.74163 0 104 -1.74163 1
gene 1 27 36 -2.10697 0 105 -2.10697 1
gene 1 27 37 -1.21659 0 106 -1.21659 1
gene 1 27 38 1.45876 0 107 1.45876 1
gene 1 27 39 -0.536047 0 108 -0.536047 1
gene 1 28 36 1.81043 0 109 1.81043 1
gene 1 28 37 -0.714448 0 110 -0.714448 1
gene 1 28 38 -1.02343 0 111 -1.02343 1
gene 1 28 39 -2.18389 0 112 -2.18389 1
gene 1 29 36 2.28018 0 113 2.28018 1
gene 1 29 37 0.0907374 0 114 0.0907374 1
gene 1 29 38 -0.151577 0 115 -0.151577 1
gene 1 29 39 0.371562 0 116 0.371562 1
gene 1 30 36 -0.68961 0 117 -0.68961 1
gene 1 30 37 -1.53135 0 118 -1.53135 1
gene 1 30 38 -3.9926 0 119 -3.9926 1
gene 1 30 39 1.25559 0 120 1.25559 1
gene 1 31 36 0.260695 0 121 0.260695 1
gene 1 31 37 -1.47302 0 122 -1.47302 1
gene 1 31 38 -0.163879 0 123 -0.163879 1
gene 1 31 39 -1.04803 0 124 -1.04803 1
gene 1 32 36 -1.63208 0 125 -1.63208 1
gene 1 32 37 0.50514 0 126 0.50514 1
gene 1 32 38 -0.247282 0 127 -0.247282 1
gene 1 32 39 -0.197669 0 128 -0.197669 1
gene 1 33 36 0.0397064 0 129 0.0397064 1
gene 1 33 37 0.0524246 0 130 0.0524246 1
gene 1 33 38 0.245513 0 131 0.245513 1
gene 1 33 39 -1.19189 0 132 -1.19189 1
gene 1 34 36 -0.259003 0 133 -0.259003 1
gene 1 34 37 -3.7803 0 134 -3.7803 1
gene 1 34 38 1.6199 0 135 1.6199 1
gene 1 34 39 -1.07725 0 136 -1.07725 1
gene 1 35 36 0.183118 0 137 0.183118 1
gene 1 35 37 0.579423 0 138 0.579423 1
gene 1 35 38 0.421794 0 139 0.421794 1
gene 1 35 39 -0.493306 0 140 -0.493306 1
genomeend 3


