/* Organism #3 Fitness: 18195.202000 Time: 0 */
genomestart 3
trait 1 0.100000 1.000000 0.000000 0.000000 0.000000 1.000000 0.000000 0.264340 
node 1 1 1 1
node 2 1 1 1
node 3 1 1 1
node 4 1 1 1
node 5 1 1 1
node 6 1 1 1
node 7 1 1 1
node 8 1 1 1
node 9 1 1 1
node 10 1 1 1
node 11 1 1 1
node 12 1 1 1
node 13 1 1 1
node 14 1 1 1
node 15 1 1 1
node 16 1 1 1
node 17 1 1 1
node 18 1 1 1
node 19 1 1 1
node 20 1 1 1
node 21 1 1 1
node 22 1 1 1
node 23 1 1 1
node 24 1 1 1
node 25 1 1 1
node 26 1 1 1
node 27 1 1 1
node 28 1 1 1
node 29 1 1 1
node 30 1 1 1
node 31 1 1 1
node 32 1 1 1
node 33 1 1 1
node 34 1 1 1
node 35 1 1 3
node 36 1 0 2
node 37 1 0 2
node 38 1 0 2
node 39 1 0 2
gene 1 1 36 -4.6967 0 1 -4.6967 1
gene 1 1 37 -0.32781 0 2 -0.32781 1
gene 1 1 38 1.41265 0 3 1.41265 1
gene 1 1 39 -1.86165 0 4 -1.86165 1
gene 1 2 36 -0.782782 0 5 -0.782782 1
gene 1 2 37 -1.15861 0 6 -1.15861 1
gene 1 2 38 1.05897 0 7 1.05897 1
gene 1 2 39 1.39534 0 8 1.39534 1
gene 1 3 36 0.0419504 0 9 0.0419504 1
gene 1 3 37 -1.84524 0 10 -1.84524 1
gene 1 3 38 -0.764747 0 11 -0.764747 1
gene 1 3 39 0.888577 0 12 0.888577 1
gene 1 4 36 3.51543 0 13 3.51543 1
gene 1 4 37 -0.704469 0 14 -0.704469 1
gene 1 4 38 -1.11047 0 15 -1.11047 1
gene 1 4 39 -0.96657 0 16 -0.96657 1
gene 1 5 36 1.70788 0 17 1.70788 1
gene 1 5 37 4.82712 0 18 4.82712 1
gene 1 5 38 -2.36075 0 19 -2.36075 1
gene 1 5 39 1.08216 0 20 1.08216 1
gene 1 6 36 3.88804 0 21 3.88804 1
gene 1 6 37 0.532175 0 22 0.532175 1
gene 1 6 38 -0.174152 0 23 -0.174152 1
gene 1 6 39 1.06794 0 24 1.06794 1
gene 1 7 36 -1.44489 0 25 -1.44489 1
gene 1 7 37 0.52966 0 26 0.52966 1
gene 1 7 38 3.35708 0 27 3.35708 1
gene 1 7 39 -1.99565 0 28 -1.99565 1
gene 1 8 36 -1.99632 0 29 -1.99632 1
gene 1 8 37 0.653366 0 30 0.653366 1
gene 1 8 38 0.101387 0 31 0.101387 1
gene 1 8 39 0.933414 0 32 0.933414 1
gene 1 9 36 -1.71435 0 33 -1.71435 1
gene 1 9 37 0.847791 0 34 0.847791 1
gene 1 9 38 -3.07264 0 35 -3.07264 1
gene 1 9 39 -2.20027 0 36 -2.20027 1
gene 1 10 36 1.6746 0 37 1.6746 1
gene 1 10 37 1.98058 0 38 1.98058 1
gene 1 10 38 1.09203 0 39 1.09203 1
gene 1 10 39 -0.800937 0 40 -0.800937 1
gene 1 11 36 1.6988 0 41 1.6988 1
gene 1 11 37 -4.15027 0 42 -4.15027 1
gene 1 11 38 -3.42026 0 43 -3.42026 1
gene 1 11 39 1.99216 0 44 1.99216 1
gene 1 12 36 1.43198 0 45 1.43198 1
gene 1 12 37 -0.369646 0 46 -0.369646 1
gene 1 12 38 1.13716 0 47 1.13716 1
gene 1 12 39 1.05286 0 48 1.05286 1
gene 1 13 36 -5 0 49 -5 1
gene 1 13 37 3.36039 0 50 3.36039 1
gene 1 13 38 0.904124 0 51 0.904124 1
gene 1 13 39 -0.508703 0 52 -0.508703 1
gene 1 14 36 -1.43315 0 53 -1.43315 1
gene 1 14 37 2.57687 0 54 2.57687 1
gene 1 14 38 1.13306 0 55 1.13306 1
gene 1 14 39 -1.44904 0 56 -1.44904 1
gene 1 15 36 -1.05193 0 57 -1.05193 1
gene 1 15 37 -0.428612 0 58 -0.428612 1
gene 1 15 38 4.65441 0 59 4.65441 1
gene 1 15 39 -1.72316 0 60 -1.72316 1
gene 1 16 36 2.92045 0 61 2.92045 1
gene 1 16 37 -0.427718 0 62 -0.427718 1
gene 1 16 38 -2.617 0 63 -2.617 1
gene 1 16 39 -2.05906 0 64 -2.05906 1
gene 1 17 36 -2.0902 0 65 -2.0902 1
gene 1 17 37 -1.72748 0 66 -1.72748 1
gene 1 17 38 -3.17534 0 67 -3.17534 1
gene 1 17 39 -0.0613813 0 68 -0.0613813 1
gene 1 18 36 -0.898815 0 69 -0.898815 1
gene 1 18 37 1.96183 0 70 1.96183 1
gene 1 18 38 0.615862 0 71 0.615862 1
gene 1 18 39 0.504873 0 72 0.504873 1
gene 1 19 36 2.00955 0 73 2.00955 1
gene 1 19 37 -2.75959 0 74 -2.75959 1
gene 1 19 38 -0.309195 0 75 -0.309195 1
gene 1 19 39 -0.12283 0 76 -0.12283 1
gene 1 20 36 -0.514316 0 77 -0.514316 1
gene 1 20 37 -0.509879 0 78 -0.509879 1
gene 1 20 38 -5 0 79 -5 1
gene 1 20 39 2.42535 0 80 2.42535 1
gene 1 21 36 -0.602884 0 81 -0.602884 1
gene 1 21 37 0.827929 0 82 0.827929 1
gene 1 21 38 -0.472358 0 83 -0.472358 1
gene 1 21 39 1.80327 0 84 1.80327 1
gene 1 22 36 1.76814 0 85 1.76814 1
gene 1 22 37 -1.14668 0 86 -1.14668 1
gene 1 22 38 -3.0276 0 87 -3.0276 1
gene 1 22 39 -1.36765 0 88 -1.36765 1
gene 1 23 36 0.567316 0 89 0.567316 1
gene 1 23 37 2.21256 0 90 2.21256 1
gene 1 23 38 -0.331343 0 91 -0.331343 1
gene 1 23 39 -2.86657 0 92 -2.86657 1
gene 1 24 36 0.844617 0 93 0.844617 1
gene 1 24 37 -0.507336 0 94 -0.507336 1
gene 1 24 38 -1.01426 0 95 -1.01426 1
gene 1 24 39 0.698475 0 96 0.698475 1
gene 1 25 36 3.94965 0 97 3.94965 1
gene 1 25 37 3.7222 0 98 3.7222 1
gene 1 25 38 0.435104 0 99 0.435104 1
gene 1 25 39 -5 0 100 -5 1
gene 1 26 36 -1.36245 0 101 -1.36245 1
gene 1 26 37 -1.78936 0 102 -1.78936 1
gene 1 26 38 -0.316269 0 103 -0.316269 1
gene 1 26 39 1.48203 0 104 1.48203 1
gene 1 27 36 -1.01049 0 105 -1.01049 1
gene 1 27 37 0.593556 0 106 0.593556 1
gene 1 27 38 -2.56611 0 107 -2.56611 1
gene 1 27 39 -3.11141 0 108 -3.11141 1
gene 1 28 36 4.31793 0 109 4.31793 1
gene 1 28 37 2.30676 0 110 2.30676 1
gene 1 28 38 -4.68828 0 111 -4.68828 1
gene 1 28 39 -4.38535 0 112 -4.38535 1
gene 1 29 36 -1.50943 0 113 -1.50943 1
gene 1 29 37 -0.313606 0 114 -0.313606 1
gene 1 29 38 -0.0918339 0 115 -0.0918339 1
gene 1 29 39 -0.421875 0 116 -0.421875 1
gene 1 30 36 -0.444806 0 117 -0.444806 1
gene 1 30 37 -0.0638005 0 118 -0.0638005 1
gene 1 30 38 -1.2091 0 119 -1.2091 1
gene 1 30 39 0.479473 0 120 0.479473 1
gene 1 31 36 -0.00768357 0 121 -0.00768357 1
gene 1 31 37 -2.27571 0 122 -2.27571 1
gene 1 31 38 -0.305745 0 123 -0.305745 1
gene 1 31 39 2.24584 0 124 2.24584 1
gene 1 32 36 0.333553 0 125 0.333553 1
gene 1 32 37 0.445732 0 126 0.445732 1
gene 1 32 38 0.320343 0 127 0.320343 1
gene 1 32 39 -0.621931 0 128 -0.621931 1
gene 1 33 36 -1.83151 0 129 -1.83151 1
gene 1 33 37 -1.7827 0 130 -1.7827 1
gene 1 33 38 2.75855 0 131 2.75855 1
gene 1 33 39 -0.537444 0 132 -0.537444 1
gene 1 34 36 1.54056 0 133 1.54056 1
gene 1 34 37 -1.18052 0 134 -1.18052 1
gene 1 34 38 -2.30418 0 135 -2.30418 1
gene 1 34 39 0.699332 0 136 0.699332 1
gene 1 35 36 -0.320055 0 137 -0.320055 1
gene 1 35 37 -0.807058 0 138 -0.807058 1
gene 1 35 38 -0.20669 0 139 -0.20669 1
gene 1 35 39 -2.47807 0 140 -2.47807 1
genomeend 3


