/* Organism #2 Fitness: 17297.098000 Time: 0 */
genomestart 2
trait 1 1.000000 0.000000 0.000000 0.000000 0.000000 0.000000 0.000000 0.350416 
node 1 1 1 1
node 2 1 1 1
node 3 1 1 1
node 4 1 1 1
node 5 1 1 1
node 6 1 1 1
node 7 1 1 1
node 8 1 1 1
node 9 1 1 1
node 10 1 1 1
node 11 1 1 1
node 12 1 1 1
node 13 1 1 1
node 14 1 1 1
node 15 1 1 1
node 16 1 1 1
node 17 1 1 1
node 18 1 1 1
node 19 1 1 1
node 20 1 1 1
node 21 1 1 1
node 22 1 1 1
node 23 1 1 1
node 24 1 1 1
node 25 1 1 1
node 26 1 1 1
node 27 1 1 1
node 28 1 1 1
node 29 1 1 1
node 30 1 1 1
node 31 1 1 1
node 32 1 1 1
node 33 1 1 1
node 34 1 1 1
node 35 1 1 3
node 36 1 0 2
node 37 1 0 2
node 38 1 0 2
node 39 1 0 2
gene 1 1 36 -4.76528 0 1 -4.76528 1
gene 1 1 37 -1.66411 0 2 -1.66411 1
gene 1 1 38 -0.560663 0 3 -0.560663 1
gene 1 1 39 2.47404 0 4 2.47404 1
gene 1 2 36 -0.646704 0 5 -0.646704 1
gene 1 2 37 -1.06564 0 6 -1.06564 1
gene 1 2 38 -1.48118 0 7 -1.48118 1
gene 1 2 39 0.244871 0 8 0.244871 1
gene 1 3 36 -1.58113 0 9 -1.58113 1
gene 1 3 37 -5 0 10 -5 1
gene 1 3 38 -0.881262 0 11 -0.881262 1
gene 1 3 39 -1.61625 0 12 -1.61625 1
gene 1 4 36 -3.73243 0 13 -3.73243 1
gene 1 4 37 -0.543462 0 14 -0.543462 1
gene 1 4 38 0.95751 0 15 0.95751 1
gene 1 4 39 -0.929475 0 16 -0.929475 1
gene 1 5 36 -0.311127 0 17 -0.311127 1
gene 1 5 37 2.23048 0 18 2.23048 1
gene 1 5 38 -3.34461 0 19 -3.34461 1
gene 1 5 39 0.993643 0 20 0.993643 1
gene 1 6 36 1.98229 0 21 1.98229 1
gene 1 6 37 0.977063 0 22 0.977063 1
gene 1 6 38 4.56018 0 23 4.56018 1
gene 1 6 39 2.42108 0 24 2.42108 1
gene 1 7 36 1.46765 0 25 1.46765 1
gene 1 7 37 1.17339 0 26 1.17339 1
gene 1 7 38 1.32818 0 27 1.32818 1
gene 1 7 39 -0.515215 0 28 -0.515215 1
gene 1 8 36 -0.303547 0 29 -0.303547 1
gene 1 8 37 1.24746 0 30 1.24746 1
gene 1 8 38 1.65359 0 31 1.65359 1
gene 1 8 39 -5 0 32 -5 1
gene 1 9 36 0.708185 0 33 0.708185 1
gene 1 9 37 -0.0169373 0 34 -0.0169373 1
gene 1 9 38 1.5671 0 35 1.5671 1
gene 1 9 39 -2.8709 0 36 -2.8709 1
gene 1 10 36 -1.47788 0 37 -1.47788 1
gene 1 10 37 -0.455796 0 38 -0.455796 1
gene 1 10 38 2.26609 0 39 2.26609 1
gene 1 10 39 4.83677 0 40 4.83677 1
gene 1 11 36 4.15517 0 41 4.15517 1
gene 1 11 37 -3.7646 0 42 -3.7646 1
gene 1 11 38 -0.13439 0 43 -0.13439 1
gene 1 11 39 -0.370585 0 44 -0.370585 1
gene 1 12 36 2.03093 0 45 2.03093 1
gene 1 12 37 -3.21071 0 46 -3.21071 1
gene 1 12 38 -0.570221 0 47 -0.570221 1
gene 1 12 39 -0.895051 0 48 -0.895051 1
gene 1 13 36 -4.23278 0 49 -4.23278 1
gene 1 13 37 3.90126 0 50 3.90126 1
gene 1 13 38 -1.11451 0 51 -1.11451 1
gene 1 13 39 2.1868 0 52 2.1868 1
gene 1 14 36 0.83334 0 53 0.83334 1
gene 1 14 37 0.837669 0 54 0.837669 1
gene 1 14 38 0.753363 0 55 0.753363 1
gene 1 14 39 -3.31471 0 56 -3.31471 1
gene 1 15 36 1.91836 0 57 1.91836 1
gene 1 15 37 1.22163 0 58 1.22163 1
gene 1 15 38 0.811597 0 59 0.811597 1
gene 1 15 39 1.86965 0 60 1.86965 1
gene 1 16 36 1.49651 0 61 1.49651 1
gene 1 16 37 -3.47073 0 62 -3.47073 1
gene 1 16 38 -0.272449 0 63 -0.272449 1
gene 1 16 39 1.68192 0 64 1.68192 1
gene 1 17 36 -2.19194 0 65 -2.19194 1
gene 1 17 37 1.01163 0 66 1.01163 1
gene 1 17 38 -2.68574 0 67 -2.68574 1
gene 1 17 39 1.38421 0 68 1.38421 1
gene 1 18 36 -0.717212 0 69 -0.717212 1
gene 1 18 37 -1.73053 0 70 -1.73053 1
gene 1 18 38 -4.43468 0 71 -4.43468 1
gene 1 18 39 0.310503 0 72 0.310503 1
gene 1 19 36 -0.894222 0 73 -0.894222 1
gene 1 19 37 -1.33087 0 74 -1.33087 1
gene 1 19 38 1.62001 0 75 1.62001 1
gene 1 19 39 -2.06103 0 76 -2.06103 1
gene 1 20 36 -3.87297 0 77 -3.87297 1
gene 1 20 37 -0.166502 0 78 -0.166502 1
gene 1 20 38 -1.57468 0 79 -1.57468 1
gene 1 20 39 -2.98569 0 80 -2.98569 1
gene 1 21 36 0.508682 0 81 0.508682 1
gene 1 21 37 -3.35836 0 82 -3.35836 1
gene 1 21 38 1.45773 0 83 1.45773 1
gene 1 21 39 -2.34805 0 84 -2.34805 1
gene 1 22 36 -1.95397 0 85 -1.95397 1
gene 1 22 37 0.841226 0 86 0.841226 1
gene 1 22 38 -2.38924 0 87 -2.38924 1
gene 1 22 39 0.142166 0 88 0.142166 1
gene 1 23 36 4.64078 0 89 4.64078 1
gene 1 23 37 -1.69743 0 90 -1.69743 1
gene 1 23 38 0.991902 0 91 0.991902 1
gene 1 23 39 -1.41557 0 92 -1.41557 1
gene 1 24 36 2.8257 0 93 2.8257 1
gene 1 24 37 1.56869 0 94 1.56869 1
gene 1 24 38 0.852473 0 95 0.852473 1
gene 1 24 39 2.87905 0 96 2.87905 1
gene 1 25 36 5 0 97 5 1
gene 1 25 37 4.23767 0 98 4.23767 1
gene 1 25 38 -5 0 99 -5 1
gene 1 25 39 -5 0 100 -5 1
gene 1 26 36 0.328772 0 101 0.328772 1
gene 1 26 37 3.80664 0 102 3.80664 1
gene 1 26 38 0.472306 0 103 0.472306 1
gene 1 26 39 1.72849 0 104 1.72849 1
gene 1 27 36 5 0 105 5 1
gene 1 27 37 -2.38291 0 106 -2.38291 1
gene 1 27 38 -2.28255 0 107 -2.28255 1
gene 1 27 39 1.70103 0 108 1.70103 1
gene 1 28 36 1.35551 0 109 1.35551 1
gene 1 28 37 2.3164 0 110 2.3164 1
gene 1 28 38 4.19356 0 111 4.19356 1
gene 1 28 39 0.248155 0 112 0.248155 1
gene 1 29 36 -0.498233 0 113 -0.498233 1
gene 1 29 37 0.545767 0 114 0.545767 1
gene 1 29 38 -0.537828 0 115 -0.537828 1
gene 1 29 39 -0.2517 0 116 -0.2517 1
gene 1 30 36 -0.965482 0 117 -0.965482 1
gene 1 30 37 0.161478 0 118 0.161478 1
gene 1 30 38 -5 0 119 -5 1
gene 1 30 39 1.03568 0 120 1.03568 1
gene 1 31 36 -1.44347 0 121 -1.44347 1
gene 1 31 37 0.136799 0 122 0.136799 1
gene 1 31 38 -1.30971 0 123 -1.30971 1
gene 1 31 39 -0.695104 0 124 -0.695104 1
gene 1 32 36 -0.913178 0 125 -0.913178 1
gene 1 32 37 -0.236133 0 126 -0.236133 1
gene 1 32 38 3.29732 0 127 3.29732 1
gene 1 32 39 0.0509251 0 128 0.0509251 1
gene 1 33 36 0.1195 0 129 0.1195 1
gene 1 33 37 0.701899 0 130 0.701899 1
gene 1 33 38 1.72085 0 131 1.72085 1
gene 1 33 39 1.27758 0 132 1.27758 1
gene 1 34 36 0.337887 0 133 0.337887 1
gene 1 34 37 -0.648105 0 134 -0.648105 1
gene 1 34 38 -1.96445 0 135 -1.96445 1
gene 1 34 39 -2.62088 0 136 -2.62088 1
gene 1 35 36 2.10242 0 137 2.10242 1
gene 1 35 37 -0.257422 0 138 -0.257422 1
gene 1 35 38 0.955029 0 139 0.955029 1
gene 1 35 39 0.0953372 0 140 0.0953372 1
genomeend 2


