/* Organism #1 Fitness: 17700.136000 Time: 0 */
genomestart 1
trait 1 0.100000 0.000000 0.000000 0.000000 0.000000 0.000000 0.444766 0.554965 
node 1 1 1 1
node 2 1 1 1
node 3 1 1 1
node 4 1 1 1
node 5 1 1 1
node 6 1 1 1
node 7 1 1 1
node 8 1 1 1
node 9 1 1 1
node 10 1 1 1
node 11 1 1 1
node 12 1 1 1
node 13 1 1 1
node 14 1 1 1
node 15 1 1 1
node 16 1 1 1
node 17 1 1 1
node 18 1 1 1
node 19 1 1 1
node 20 1 1 1
node 21 1 1 1
node 22 1 1 1
node 23 1 1 1
node 24 1 1 1
node 25 1 1 1
node 26 1 1 1
node 27 1 1 1
node 28 1 1 1
node 29 1 1 1
node 30 1 1 1
node 31 1 1 1
node 32 1 1 1
node 33 1 1 1
node 34 1 1 1
node 35 1 1 3
node 36 1 0 2
node 37 1 0 2
node 38 1 0 2
node 39 1 0 2
gene 1 1 36 3.14174 0 1 3.14174 1
gene 1 1 37 -0.319609 0 2 -0.319609 1
gene 1 1 38 0.319173 0 3 0.319173 1
gene 1 1 39 0.292275 0 4 0.292275 1
gene 1 2 36 0.322728 0 5 0.322728 1
gene 1 2 37 1.62639 0 6 1.62639 1
gene 1 2 38 -2.13463 0 7 -2.13463 1
gene 1 2 39 0.762832 0 8 0.762832 1
gene 1 3 36 0.322441 0 9 0.322441 1
gene 1 3 37 1.80586 0 10 1.80586 1
gene 1 3 38 0.631905 0 11 0.631905 1
gene 1 3 39 4.67726 0 12 4.67726 1
gene 1 4 36 3.12019 0 13 3.12019 1
gene 1 4 37 2.1518 0 14 2.1518 1
gene 1 4 38 -3.12281 0 15 -3.12281 1
gene 1 4 39 -2.29995 0 16 -2.29995 1
gene 1 5 36 1.30257 0 17 1.30257 1
gene 1 5 37 0.917825 0 18 0.917825 1
gene 1 5 38 -2.39943 0 19 -2.39943 1
gene 1 5 39 -0.127697 0 20 -0.127697 1
gene 1 6 36 -1.16942 0 21 -1.16942 1
gene 1 6 37 1.46791 0 22 1.46791 1
gene 1 6 38 -0.976676 0 23 -0.976676 1
gene 1 6 39 2.23749 0 24 2.23749 1
gene 1 7 36 0.498351 0 25 0.498351 1
gene 1 7 37 -0.0697673 0 26 -0.0697673 1
gene 1 7 38 1.12993 0 27 1.12993 1
gene 1 7 39 0.164472 0 28 0.164472 1
gene 1 8 36 -1.56016 0 29 -1.56016 1
gene 1 8 37 1.40449 0 30 1.40449 1
gene 1 8 38 0.547094 0 31 0.547094 1
gene 1 8 39 -2.02915 0 32 -2.02915 1
gene 1 9 36 0.727552 0 33 0.727552 1
gene 1 9 37 -1.89405 0 34 -1.89405 1
gene 1 9 38 -0.240074 0 35 -0.240074 1
gene 1 9 39 -3.99656 0 36 -3.99656 1
gene 1 10 36 0.0771945 0 37 0.0771945 1
gene 1 10 37 -1.32436 0 38 -1.32436 1
gene 1 10 38 1.19212 0 39 1.19212 1
gene 1 10 39 4.13016 0 40 4.13016 1
gene 1 11 36 1.21893 0 41 1.21893 1
gene 1 11 37 -4.08234 0 42 -4.08234 1
gene 1 11 38 -2.02261 0 43 -2.02261 1
gene 1 11 39 1.48096 0 44 1.48096 1
gene 1 12 36 3.76271 0 45 3.76271 1
gene 1 12 37 -4.13463 0 46 -4.13463 1
gene 1 12 38 0.106668 0 47 0.106668 1
gene 1 12 39 -1.06067 0 48 -1.06067 1
gene 1 13 36 -1.0512 0 49 -1.0512 1
gene 1 13 37 0.0713718 0 50 0.0713718 1
gene 1 13 38 -1.08157 0 51 -1.08157 1
gene 1 13 39 2.32602 0 52 2.32602 1
gene 1 14 36 0.384068 0 53 0.384068 1
gene 1 14 37 4.32488 0 54 4.32488 1
gene 1 14 38 2.97555 0 55 2.97555 1
gene 1 14 39 -0.0469176 0 56 -0.0469176 1
gene 1 15 36 -0.504312 0 57 -0.504312 1
gene 1 15 37 3.0304 0 58 3.0304 1
gene 1 15 38 0.609893 0 59 0.609893 1
gene 1 15 39 -1.7584 0 60 -1.7584 1
gene 1 16 36 2.22468 0 61 2.22468 1
gene 1 16 37 -2.49322 0 62 -2.49322 1
gene 1 16 38 2.32455 0 63 2.32455 1
gene 1 16 39 -1.34665 0 64 -1.34665 1
gene 1 17 36 0.464751 0 65 0.464751 1
gene 1 17 37 0.0481937 0 66 0.0481937 1
gene 1 17 38 0.361415 0 67 0.361415 1
gene 1 17 39 -1.75421 0 68 -1.75421 1
gene 1 18 36 -0.28599 0 69 -0.28599 1
gene 1 18 37 0.780013 0 70 0.780013 1
gene 1 18 38 -2.34346 0 71 -2.34346 1
gene 1 18 39 3.99967 0 72 3.99967 1
gene 1 19 36 -3.28764 0 73 -3.28764 1
gene 1 19 37 -4.68987 0 74 -4.68987 1
gene 1 19 38 -2.65501 0 75 -2.65501 1
gene 1 19 39 -1.01366 0 76 -1.01366 1
gene 1 20 36 -2.66381 0 77 -2.66381 1
gene 1 20 37 -2.84452 0 78 -2.84452 1
gene 1 20 38 -3.63572 0 79 -3.63572 1
gene 1 20 39 -1.37163 0 80 -1.37163 1
gene 1 21 36 -0.385258 0 81 -0.385258 1
gene 1 21 37 -0.820343 0 82 -0.820343 1
gene 1 21 38 0.358575 0 83 0.358575 1
gene 1 21 39 0.405347 0 84 0.405347 1
gene 1 22 36 -0.692466 0 85 -0.692466 1
gene 1 22 37 -3.329 0 86 -3.329 1
gene 1 22 38 0.328504 0 87 0.328504 1
gene 1 22 39 2.56677 0 88 2.56677 1
gene 1 23 36 3.45708 0 89 3.45708 1
gene 1 23 37 1.39002 0 90 1.39002 1
gene 1 23 38 -0.285713 0 91 -0.285713 1
gene 1 23 39 0.786634 0 92 0.786634 1
gene 1 24 36 1.91455 0 93 1.91455 1
gene 1 24 37 -1.37882 0 94 -1.37882 1
gene 1 24 38 -0.0560882 0 95 -0.0560882 1
gene 1 24 39 -0.0716025 0 96 -0.0716025 1
gene 1 25 36 4.09345 0 97 4.09345 1
gene 1 25 37 4.84754 0 98 4.84754 1
gene 1 25 38 4.39722 0 99 4.39722 1
gene 1 25 39 -0.866315 0 100 -0.866315 1
gene 1 26 36 -1.96195 0 101 -1.96195 1
gene 1 26 37 -0.497644 0 102 -0.497644 1
gene 1 26 38 -0.177712 0 103 -0.177712 1
gene 1 26 39 -0.393709 0 104 -0.393709 1
gene 1 27 36 -0.224145 0 105 -0.224145 1
gene 1 27 37 -0.0899676 0 106 -0.0899676 1
gene 1 27 38 0.801785 0 107 0.801785 1
gene 1 27 39 -3.12168 0 108 -3.12168 1
gene 1 28 36 1.94435 0 109 1.94435 1
gene 1 28 37 4.07722 0 110 4.07722 1
gene 1 28 38 -2.34132 0 111 -2.34132 1
gene 1 28 39 -1.09522 0 112 -1.09522 1
gene 1 29 36 -0.515363 0 113 -0.515363 1
gene 1 29 37 0.840864 0 114 0.840864 1
gene 1 29 38 2.99402 0 115 2.99402 1
gene 1 29 39 -0.0379705 0 116 -0.0379705 1
gene 1 30 36 -1.26138 0 117 -1.26138 1
gene 1 30 37 0.259434 0 118 0.259434 1
gene 1 30 38 -2.52138 0 119 -2.52138 1
gene 1 30 39 -0.208095 0 120 -0.208095 1
gene 1 31 36 -0.111985 0 121 -0.111985 1
gene 1 31 37 -0.143763 0 122 -0.143763 1
gene 1 31 38 1.44539 0 123 1.44539 1
gene 1 31 39 -1.97458 0 124 -1.97458 1
gene 1 32 36 -1.71517 0 125 -1.71517 1
gene 1 32 37 0.130562 0 126 0.130562 1
gene 1 32 38 -0.607459 0 127 -0.607459 1
gene 1 32 39 -0.812454 0 128 -0.812454 1
gene 1 33 36 1.8166 0 129 1.8166 1
gene 1 33 37 -0.177272 0 130 -0.177272 1
gene 1 33 38 -1.26945 0 131 -1.26945 1
gene 1 33 39 -0.925169 0 132 -0.925169 1
gene 1 34 36 0.126695 0 133 0.126695 1
gene 1 34 37 0.630029 0 134 0.630029 1
gene 1 34 38 0.123651 0 135 0.123651 1
gene 1 34 39 -0.470613 0 136 -0.470613 1
gene 1 35 36 0.186367 0 137 0.186367 1
gene 1 35 37 1.35691 0 138 1.35691 1
gene 1 35 38 -1.32307 0 139 -1.32307 1
gene 1 35 39 -3.33625 0 140 -3.33625 1
genomeend 1


