/* Organism #85 Fitness: 16839.876000 Time: 0 */
genomestart 85
trait 1 0.000000 1.000000 1.000000 0.000000 0.000000 0.830548 0.000000 0.000000 
node 1 1 1 1
node 2 1 1 1
node 3 1 1 1
node 4 1 1 1
node 5 1 1 1
node 6 1 1 1
node 7 1 1 1
node 8 1 1 1
node 9 1 1 1
node 10 1 1 1
node 11 1 1 1
node 12 1 1 1
node 13 1 1 1
node 14 1 1 1
node 15 1 1 1
node 16 1 1 1
node 17 1 1 1
node 18 1 1 1
node 19 1 1 1
node 20 1 1 1
node 21 1 1 1
node 22 1 1 1
node 23 1 1 1
node 24 1 1 1
node 25 1 1 1
node 26 1 1 1
node 27 1 1 1
node 28 1 1 1
node 29 1 1 1
node 30 1 1 1
node 31 1 1 1
node 32 1 1 1
node 33 1 1 1
node 34 1 1 1
node 35 1 1 3
node 36 1 0 2
node 37 1 0 2
node 38 1 0 2
node 39 1 0 2
gene 1 1 36 1.23837 0 1 1.23837 1
gene 1 1 37 -2.39743 0 2 -2.39743 1
gene 1 1 38 2.43013 0 3 2.43013 1
gene 1 1 39 -0.274433 0 4 -0.274433 1
gene 1 2 36 0.362138 0 5 0.362138 1
gene 1 2 37 -0.31797 0 6 -0.31797 1
gene 1 2 38 2.28527 0 7 2.28527 1
gene 1 2 39 4.75518 0 8 4.75518 1
gene 1 3 36 0.570348 0 9 0.570348 1
gene 1 3 37 0.851229 0 10 0.851229 1
gene 1 3 38 -0.210392 0 11 -0.210392 1
gene 1 3 39 0.284492 0 12 0.284492 1
gene 1 4 36 0.42879 0 13 0.42879 1
gene 1 4 37 -4.04531 0 14 -4.04531 1
gene 1 4 38 0.192888 0 15 0.192888 1
gene 1 4 39 -0.572377 0 16 -0.572377 1
gene 1 5 36 1.54863 0 17 1.54863 1
gene 1 5 37 -1.55461 0 18 -1.55461 1
gene 1 5 38 -0.0910807 0 19 -0.0910807 1
gene 1 5 39 0.533088 0 20 0.533088 1
gene 1 6 36 -0.155584 0 21 -0.155584 1
gene 1 6 37 -4.37885 0 22 -4.37885 1
gene 1 6 38 -0.913023 0 23 -0.913023 1
gene 1 6 39 3.79196 0 24 3.79196 1
gene 1 7 36 -3.07017 0 25 -3.07017 1
gene 1 7 37 -0.254678 0 26 -0.254678 1
gene 1 7 38 1.07652 0 27 1.07652 1
gene 1 7 39 -1.71452 0 28 -1.71452 1
gene 1 8 36 -3.05428 0 29 -3.05428 1
gene 1 8 37 1.84907 0 30 1.84907 1
gene 1 8 38 -1.75027 0 31 -1.75027 1
gene 1 8 39 -0.673435 0 32 -0.673435 1
gene 1 9 36 -2.05883 0 33 -2.05883 1
gene 1 9 37 0.857408 0 34 0.857408 1
gene 1 9 38 4.63361 0 35 4.63361 1
gene 1 9 39 0.127079 0 36 0.127079 1
gene 1 10 36 -1.66808 0 37 -1.66808 1
gene 1 10 37 1.786 0 38 1.786 1
gene 1 10 38 1.00457 0 39 1.00457 1
gene 1 10 39 1.03501 0 40 1.03501 1
gene 1 11 36 -0.263375 0 41 -0.263375 1
gene 1 11 37 1.50787 0 42 1.50787 1
gene 1 11 38 3.86868 0 43 3.86868 1
gene 1 11 39 -0.385399 0 44 -0.385399 1
gene 1 12 36 2.24789 0 45 2.24789 1
gene 1 12 37 -3.6926 0 46 -3.6926 1
gene 1 12 38 -5 0 47 -5 1
gene 1 12 39 3.32387 0 48 3.32387 1
gene 1 13 36 -0.536812 0 49 -0.536812 1
gene 1 13 37 0.0428791 0 50 0.0428791 1
gene 1 13 38 -3.02018 0 51 -3.02018 1
gene 1 13 39 -0.108119 0 52 -0.108119 1
gene 1 14 36 -0.176387 0 53 -0.176387 1
gene 1 14 37 3.42065 0 54 3.42065 1
gene 1 14 38 0.0848502 0 55 0.0848502 1
gene 1 14 39 -2.02105 0 56 -2.02105 1
gene 1 15 36 0.853346 0 57 0.853346 1
gene 1 15 37 1.77588 0 58 1.77588 1
gene 1 15 38 -5 0 59 -5 1
gene 1 15 39 -3.42053 0 60 -3.42053 1
gene 1 16 36 -2.79532 0 61 -2.79532 1
gene 1 16 37 1.66637 0 62 1.66637 1
gene 1 16 38 -2.52771 0 63 -2.52771 1
gene 1 16 39 2.12309 0 64 2.12309 1
gene 1 17 36 -2.44125 0 65 -2.44125 1
gene 1 17 37 -0.488771 0 66 -0.488771 1
gene 1 17 38 -0.165865 0 67 -0.165865 1
gene 1 17 39 -0.937785 0 68 -0.937785 1
gene 1 18 36 -0.48264 0 69 -0.48264 1
gene 1 18 37 0.0538039 0 70 0.0538039 1
gene 1 18 38 3.88746 0 71 3.88746 1
gene 1 18 39 0.808354 0 72 0.808354 1
gene 1 19 36 -0.900547 0 73 -0.900547 1
gene 1 19 37 0.251381 0 74 0.251381 1
gene 1 19 38 1.19894 0 75 1.19894 1
gene 1 19 39 0.502456 0 76 0.502456 1
gene 1 20 36 -0.157283 0 77 -0.157283 1
gene 1 20 37 0.0104476 0 78 0.0104476 1
gene 1 20 38 -0.781609 0 79 -0.781609 1
gene 1 20 39 -3.96734 0 80 -3.96734 1
gene 1 21 36 1.1858 0 81 1.1858 1
gene 1 21 37 -3.63859 0 82 -3.63859 1
gene 1 21 38 -0.324564 0 83 -0.324564 1
gene 1 21 39 -1.01195 0 84 -1.01195 1
gene 1 22 36 -1.52981 0 85 -1.52981 1
gene 1 22 37 4.27512 0 86 4.27512 1
gene 1 22 38 -1.1353 0 87 -1.1353 1
gene 1 22 39 -0.306232 0 88 -0.306232 1
gene 1 23 36 -0.723653 0 89 -0.723653 1
gene 1 23 37 -0.886983 0 90 -0.886983 1
gene 1 23 38 2.73928 0 91 2.73928 1
gene 1 23 39 2.3616 0 92 2.3616 1
gene 1 24 36 1.322 0 93 1.322 1
gene 1 24 37 -0.339833 0 94 -0.339833 1
gene 1 24 38 1.07868 0 95 1.07868 1
gene 1 24 39 0.54706 0 96 0.54706 1
gene 1 25 36 3.77139 0 97 3.77139 1
gene 1 25 37 3.41772 0 98 3.41772 1
gene 1 25 38 2.21831 0 99 2.21831 1
gene 1 25 39 1.38254 0 100 1.38254 1
gene 1 26 36 -0.634092 0 101 -0.634092 1
gene 1 26 37 3.17995 0 102 3.17995 1
gene 1 26 38 -1.57908 0 103 -1.57908 1
gene 1 26 39 -3.19431 0 104 -3.19431 1
gene 1 27 36 0.629145 0 105 0.629145 1
gene 1 27 37 0.892447 0 106 0.892447 1
gene 1 27 38 -0.471726 0 107 -0.471726 1
gene 1 27 39 -4.11335 0 108 -4.11335 1
gene 1 28 36 0.420241 0 109 0.420241 1
gene 1 28 37 0.195405 0 110 0.195405 1
gene 1 28 38 -3.11943 0 111 -3.11943 1
gene 1 28 39 -3.04214 0 112 -3.04214 1
gene 1 29 36 1.02227 0 113 1.02227 1
gene 1 29 37 0.000930686 0 114 0.000930686 1
gene 1 29 38 0.546845 0 115 0.546845 1
gene 1 29 39 0.968305 0 116 0.968305 1
gene 1 30 36 -0.238728 0 117 -0.238728 1
gene 1 30 37 0.17316 0 118 0.17316 1
gene 1 30 38 -0.0742508 0 119 -0.0742508 1
gene 1 30 39 0.0347355 0 120 0.0347355 1
gene 1 31 36 -2.26921 0 121 -2.26921 1
gene 1 31 37 -0.845008 0 122 -0.845008 1
gene 1 31 38 0.28411 0 123 0.28411 1
gene 1 31 39 -0.624599 0 124 -0.624599 1
gene 1 32 36 0.0223938 0 125 0.0223938 1
gene 1 32 37 1.04083 0 126 1.04083 1
gene 1 32 38 -0.272537 0 127 -0.272537 1
gene 1 32 39 2.11209 0 128 2.11209 1
gene 1 33 36 -0.326012 0 129 -0.326012 1
gene 1 33 37 -1.47422 0 130 -1.47422 1
gene 1 33 38 0.182411 0 131 0.182411 1
gene 1 33 39 -1.18885 0 132 -1.18885 1
gene 1 34 36 -0.588034 0 133 -0.588034 1
gene 1 34 37 1.63878 0 134 1.63878 1
gene 1 34 38 1.18311 0 135 1.18311 1
gene 1 34 39 -0.0624238 0 136 -0.0624238 1
gene 1 35 36 0.233677 0 137 0.233677 1
gene 1 35 37 -0.0736069 0 138 -0.0736069 1
gene 1 35 38 -4.70069 0 139 -4.70069 1
gene 1 35 39 -0.273266 0 140 -0.273266 1
genomeend 85


