/* Organism #91 Fitness: 17166.488000 Time: 0 */
genomestart 91
trait 1 0.266595 0.837604 0.000000 1.000000 0.000000 0.000000 0.902573 0.000000 
node 1 1 1 1
node 2 1 1 1
node 3 1 1 1
node 4 1 1 1
node 5 1 1 1
node 6 1 1 1
node 7 1 1 1
node 8 1 1 1
node 9 1 1 1
node 10 1 1 1
node 11 1 1 1
node 12 1 1 1
node 13 1 1 1
node 14 1 1 1
node 15 1 1 1
node 16 1 1 1
node 17 1 1 1
node 18 1 1 1
node 19 1 1 1
node 20 1 1 1
node 21 1 1 1
node 22 1 1 1
node 23 1 1 1
node 24 1 1 1
node 25 1 1 1
node 26 1 1 1
node 27 1 1 1
node 28 1 1 1
node 29 1 1 1
node 30 1 1 1
node 31 1 1 1
node 32 1 1 1
node 33 1 1 1
node 34 1 1 1
node 35 1 1 3
node 36 1 0 2
node 37 1 0 2
node 38 1 0 2
node 39 1 0 2
gene 1 1 36 1.99375 0 1 1.99375 1
gene 1 1 37 -1.16817 0 2 -1.16817 1
gene 1 1 38 1.79133 0 3 1.79133 1
gene 1 1 39 -0.290696 0 4 -0.290696 1
gene 1 2 36 1.93193 0 5 1.93193 1
gene 1 2 37 -0.88401 0 6 -0.88401 1
gene 1 2 38 1.66315 0 7 1.66315 1
gene 1 2 39 3.90013 0 8 3.90013 1
gene 1 3 36 2.25658 0 9 2.25658 1
gene 1 3 37 -0.738283 0 10 -0.738283 1
gene 1 3 38 3.83201 0 11 3.83201 1
gene 1 3 39 -0.888937 0 12 -0.888937 1
gene 1 4 36 4.15693 0 13 4.15693 1
gene 1 4 37 2.24574 0 14 2.24574 1
gene 1 4 38 -1.04599 0 15 -1.04599 1
gene 1 4 39 0.797698 0 16 0.797698 1
gene 1 5 36 3.50684 0 17 3.50684 1
gene 1 5 37 -2.04314 0 18 -2.04314 1
gene 1 5 38 3.30421 0 19 3.30421 1
gene 1 5 39 -1.43944 0 20 -1.43944 1
gene 1 6 36 0.455452 0 21 0.455452 1
gene 1 6 37 2.38046 0 22 2.38046 1
gene 1 6 38 0.597375 0 23 0.597375 1
gene 1 6 39 -3.87044 0 24 -3.87044 1
gene 1 7 36 4.13299 0 25 4.13299 1
gene 1 7 37 -3.53699 0 26 -3.53699 1
gene 1 7 38 0.477225 0 27 0.477225 1
gene 1 7 39 -3.86475 0 28 -3.86475 1
gene 1 8 36 -4.38777 0 29 -4.38777 1
gene 1 8 37 -2.48943 0 30 -2.48943 1
gene 1 8 38 4.35306 0 31 4.35306 1
gene 1 8 39 -1.78392 0 32 -1.78392 1
gene 1 9 36 4.19665 0 33 4.19665 1
gene 1 9 37 -0.0414168 0 34 -0.0414168 1
gene 1 9 38 0.48739 0 35 0.48739 1
gene 1 9 39 -5 0 36 -5 1
gene 1 10 36 -4.88148 0 37 -4.88148 1
gene 1 10 37 3.77168 0 38 3.77168 1
gene 1 10 38 1.98978 0 39 1.98978 1
gene 1 10 39 -1.72408 0 40 -1.72408 1
gene 1 11 36 -3.70565 0 41 -3.70565 1
gene 1 11 37 1.97645 0 42 1.97645 1
gene 1 11 38 2.65733 0 43 2.65733 1
gene 1 11 39 1.03004 0 44 1.03004 1
gene 1 12 36 -5 0 45 -5 1
gene 1 12 37 -0.641616 0 46 -0.641616 1
gene 1 12 38 0.915478 0 47 0.915478 1
gene 1 12 39 1.27019 0 48 1.27019 1
gene 1 13 36 -3.74606 0 49 -3.74606 1
gene 1 13 37 1.02788 0 50 1.02788 1
gene 1 13 38 -3.81651 0 51 -3.81651 1
gene 1 13 39 2.68497 0 52 2.68497 1
gene 1 14 36 -1.68922 0 53 -1.68922 1
gene 1 14 37 -5 0 54 -5 1
gene 1 14 38 -3.07284 0 55 -3.07284 1
gene 1 14 39 -2.33478 0 56 -2.33478 1
gene 1 15 36 2.15283 0 57 2.15283 1
gene 1 15 37 -2.6822 0 58 -2.6822 1
gene 1 15 38 -2.43395 0 59 -2.43395 1
gene 1 15 39 -0.000553212 0 60 -0.000553212 1
gene 1 16 36 -2.84235 0 61 -2.84235 1
gene 1 16 37 -3.11464 0 62 -3.11464 1
gene 1 16 38 -0.391256 0 63 -0.391256 1
gene 1 16 39 -3.40394 0 64 -3.40394 1
gene 1 17 36 4.17733 0 65 4.17733 1
gene 1 17 37 -0.881478 0 66 -0.881478 1
gene 1 17 38 1.10535 0 67 1.10535 1
gene 1 17 39 -1.27093 0 68 -1.27093 1
gene 1 18 36 2.92301 0 69 2.92301 1
gene 1 18 37 -2.31469 0 70 -2.31469 1
gene 1 18 38 -2.98057 0 71 -2.98057 1
gene 1 18 39 -4.16989 0 72 -4.16989 1
gene 1 19 36 -3.56679 0 73 -3.56679 1
gene 1 19 37 3.91741 0 74 3.91741 1
gene 1 19 38 4.18448 0 75 4.18448 1
gene 1 19 39 -2.59477 0 76 -2.59477 1
gene 1 20 36 2.46731 0 77 2.46731 1
gene 1 20 37 -3.99577 0 78 -3.99577 1
gene 1 20 38 -3.79047 0 79 -3.79047 1
gene 1 20 39 -2.41321 0 80 -2.41321 1
gene 1 21 36 -2.81412 0 81 -2.81412 1
gene 1 21 37 4.4357 0 82 4.4357 1
gene 1 21 38 -2.4115 0 83 -2.4115 1
gene 1 21 39 -3.16616 0 84 -3.16616 1
gene 1 22 36 -0.757942 0 85 -0.757942 1
gene 1 22 37 3.26744 0 86 3.26744 1
gene 1 22 38 1.24493 0 87 1.24493 1
gene 1 22 39 -3.42875 0 88 -3.42875 1
gene 1 23 36 4.16007 0 89 4.16007 1
gene 1 23 37 -2.30139 0 90 -2.30139 1
gene 1 23 38 0.143847 0 91 0.143847 1
gene 1 23 39 4.76837 0 92 4.76837 1
gene 1 24 36 -4.89921 0 93 -4.89921 1
gene 1 24 37 -2.65585 0 94 -2.65585 1
gene 1 24 38 -2.74973 0 95 -2.74973 1
gene 1 24 39 -4.09209 0 96 -4.09209 1
gene 1 25 36 -4.16565 0 97 -4.16565 1
gene 1 25 37 -4.11363 0 98 -4.11363 1
gene 1 25 38 3.34263 0 99 3.34263 1
gene 1 25 39 -3.72314 0 100 -3.72314 1
gene 1 26 36 -5 0 101 -5 1
gene 1 26 37 -0.574661 0 102 -0.574661 1
gene 1 26 38 -4.38058 0 103 -4.38058 1
gene 1 26 39 -0.93416 0 104 -0.93416 1
gene 1 27 36 0.441326 0 105 0.441326 1
gene 1 27 37 -1.8054 0 106 -1.8054 1
gene 1 27 38 -0.0849679 0 107 -0.0849679 1
gene 1 27 39 -1.21486 0 108 -1.21486 1
gene 1 28 36 -0.748606 0 109 -0.748606 1
gene 1 28 37 -1.69087 0 110 -1.69087 1
gene 1 28 38 1.63885 0 111 1.63885 1
gene 1 28 39 4.84637 0 112 4.84637 1
gene 1 29 36 -3.10304 0 113 -3.10304 1
gene 1 29 37 0.231798 0 114 0.231798 1
gene 1 29 38 0.674252 0 115 0.674252 1
gene 1 29 39 -0.665862 0 116 -0.665862 1
gene 1 30 36 1.94434 0 117 1.94434 1
gene 1 30 37 0.460017 0 118 0.460017 1
gene 1 30 38 -1.19397 0 119 -1.19397 1
gene 1 30 39 -1.47476 0 120 -1.47476 1
gene 1 31 36 0.395012 0 121 0.395012 1
gene 1 31 37 4.4022 0 122 4.4022 1
gene 1 31 38 -0.36089 0 123 -0.36089 1
gene 1 31 39 -0.0576509 0 124 -0.0576509 1
gene 1 32 36 0.293679 0 125 0.293679 1
gene 1 32 37 -0.877519 0 126 -0.877519 1
gene 1 32 38 -0.513533 0 127 -0.513533 1
gene 1 32 39 -0.204585 0 128 -0.204585 1
gene 1 33 36 -0.832111 0 129 -0.832111 1
gene 1 33 37 -0.697182 0 130 -0.697182 1
gene 1 33 38 -0.60218 0 131 -0.60218 1
gene 1 33 39 0.437141 0 132 0.437141 1
gene 1 34 36 -0.757852 0 133 -0.757852 1
gene 1 34 37 0.800504 0 134 0.800504 1
gene 1 34 38 1.27298 0 135 1.27298 1
gene 1 34 39 2.12069 0 136 2.12069 1
gene 1 35 36 0.911655 0 137 0.911655 1
gene 1 35 37 4.55142 0 138 4.55142 1
gene 1 35 38 -3.7035 0 139 -3.7035 1
gene 1 35 39 -0.455111 0 140 -0.455111 1
genomeend 91


