/* Organism #0 Fitness: 18713.998000 Time: 0 */
genomestart 0
trait 1 0.489397 0.886238 0.000000 0.000000 0.000000 0.576694 0.000000 0.000000 
node 1 1 1 1
node 2 1 1 1
node 3 1 1 1
node 4 1 1 1
node 5 1 1 1
node 6 1 1 1
node 7 1 1 1
node 8 1 1 1
node 9 1 1 1
node 10 1 1 1
node 11 1 1 1
node 12 1 1 1
node 13 1 1 1
node 14 1 1 1
node 15 1 1 1
node 16 1 1 1
node 17 1 1 1
node 18 1 1 1
node 19 1 1 1
node 20 1 1 1
node 21 1 1 1
node 22 1 1 1
node 23 1 1 1
node 24 1 1 1
node 25 1 1 1
node 26 1 1 1
node 27 1 1 1
node 28 1 1 1
node 29 1 1 1
node 30 1 1 1
node 31 1 1 1
node 32 1 1 1
node 33 1 1 1
node 34 1 1 1
node 35 1 1 3
node 36 1 0 2
node 37 1 0 2
node 38 1 0 2
node 39 1 0 2
gene 1 1 36 0.922236 0 1 0.922236 1
gene 1 1 37 -1.3254 0 2 -1.3254 1
gene 1 1 38 4.90329 0 3 4.90329 1
gene 1 1 39 5 0 4 5 1
gene 1 2 36 -1.05458 0 5 -1.05458 1
gene 1 2 37 -5 0 6 -5 1
gene 1 2 38 4.91149 0 7 4.91149 1
gene 1 2 39 1.24842 0 8 1.24842 1
gene 1 3 36 4.45976 0 9 4.45976 1
gene 1 3 37 1.42631 0 10 1.42631 1
gene 1 3 38 0.0709219 0 11 0.0709219 1
gene 1 3 39 -2.71604 0 12 -2.71604 1
gene 1 4 36 1.83846 0 13 1.83846 1
gene 1 4 37 0.880996 0 14 0.880996 1
gene 1 4 38 0.837507 0 15 0.837507 1
gene 1 4 39 -0.526583 0 16 -0.526583 1
gene 1 5 36 -0.87752 0 17 -0.87752 1
gene 1 5 37 0.949267 0 18 0.949267 1
gene 1 5 38 4.11723 0 19 4.11723 1
gene 1 5 39 -0.966579 0 20 -0.966579 1
gene 1 6 36 0.662179 0 21 0.662179 1
gene 1 6 37 2.37203 0 22 2.37203 1
gene 1 6 38 2.96768 0 23 2.96768 1
gene 1 6 39 -1.69073 0 24 -1.69073 1
gene 1 7 36 -3.76347 0 25 -3.76347 1
gene 1 7 37 0.922303 0 26 0.922303 1
gene 1 7 38 4.07117 0 27 4.07117 1
gene 1 7 39 -2.51248 0 28 -2.51248 1
gene 1 8 36 -2.80096 0 29 -2.80096 1
gene 1 8 37 -1.75071 0 30 -1.75071 1
gene 1 8 38 -1.66733 0 31 -1.66733 1
gene 1 8 39 1.03465 0 32 1.03465 1
gene 1 9 36 4.36967 0 33 4.36967 1
gene 1 9 37 -1.3469 0 34 -1.3469 1
gene 1 9 38 -3.25304 0 35 -3.25304 1
gene 1 9 39 -1.04282 0 36 -1.04282 1
gene 1 10 36 4.41454 0 37 4.41454 1
gene 1 10 37 -1.46322 0 38 -1.46322 1
gene 1 10 38 0.369345 0 39 0.369345 1
gene 1 10 39 4.83896 0 40 4.83896 1
gene 1 11 36 3.7915 0 41 3.7915 1
gene 1 11 37 -3.73813 0 42 -3.73813 1
gene 1 11 38 -5 0 43 -5 1
gene 1 11 39 4.15874 0 44 4.15874 1
gene 1 12 36 5 0 45 5 1
gene 1 12 37 -4.44687 0 46 -4.44687 1
gene 1 12 38 0.312209 0 47 0.312209 1
gene 1 12 39 -2.36815 0 48 -2.36815 1
gene 1 13 36 -3.09674 0 49 -3.09674 1
gene 1 13 37 1.19337 0 50 1.19337 1
gene 1 13 38 0.017167 0 51 0.017167 1
gene 1 13 39 -0.4071 0 52 -0.4071 1
gene 1 14 36 -0.575803 0 53 -0.575803 1
gene 1 14 37 4.7183 0 54 4.7183 1
gene 1 14 38 3.08195 0 55 3.08195 1
gene 1 14 39 2.46145 0 56 2.46145 1
gene 1 15 36 -3.68789 0 57 -3.68789 1
gene 1 15 37 -2.58969 0 58 -2.58969 1
gene 1 15 38 0.140678 0 59 0.140678 1
gene 1 15 39 2.82773 0 60 2.82773 1
gene 1 16 36 -0.958921 0 61 -0.958921 1
gene 1 16 37 0.347016 0 62 0.347016 1
gene 1 16 38 -0.873563 0 63 -0.873563 1
gene 1 16 39 -1.34015 0 64 -1.34015 1
gene 1 17 36 -5 0 65 -5 1
gene 1 17 37 0.473214 0 66 0.473214 1
gene 1 17 38 -1.2657 0 67 -1.2657 1
gene 1 17 39 -1.73195 0 68 -1.73195 1
gene 1 18 36 -0.217074 0 69 -0.217074 1
gene 1 18 37 -0.228385 0 70 -0.228385 1
gene 1 18 38 -1.12758 0 71 -1.12758 1
gene 1 18 39 -0.83035 0 72 -0.83035 1
gene 1 19 36 2.18822 0 73 2.18822 1
gene 1 19 37 -1.6611 0 74 -1.6611 1
gene 1 19 38 1.67032 0 75 1.67032 1
gene 1 19 39 -1.45345 0 76 -1.45345 1
gene 1 20 36 -3.48733 0 77 -3.48733 1
gene 1 20 37 -4.02631 0 78 -4.02631 1
gene 1 20 38 -3.73891 0 79 -3.73891 1
gene 1 20 39 0.581659 0 80 0.581659 1
gene 1 21 36 1.49253 0 81 1.49253 1
gene 1 21 37 -2.11858 0 82 -2.11858 1
gene 1 21 38 1.66383 0 83 1.66383 1
gene 1 21 39 -0.349714 0 84 -0.349714 1
gene 1 22 36 2.56021 0 85 2.56021 1
gene 1 22 37 3.132 0 86 3.132 1
gene 1 22 38 -1.43578 0 87 -1.43578 1
gene 1 22 39 0.90036 0 88 0.90036 1
gene 1 23 36 3.06705 0 89 3.06705 1
gene 1 23 37 -1.69273 0 90 -1.69273 1
gene 1 23 38 -0.921651 0 91 -0.921651 1
gene 1 23 39 1.33788 0 92 1.33788 1
gene 1 24 36 1.37465 0 93 1.37465 1
gene 1 24 37 0.656463 0 94 0.656463 1
gene 1 24 38 1.68064 0 95 1.68064 1
gene 1 24 39 1.76481 0 96 1.76481 1
gene 1 25 36 3.37008 0 97 3.37008 1
gene 1 25 37 3.09982 0 98 3.09982 1
gene 1 25 38 2.91429 0 99 2.91429 1
gene 1 25 39 -1.42504 0 100 -1.42504 1
gene 1 26 36 3.59502 0 101 3.59502 1
gene 1 26 37 5 0 102 5 1
gene 1 26 38 -0.381456 0 103 -0.381456 1
gene 1 26 39 1.33035 0 104 1.33035 1
gene 1 27 36 4.78523 0 105 4.78523 1
gene 1 27 37 1.28725 0 106 1.28725 1
gene 1 27 38 0.435659 0 107 0.435659 1
gene 1 27 39 -0.618929 0 108 -0.618929 1
gene 1 28 36 1.74425 0 109 1.74425 1
gene 1 28 37 -3.22886 0 110 -3.22886 1
gene 1 28 38 -1.5834 0 111 -1.5834 1
gene 1 28 39 -0.418137 0 112 -0.418137 1
gene 1 29 36 -2.61965 0 113 -2.61965 1
gene 1 29 37 -1.99111 0 114 -1.99111 1
gene 1 29 38 0.829128 0 115 0.829128 1
gene 1 29 39 0.565042 0 116 0.565042 1
gene 1 30 36 -0.8345 0 117 -0.8345 1
gene 1 30 37 0.701353 0 118 0.701353 1
gene 1 30 38 -4.23252 0 119 -4.23252 1
gene 1 30 39 -1.42995 0 120 -1.42995 1
gene 1 31 36 1.07644 0 121 1.07644 1
gene 1 31 37 0.507163 0 122 0.507163 1
gene 1 31 38 -0.491242 0 123 -0.491242 1
gene 1 31 39 0.952302 0 124 0.952302 1
gene 1 32 36 0.281552 0 125 0.281552 1
gene 1 32 37 0.494783 0 126 0.494783 1
gene 1 32 38 0.326584 0 127 0.326584 1
gene 1 32 39 1.62674 0 128 1.62674 1
gene 1 33 36 0.791033 0 129 0.791033 1
gene 1 33 37 -1.46278 0 130 -1.46278 1
gene 1 33 38 -0.108372 0 131 -0.108372 1
gene 1 33 39 -0.884796 0 132 -0.884796 1
gene 1 34 36 -1.7899 0 133 -1.7899 1
gene 1 34 37 0.74113 0 134 0.74113 1
gene 1 34 38 0.28517 0 135 0.28517 1
gene 1 34 39 -0.582948 0 136 -0.582948 1
gene 1 35 36 0.0138318 0 137 0.0138318 1
gene 1 35 37 0.495754 0 138 0.495754 1
gene 1 35 38 -2.19263 0 139 -2.19263 1
gene 1 35 39 -1.58929 0 140 -1.58929 1
genomeend 0


