/* Organism #0 Fitness: 16591.108000 Time: 0 */
genomestart 0
trait 1 0.000000 0.939171 0.093116 0.000000 0.260850 0.000000 1.000000 0.000000 
node 1 1 1 1
node 2 1 1 1
node 3 1 1 1
node 4 1 1 1
node 5 1 1 1
node 6 1 1 1
node 7 1 1 1
node 8 1 1 1
node 9 1 1 1
node 10 1 1 1
node 11 1 1 1
node 12 1 1 1
node 13 1 1 1
node 14 1 1 1
node 15 1 1 1
node 16 1 1 1
node 17 1 1 1
node 18 1 1 1
node 19 1 1 1
node 20 1 1 1
node 21 1 1 1
node 22 1 1 1
node 23 1 1 1
node 24 1 1 1
node 25 1 1 1
node 26 1 1 1
node 27 1 1 1
node 28 1 1 1
node 29 1 1 1
node 30 1 1 1
node 31 1 1 1
node 32 1 1 1
node 33 1 1 1
node 34 1 1 1
node 35 1 1 3
node 36 1 0 2
node 37 1 0 2
node 38 1 0 2
node 39 1 0 2
gene 1 1 36 -1.93027 0 1 -1.93027 1
gene 1 1 37 -3.00646 0 2 -3.00646 1
gene 1 1 38 0.127146 0 3 0.127146 1
gene 1 1 39 -2.108 0 4 -2.108 1
gene 1 2 36 1.14885 0 5 1.14885 1
gene 1 2 37 1.17044 0 6 1.17044 1
gene 1 2 38 1.65022 0 7 1.65022 1
gene 1 2 39 -0.406458 0 8 -0.406458 1
gene 1 3 36 0.651338 0 9 0.651338 1
gene 1 3 37 -1.93153 0 10 -1.93153 1
gene 1 3 38 -0.803093 0 11 -0.803093 1
gene 1 3 39 1.05662 0 12 1.05662 1
gene 1 4 36 -0.848518 0 13 -0.848518 1
gene 1 4 37 -2.6631 0 14 -2.6631 1
gene 1 4 38 1.89226 0 15 1.89226 1
gene 1 4 39 -4.0536 0 16 -4.0536 1
gene 1 5 36 5 0 17 5 1
gene 1 5 37 1.383 0 18 1.383 1
gene 1 5 38 -1.8895 0 19 -1.8895 1
gene 1 5 39 1.03238 0 20 1.03238 1
gene 1 6 36 0.774524 0 21 0.774524 1
gene 1 6 37 3.55667 0 22 3.55667 1
gene 1 6 38 1.55295 0 23 1.55295 1
gene 1 6 39 2.23201 0 24 2.23201 1
gene 1 7 36 5 0 25 5 1
gene 1 7 37 3.22025 0 26 3.22025 1
gene 1 7 38 -3.10819 0 27 -3.10819 1
gene 1 7 39 1.98533 0 28 1.98533 1
gene 1 8 36 1.04498 0 29 1.04498 1
gene 1 8 37 -1.02753 0 30 -1.02753 1
gene 1 8 38 0.103186 0 31 0.103186 1
gene 1 8 39 3.62856 0 32 3.62856 1
gene 1 9 36 -3.25077 0 33 -3.25077 1
gene 1 9 37 5 0 34 5 1
gene 1 9 38 -2.34508 0 35 -2.34508 1
gene 1 9 39 2.2097 0 36 2.2097 1
gene 1 10 36 -2.97831 0 37 -2.97831 1
gene 1 10 37 1.15766 0 38 1.15766 1
gene 1 10 38 2.00954 0 39 2.00954 1
gene 1 10 39 -0.877966 0 40 -0.877966 1
gene 1 11 36 -2.87823 0 41 -2.87823 1
gene 1 11 37 4.32247 0 42 4.32247 1
gene 1 11 38 1.24712 0 43 1.24712 1
gene 1 11 39 -0.745366 0 44 -0.745366 1
gene 1 12 36 4.9218 0 45 4.9218 1
gene 1 12 37 -0.43114 0 46 -0.43114 1
gene 1 12 38 -1.01047 0 47 -1.01047 1
gene 1 12 39 -3.42963 0 48 -3.42963 1
gene 1 13 36 -0.139602 0 49 -0.139602 1
gene 1 13 37 0.900886 0 50 0.900886 1
gene 1 13 38 2.358 0 51 2.358 1
gene 1 13 39 2.58454 0 52 2.58454 1
gene 1 14 36 -0.669111 0 53 -0.669111 1
gene 1 14 37 -0.970012 0 54 -0.970012 1
gene 1 14 38 0.192045 0 55 0.192045 1
gene 1 14 39 1.79978 0 56 1.79978 1
gene 1 15 36 0.71027 0 57 0.71027 1
gene 1 15 37 -5 0 58 -5 1
gene 1 15 38 -0.267263 0 59 -0.267263 1
gene 1 15 39 -2.31579 0 60 -2.31579 1
gene 1 16 36 -0.498967 0 61 -0.498967 1
gene 1 16 37 -0.0814328 0 62 -0.0814328 1
gene 1 16 38 -1.44452 0 63 -1.44452 1
gene 1 16 39 2.02074 0 64 2.02074 1
gene 1 17 36 -0.124851 0 65 -0.124851 1
gene 1 17 37 -1.74423 0 66 -1.74423 1
gene 1 17 38 0.525479 0 67 0.525479 1
gene 1 17 39 2.0058 0 68 2.0058 1
gene 1 18 36 -1.83005 0 69 -1.83005 1
gene 1 18 37 -1.5833 0 70 -1.5833 1
gene 1 18 38 0.0628756 0 71 0.0628756 1
gene 1 18 39 -0.637345 0 72 -0.637345 1
gene 1 19 36 -1.0796 0 73 -1.0796 1
gene 1 19 37 0.282692 0 74 0.282692 1
gene 1 19 38 -2.97582 0 75 -2.97582 1
gene 1 19 39 0.378735 0 76 0.378735 1
gene 1 20 36 1.53229 0 77 1.53229 1
gene 1 20 37 0.500965 0 78 0.500965 1
gene 1 20 38 -1.90458 0 79 -1.90458 1
gene 1 20 39 -1.72366 0 80 -1.72366 1
gene 1 21 36 -1.6288 0 81 -1.6288 1
gene 1 21 37 -0.479109 0 82 -0.479109 1
gene 1 21 38 -0.261513 0 83 -0.261513 1
gene 1 21 39 -0.511794 0 84 -0.511794 1
gene 1 22 36 -4.22686 0 85 -4.22686 1
gene 1 22 37 -1.28012 0 86 -1.28012 1
gene 1 22 38 -1.55872 0 87 -1.55872 1
gene 1 22 39 -1.4287 0 88 -1.4287 1
gene 1 23 36 0.168767 0 89 0.168767 1
gene 1 23 37 -0.206641 0 90 -0.206641 1
gene 1 23 38 -0.160609 0 91 -0.160609 1
gene 1 23 39 2.15397 0 92 2.15397 1
gene 1 24 36 -0.427426 0 93 -0.427426 1
gene 1 24 37 1.37152 0 94 1.37152 1
gene 1 24 38 3.30865 0 95 3.30865 1
gene 1 24 39 -0.936487 0 96 -0.936487 1
gene 1 25 36 -3.54407 0 97 -3.54407 1
gene 1 25 37 3.06414 0 98 3.06414 1
gene 1 25 38 -0.900435 0 99 -0.900435 1
gene 1 25 39 -4.6831 0 100 -4.6831 1
gene 1 26 36 0.880652 0 101 0.880652 1
gene 1 26 37 1.22564 0 102 1.22564 1
gene 1 26 38 -0.698379 0 103 -0.698379 1
gene 1 26 39 -3.07741 0 104 -3.07741 1
gene 1 27 36 0.262717 0 105 0.262717 1
gene 1 27 37 -0.553877 0 106 -0.553877 1
gene 1 27 38 -1.50387 0 107 -1.50387 1
gene 1 27 39 0.341631 0 108 0.341631 1
gene 1 28 36 -0.183045 0 109 -0.183045 1
gene 1 28 37 -1.26013 0 110 -1.26013 1
gene 1 28 38 -1.0296 0 111 -1.0296 1
gene 1 28 39 -5 0 112 -5 1
gene 1 29 36 0.27709 0 113 0.27709 1
gene 1 29 37 -0.970406 0 114 -0.970406 1
gene 1 29 38 -1.48883 0 115 -1.48883 1
gene 1 29 39 2.82806 0 116 2.82806 1
gene 1 30 36 0.191812 0 117 0.191812 1
gene 1 30 37 0.481944 0 118 0.481944 1
gene 1 30 38 -0.277108 0 119 -0.277108 1
gene 1 30 39 -0.64657 0 120 -0.64657 1
gene 1 31 36 2.37334 0 121 2.37334 1
gene 1 31 37 -0.784073 0 122 -0.784073 1
gene 1 31 38 -0.136512 0 123 -0.136512 1
gene 1 31 39 -0.467139 0 124 -0.467139 1
gene 1 32 36 0.616209 0 125 0.616209 1
gene 1 32 37 1.44561 0 126 1.44561 1
gene 1 32 38 -0.317949 0 127 -0.317949 1
gene 1 32 39 0.226847 0 128 0.226847 1
gene 1 33 36 0.754572 0 129 0.754572 1
gene 1 33 37 0.0333802 0 130 0.0333802 1
gene 1 33 38 -0.138766 0 131 -0.138766 1
gene 1 33 39 -0.020668 0 132 -0.020668 1
gene 1 34 36 0.0901891 0 133 0.0901891 1
gene 1 34 37 -1.8261 0 134 -1.8261 1
gene 1 34 38 0.531881 0 135 0.531881 1
gene 1 34 39 4.68347 0 136 4.68347 1
gene 1 35 36 2.47308 0 137 2.47308 1
gene 1 35 37 0.54354 0 138 0.54354 1
gene 1 35 38 -3.29231 0 139 -3.29231 1
gene 1 35 39 -0.672566 0 140 -0.672566 1
genomeend 0


