/* Organism #3 Fitness: 17933.830000 Time: 0 */
genomestart 3
trait 1 0.000000 0.487843 0.000000 0.368117 0.000000 0.837684 0.000000 0.000000 
node 1 1 1 1
node 2 1 1 1
node 3 1 1 1
node 4 1 1 1
node 5 1 1 1
node 6 1 1 1
node 7 1 1 1
node 8 1 1 1
node 9 1 1 1
node 10 1 1 1
node 11 1 1 1
node 12 1 1 1
node 13 1 1 1
node 14 1 1 1
node 15 1 1 1
node 16 1 1 1
node 17 1 1 1
node 18 1 1 1
node 19 1 1 1
node 20 1 1 1
node 21 1 1 1
node 22 1 1 1
node 23 1 1 1
node 24 1 1 1
node 25 1 1 1
node 26 1 1 1
node 27 1 1 1
node 28 1 1 1
node 29 1 1 1
node 30 1 1 1
node 31 1 1 1
node 32 1 1 1
node 33 1 1 1
node 34 1 1 1
node 35 1 1 3
node 36 1 0 2
node 37 1 0 2
node 38 1 0 2
node 39 1 0 2
gene 1 1 36 -2.55112 0 1 -2.55112 1
gene 1 1 37 -2.12768 0 2 -2.12768 1
gene 1 1 38 0.690269 0 3 0.690269 1
gene 1 1 39 0.856988 0 4 0.856988 1
gene 1 2 36 0.798512 0 5 0.798512 1
gene 1 2 37 -2.54375 0 6 -2.54375 1
gene 1 2 38 -0.310555 0 7 -0.310555 1
gene 1 2 39 -1.04208 0 8 -1.04208 1
gene 1 3 36 -1.69959 0 9 -1.69959 1
gene 1 3 37 0.66468 0 10 0.66468 1
gene 1 3 38 1.96108 0 11 1.96108 1
gene 1 3 39 -0.904433 0 12 -0.904433 1
gene 1 4 36 0.7337 0 13 0.7337 1
gene 1 4 37 -1.97667 0 14 -1.97667 1
gene 1 4 38 1.46892 0 15 1.46892 1
gene 1 4 39 -2.51837 0 16 -2.51837 1
gene 1 5 36 -0.428041 0 17 -0.428041 1
gene 1 5 37 4.17712 0 18 4.17712 1
gene 1 5 38 -2.65412 0 19 -2.65412 1
gene 1 5 39 4.65554 0 20 4.65554 1
gene 1 6 36 0.232836 0 21 0.232836 1
gene 1 6 37 -0.00610108 0 22 -0.00610108 1
gene 1 6 38 -0.524034 0 23 -0.524034 1
gene 1 6 39 0.69802 0 24 0.69802 1
gene 1 7 36 -2.46349 0 25 -2.46349 1
gene 1 7 37 -1.10998 0 26 -1.10998 1
gene 1 7 38 0.191494 0 27 0.191494 1
gene 1 7 39 -2.38723 0 28 -2.38723 1
gene 1 8 36 0.331942 0 29 0.331942 1
gene 1 8 37 -0.131789 0 30 -0.131789 1
gene 1 8 38 -0.0929277 0 31 -0.0929277 1
gene 1 8 39 -2.46212 0 32 -2.46212 1
gene 1 9 36 -2.73347 0 33 -2.73347 1
gene 1 9 37 3.05081 0 34 3.05081 1
gene 1 9 38 1.74927 0 35 1.74927 1
gene 1 9 39 -5 0 36 -5 1
gene 1 10 36 -1.27391 0 37 -1.27391 1
gene 1 10 37 -1.11094 0 38 -1.11094 1
gene 1 10 38 4.78504 0 39 4.78504 1
gene 1 10 39 -0.299957 0 40 -0.299957 1
gene 1 11 36 3.19432 0 41 3.19432 1
gene 1 11 37 -2.2448 0 42 -2.2448 1
gene 1 11 38 -3.04238 0 43 -3.04238 1
gene 1 11 39 -0.560499 0 44 -0.560499 1
gene 1 12 36 5 0 45 5 1
gene 1 12 37 -3.55111 0 46 -3.55111 1
gene 1 12 38 3.61478 0 47 3.61478 1
gene 1 12 39 0.627128 0 48 0.627128 1
gene 1 13 36 -5 0 49 -5 1
gene 1 13 37 4.92211 0 50 4.92211 1
gene 1 13 38 -5 0 51 -5 1
gene 1 13 39 0.0448152 0 52 0.0448152 1
gene 1 14 36 -0.103502 0 53 -0.103502 1
gene 1 14 37 -0.330446 0 54 -0.330446 1
gene 1 14 38 -0.119366 0 55 -0.119366 1
gene 1 14 39 1.77741 0 56 1.77741 1
gene 1 15 36 -2.71205 0 57 -2.71205 1
gene 1 15 37 4.39085 0 58 4.39085 1
gene 1 15 38 -2.04028 0 59 -2.04028 1
gene 1 15 39 1.54617 0 60 1.54617 1
gene 1 16 36 -1.0783 0 61 -1.0783 1
gene 1 16 37 3.13465 0 62 3.13465 1
gene 1 16 38 -0.837202 0 63 -0.837202 1
gene 1 16 39 -2.06113 0 64 -2.06113 1
gene 1 17 36 -2.1583 0 65 -2.1583 1
gene 1 17 37 -0.555545 0 66 -0.555545 1
gene 1 17 38 -3.60487 0 67 -3.60487 1
gene 1 17 39 3.61768 0 68 3.61768 1
gene 1 18 36 -2.51985 0 69 -2.51985 1
gene 1 18 37 -1.7485 0 70 -1.7485 1
gene 1 18 38 -4.72176 0 71 -4.72176 1
gene 1 18 39 1.61055 0 72 1.61055 1
gene 1 19 36 0.944735 0 73 0.944735 1
gene 1 19 37 0.285764 0 74 0.285764 1
gene 1 19 38 -1.92762 0 75 -1.92762 1
gene 1 19 39 -1.23791 0 76 -1.23791 1
gene 1 20 36 -1.96231 0 77 -1.96231 1
gene 1 20 37 0.973787 0 78 0.973787 1
gene 1 20 38 1.1516 0 79 1.1516 1
gene 1 20 39 1.09761 0 80 1.09761 1
gene 1 21 36 1.82094 0 81 1.82094 1
gene 1 21 37 -1.49617 0 82 -1.49617 1
gene 1 21 38 3.41863 0 83 3.41863 1
gene 1 21 39 -3.54321 0 84 -3.54321 1
gene 1 22 36 2.86374 0 85 2.86374 1
gene 1 22 37 -1.65601 0 86 -1.65601 1
gene 1 22 38 -2.73322 0 87 -2.73322 1
gene 1 22 39 1.86479 0 88 1.86479 1
gene 1 23 36 -0.217402 0 89 -0.217402 1
gene 1 23 37 1.85943 0 90 1.85943 1
gene 1 23 38 0.37152 0 91 0.37152 1
gene 1 23 39 -0.498588 0 92 -0.498588 1
gene 1 24 36 0.132506 0 93 0.132506 1
gene 1 24 37 2.12408 0 94 2.12408 1
gene 1 24 38 2.62425 0 95 2.62425 1
gene 1 24 39 -0.663352 0 96 -0.663352 1
gene 1 25 36 4.08185 0 97 4.08185 1
gene 1 25 37 3.65641 0 98 3.65641 1
gene 1 25 38 4.38214 0 99 4.38214 1
gene 1 25 39 -0.369344 0 100 -0.369344 1
gene 1 26 36 0.357041 0 101 0.357041 1
gene 1 26 37 0.488562 0 102 0.488562 1
gene 1 26 38 -3.16303 0 103 -3.16303 1
gene 1 26 39 -0.0439195 0 104 -0.0439195 1
gene 1 27 36 0.968808 0 105 0.968808 1
gene 1 27 37 0.332698 0 106 0.332698 1
gene 1 27 38 -3.78943 0 107 -3.78943 1
gene 1 27 39 3.38776 0 108 3.38776 1
gene 1 28 36 1.19034 0 109 1.19034 1
gene 1 28 37 2.81931 0 110 2.81931 1
gene 1 28 38 0.00898608 0 111 0.00898608 1
gene 1 28 39 -0.146527 0 112 -0.146527 1
gene 1 29 36 2.69506 0 113 2.69506 1
gene 1 29 37 0.841334 0 114 0.841334 1
gene 1 29 38 -0.391705 0 115 -0.391705 1
gene 1 29 39 1.03617 0 116 1.03617 1
gene 1 30 36 -0.819345 0 117 -0.819345 1
gene 1 30 37 -0.305941 0 118 -0.305941 1
gene 1 30 38 -4.00299 0 119 -4.00299 1
gene 1 30 39 -2.19569 0 120 -2.19569 1
gene 1 31 36 0.871318 0 121 0.871318 1
gene 1 31 37 0.438837 0 122 0.438837 1
gene 1 31 38 -1.64957 0 123 -1.64957 1
gene 1 31 39 -0.746624 0 124 -0.746624 1
gene 1 32 36 0.244052 0 125 0.244052 1
gene 1 32 37 0.714964 0 126 0.714964 1
gene 1 32 38 -0.129941 0 127 -0.129941 1
gene 1 32 39 2.0833 0 128 2.0833 1
gene 1 33 36 -0.234156 0 129 -0.234156 1
gene 1 33 37 0.530372 0 130 0.530372 1
gene 1 33 38 0.642269 0 131 0.642269 1
gene 1 33 39 0.306674 0 132 0.306674 1
gene 1 34 36 -0.707181 0 133 -0.707181 1
gene 1 34 37 0.128422 0 134 0.128422 1
gene 1 34 38 0.0133622 0 135 0.0133622 1
gene 1 34 39 1.52186 0 136 1.52186 1
gene 1 35 36 1.27013 0 137 1.27013 1
gene 1 35 37 -0.633234 0 138 -0.633234 1
gene 1 35 38 -4.10567 0 139 -4.10567 1
gene 1 35 39 0.448564 0 140 0.448564 1
genomeend 3


