/* Organism #1 Fitness: 9150.010000 Time: 0 */
genomestart 1
trait 1 0.562483 0.878253 0.783812 0.000000 1.000000 1.000000 0.257568 0.089402 
node 1 1 1 1
node 2 1 1 1
node 3 1 1 1
node 4 1 1 1
node 5 1 1 1
node 6 1 1 1
node 7 1 1 1
node 8 1 1 1
node 9 1 1 1
node 10 1 1 1
node 11 1 1 1
node 12 1 1 1
node 13 1 1 1
node 14 1 1 1
node 15 1 1 1
node 16 1 1 1
node 17 1 1 1
node 18 1 1 1
node 19 1 1 1
node 20 1 1 1
node 21 1 1 1
node 22 1 1 1
node 23 1 1 1
node 24 1 1 1
node 25 1 1 1
node 26 1 1 1
node 27 1 1 1
node 28 1 1 1
node 29 1 1 1
node 30 1 1 1
node 31 1 1 1
node 32 1 1 1
node 33 1 1 1
node 34 1 1 1
node 35 1 1 3
node 36 1 0 2
node 37 1 0 2
node 38 1 0 2
node 39 1 0 2
gene 1 1 36 -4.30087 0 1 -4.30087 1
gene 1 1 37 -2.02788 0 2 -2.02788 1
gene 1 1 38 0.835814 0 3 0.835814 1
gene 1 1 39 -3.46093 0 4 -3.46093 1
gene 1 2 36 -3.46645 0 5 -3.46645 1
gene 1 2 37 3.45649 0 6 3.45649 1
gene 1 2 38 2.22597 0 7 2.22597 1
gene 1 2 39 0.771361 0 8 0.771361 1
gene 1 3 36 -0.855442 0 9 -0.855442 1
gene 1 3 37 4.15988 0 10 4.15988 1
gene 1 3 38 -1.66189 0 11 -1.66189 1
gene 1 3 39 -3.75035 0 12 -3.75035 1
gene 1 4 36 0.0987031 0 13 0.0987031 1
gene 1 4 37 2.44314 0 14 2.44314 1
gene 1 4 38 1.49845 0 15 1.49845 1
gene 1 4 39 1.88477 0 16 1.88477 1
gene 1 5 36 -0.0508399 0 17 -0.0508399 1
gene 1 5 37 3.06605 0 18 3.06605 1
gene 1 5 38 -0.0130503 0 19 -0.0130503 1
gene 1 5 39 1.87676 0 20 1.87676 1
gene 1 6 36 3.08238 0 21 3.08238 1
gene 1 6 37 -1.63917 0 22 -1.63917 1
gene 1 6 38 2.44195 0 23 2.44195 1
gene 1 6 39 5 0 24 5 1
gene 1 7 36 2.97731 0 25 2.97731 1
gene 1 7 37 -2.59653 0 26 -2.59653 1
gene 1 7 38 1.54485 0 27 1.54485 1
gene 1 7 39 -2.75822 0 28 -2.75822 1
gene 1 8 36 1.38406 0 29 1.38406 1
gene 1 8 37 -2.53743 0 30 -2.53743 1
gene 1 8 38 2.21354 0 31 2.21354 1
gene 1 8 39 -0.058501 0 32 -0.058501 1
gene 1 9 36 1.69169 0 33 1.69169 1
gene 1 9 37 5 0 34 5 1
gene 1 9 38 -4.38079 0 35 -4.38079 1
gene 1 9 39 5 0 36 5 1
gene 1 10 36 -2.64582 0 37 -2.64582 1
gene 1 10 37 0.228063 0 38 0.228063 1
gene 1 10 38 -3.05654 0 39 -3.05654 1
gene 1 10 39 -3.89473 0 40 -3.89473 1
gene 1 11 36 2.4892 0 41 2.4892 1
gene 1 11 37 2.41311 0 42 2.41311 1
gene 1 11 38 -0.271073 0 43 -0.271073 1
gene 1 11 39 -1.75772 0 44 -1.75772 1
gene 1 12 36 3.7902 0 45 3.7902 1
gene 1 12 37 -2.5274 0 46 -2.5274 1
gene 1 12 38 4.18793 0 47 4.18793 1
gene 1 12 39 -3.68251 0 48 -3.68251 1
gene 1 13 36 4.17283 0 49 4.17283 1
gene 1 13 37 4.06377 0 50 4.06377 1
gene 1 13 38 -2.81302 0 51 -2.81302 1
gene 1 13 39 -1.19115 0 52 -1.19115 1
gene 1 14 36 -1.77226 0 53 -1.77226 1
gene 1 14 37 0.721295 0 54 0.721295 1
gene 1 14 38 -3.98591 0 55 -3.98591 1
gene 1 14 39 -0.230666 0 56 -0.230666 1
gene 1 15 36 4.98648 0 57 4.98648 1
gene 1 15 37 -0.35176 0 58 -0.35176 1
gene 1 15 38 2.67408 0 59 2.67408 1
gene 1 15 39 -3.90692 0 60 -3.90692 1
gene 1 16 36 -3.87636 0 61 -3.87636 1
gene 1 16 37 -1.30348 0 62 -1.30348 1
gene 1 16 38 -3.35044 0 63 -3.35044 1
gene 1 16 39 3.42412 0 64 3.42412 1
gene 1 17 36 1.12343 0 65 1.12343 1
gene 1 17 37 -4.26928 0 66 -4.26928 1
gene 1 17 38 -3.32745 0 67 -3.32745 1
gene 1 17 39 1.31183 0 68 1.31183 1
gene 1 18 36 3.28146 0 69 3.28146 1
gene 1 18 37 -4.80749 0 70 -4.80749 1
gene 1 18 38 -1.17624 0 71 -1.17624 1
gene 1 18 39 -2.38799 0 72 -2.38799 1
gene 1 19 36 2.70289 0 73 2.70289 1
gene 1 19 37 -4.01753 0 74 -4.01753 1
gene 1 19 38 0.845501 0 75 0.845501 1
gene 1 19 39 0.689936 0 76 0.689936 1
gene 1 20 36 -0.616149 0 77 -0.616149 1
gene 1 20 37 -0.319511 0 78 -0.319511 1
gene 1 20 38 -1.68244 0 79 -1.68244 1
gene 1 20 39 -1.63208 0 80 -1.63208 1
gene 1 21 36 -4.00977 0 81 -4.00977 1
gene 1 21 37 -0.0632162 0 82 -0.0632162 1
gene 1 21 38 3.01098 0 83 3.01098 1
gene 1 21 39 -4.93134 0 84 -4.93134 1
gene 1 22 36 2.68611 0 85 2.68611 1
gene 1 22 37 2.87437 0 86 2.87437 1
gene 1 22 38 -0.269844 0 87 -0.269844 1
gene 1 22 39 3.66718 0 88 3.66718 1
gene 1 23 36 3.96884 0 89 3.96884 1
gene 1 23 37 -2.32474 0 90 -2.32474 1
gene 1 23 38 -3.66292 0 91 -3.66292 1
gene 1 23 39 0.435787 0 92 0.435787 1
gene 1 24 36 -2.14208 0 93 -2.14208 1
gene 1 24 37 0.890676 0 94 0.890676 1
gene 1 24 38 2.04853 0 95 2.04853 1
gene 1 24 39 3.25939 0 96 3.25939 1
gene 1 25 36 -0.0823213 0 97 -0.0823213 1
gene 1 25 37 1.61221 0 98 1.61221 1
gene 1 25 38 -3.06623 0 99 -3.06623 1
gene 1 25 39 0.467654 0 100 0.467654 1
gene 1 26 36 1.52747 0 101 1.52747 1
gene 1 26 37 -1.72794 0 102 -1.72794 1
gene 1 26 38 0.0105061 0 103 0.0105061 1
gene 1 26 39 -0.371163 0 104 -0.371163 1
gene 1 27 36 -2.56678 0 105 -2.56678 1
gene 1 27 37 -3.82435 0 106 -3.82435 1
gene 1 27 38 -2.24634 0 107 -2.24634 1
gene 1 27 39 -1.48975 0 108 -1.48975 1
gene 1 28 36 4.44266 0 109 4.44266 1
gene 1 28 37 1.00513 0 110 1.00513 1
gene 1 28 38 2.62853 0 111 2.62853 1
gene 1 28 39 0.0951451 0 112 0.0951451 1
gene 1 29 36 -4.05933 0 113 -4.05933 1
gene 1 29 37 0.482291 0 114 0.482291 1
gene 1 29 38 0.92748 0 115 0.92748 1
gene 1 29 39 -0.691399 0 116 -0.691399 1
gene 1 30 36 -0.87792 0 117 -0.87792 1
gene 1 30 37 0.779603 0 118 0.779603 1
gene 1 30 38 -0.982339 0 119 -0.982339 1
gene 1 30 39 -0.757851 0 120 -0.757851 1
gene 1 31 36 -0.316924 0 121 -0.316924 1
gene 1 31 37 0.0116506 0 122 0.0116506 1
gene 1 31 38 0.0279258 0 123 0.0279258 1
gene 1 31 39 0.242061 0 124 0.242061 1
gene 1 32 36 0.609406 0 125 0.609406 1
gene 1 32 37 -0.132786 0 126 -0.132786 1
gene 1 32 38 -0.844548 0 127 -0.844548 1
gene 1 32 39 0.980669 0 128 0.980669 1
gene 1 33 36 0.243354 0 129 0.243354 1
gene 1 33 37 -0.0137401 0 130 -0.0137401 1
gene 1 33 38 0.315052 0 131 0.315052 1
gene 1 33 39 -0.211463 0 132 -0.211463 1
gene 1 34 36 0.245174 0 133 0.245174 1
gene 1 34 37 -1.12183 0 134 -1.12183 1
gene 1 34 38 -0.150316 0 135 -0.150316 1
gene 1 34 39 1.34735 0 136 1.34735 1
gene 1 35 36 -5 0 137 -5 1
gene 1 35 37 0.37133 0 138 0.37133 1
gene 1 35 38 -0.919781 0 139 -0.919781 1
gene 1 35 39 0.994361 0 140 0.994361 1
genomeend 1


