/* Organism #1 Fitness: 9116.004000 Time: 0 */
genomestart 1
trait 1 0.000000 0.000000 0.000000 0.000000 0.127626 0.336124 0.815582 0.000000 
node 1 1 1 1
node 2 1 1 1
node 3 1 1 1
node 4 1 1 1
node 5 1 1 1
node 6 1 1 1
node 7 1 1 1
node 8 1 1 1
node 9 1 1 1
node 10 1 1 1
node 11 1 1 1
node 12 1 1 1
node 13 1 1 1
node 14 1 1 1
node 15 1 1 1
node 16 1 1 1
node 17 1 1 1
node 18 1 1 1
node 19 1 1 1
node 20 1 1 1
node 21 1 1 1
node 22 1 1 1
node 23 1 1 1
node 24 1 1 1
node 25 1 1 1
node 26 1 1 1
node 27 1 1 1
node 28 1 1 1
node 29 1 1 1
node 30 1 1 1
node 31 1 1 1
node 32 1 1 1
node 33 1 1 1
node 34 1 1 1
node 35 1 1 3
node 36 1 0 2
node 37 1 0 2
node 38 1 0 2
node 39 1 0 2
gene 1 1 36 0.847804 0 1 0.847804 1
gene 1 1 37 -4.90604 0 2 -4.90604 1
gene 1 1 38 2.96931 0 3 2.96931 1
gene 1 1 39 -2.64159 0 4 -2.64159 1
gene 1 2 36 -3.00178 0 5 -3.00178 1
gene 1 2 37 4.12315 0 6 4.12315 1
gene 1 2 38 0.741024 0 7 0.741024 1
gene 1 2 39 -0.0913829 0 8 -0.0913829 1
gene 1 3 36 3.393 0 9 3.393 1
gene 1 3 37 1.3388 0 10 1.3388 1
gene 1 3 38 -4.19131 0 11 -4.19131 1
gene 1 3 39 1.64477 0 12 1.64477 1
gene 1 4 36 -0.0791938 0 13 -0.0791938 1
gene 1 4 37 1.92791 0 14 1.92791 1
gene 1 4 38 -3.21348 0 15 -3.21348 1
gene 1 4 39 1.44432 0 16 1.44432 1
gene 1 5 36 -0.0307328 0 17 -0.0307328 1
gene 1 5 37 1.37258 0 18 1.37258 1
gene 1 5 38 -0.53305 0 19 -0.53305 1
gene 1 5 39 -1.83237 0 20 -1.83237 1
gene 1 6 36 3.66273 0 21 3.66273 1
gene 1 6 37 0.853465 0 22 0.853465 1
gene 1 6 38 2.68822 0 23 2.68822 1
gene 1 6 39 -1.40406 0 24 -1.40406 1
gene 1 7 36 1.00855 0 25 1.00855 1
gene 1 7 37 -0.155384 0 26 -0.155384 1
gene 1 7 38 1.93349 0 27 1.93349 1
gene 1 7 39 -4.08982 0 28 -4.08982 1
gene 1 8 36 0.58403 0 29 0.58403 1
gene 1 8 37 -2.26763 0 30 -2.26763 1
gene 1 8 38 -2.59699 0 31 -2.59699 1
gene 1 8 39 -0.435947 0 32 -0.435947 1
gene 1 9 36 -0.156404 0 33 -0.156404 1
gene 1 9 37 0.131728 0 34 0.131728 1
gene 1 9 38 1.68611 0 35 1.68611 1
gene 1 9 39 -0.753888 0 36 -0.753888 1
gene 1 10 36 1.08108 0 37 1.08108 1
gene 1 10 37 2.11037 0 38 2.11037 1
gene 1 10 38 0.126114 0 39 0.126114 1
gene 1 10 39 -2.54617 0 40 -2.54617 1
gene 1 11 36 -0.81517 0 41 -0.81517 1
gene 1 11 37 1.92801 0 42 1.92801 1
gene 1 11 38 -2.87175 0 43 -2.87175 1
gene 1 11 39 4.13875 0 44 4.13875 1
gene 1 12 36 1.16867 0 45 1.16867 1
gene 1 12 37 -0.525756 0 46 -0.525756 1
gene 1 12 38 -4.12496 0 47 -4.12496 1
gene 1 12 39 1.14764 0 48 1.14764 1
gene 1 13 36 0.641409 0 49 0.641409 1
gene 1 13 37 2.35779 0 50 2.35779 1
gene 1 13 38 2.14291 0 51 2.14291 1
gene 1 13 39 1.17348 0 52 1.17348 1
gene 1 14 36 -1.39664 0 53 -1.39664 1
gene 1 14 37 -1.1781 0 54 -1.1781 1
gene 1 14 38 -1.52245 0 55 -1.52245 1
gene 1 14 39 3.27269 0 56 3.27269 1
gene 1 15 36 -2.16724 0 57 -2.16724 1
gene 1 15 37 -1.53964 0 58 -1.53964 1
gene 1 15 38 -1.81788 0 59 -1.81788 1
gene 1 15 39 4.35047 0 60 4.35047 1
gene 1 16 36 -0.614728 0 61 -0.614728 1
gene 1 16 37 1.09084 0 62 1.09084 1
gene 1 16 38 0.00642174 0 63 0.00642174 1
gene 1 16 39 0.845831 0 64 0.845831 1
gene 1 17 36 -3.69588 0 65 -3.69588 1
gene 1 17 37 0.876672 0 66 0.876672 1
gene 1 17 38 -0.136653 0 67 -0.136653 1
gene 1 17 39 2.63491 0 68 2.63491 1
gene 1 18 36 -3.11919 0 69 -3.11919 1
gene 1 18 37 0.386234 0 70 0.386234 1
gene 1 18 38 -0.849517 0 71 -0.849517 1
gene 1 18 39 -4.84746 0 72 -4.84746 1
gene 1 19 36 -4.7502 0 73 -4.7502 1
gene 1 19 37 2.48985 0 74 2.48985 1
gene 1 19 38 -2.42364 0 75 -2.42364 1
gene 1 19 39 -0.011423 0 76 -0.011423 1
gene 1 20 36 -3.12666 0 77 -3.12666 1
gene 1 20 37 -0.01864 0 78 -0.01864 1
gene 1 20 38 -1.24631 0 79 -1.24631 1
gene 1 20 39 -0.413632 0 80 -0.413632 1
gene 1 21 36 -3.94374 0 81 -3.94374 1
gene 1 21 37 0.82899 0 82 0.82899 1
gene 1 21 38 3.64713 0 83 3.64713 1
gene 1 21 39 1.20962 0 84 1.20962 1
gene 1 22 36 -0.761493 0 85 -0.761493 1
gene 1 22 37 3.66921 0 86 3.66921 1
gene 1 22 38 0.789562 0 87 0.789562 1
gene 1 22 39 0.115883 0 88 0.115883 1
gene 1 23 36 -1.95281 0 89 -1.95281 1
gene 1 23 37 -2.62764 0 90 -2.62764 1
gene 1 23 38 0.258289 0 91 0.258289 1
gene 1 23 39 1.41728 0 92 1.41728 1
gene 1 24 36 4.01997 0 93 4.01997 1
gene 1 24 37 -3.19744 0 94 -3.19744 1
gene 1 24 38 0.192399 0 95 0.192399 1
gene 1 24 39 -1.22259 0 96 -1.22259 1
gene 1 25 36 1.32948 0 97 1.32948 1
gene 1 25 37 0.382321 0 98 0.382321 1
gene 1 25 38 -0.386262 0 99 -0.386262 1
gene 1 25 39 4.58384 0 100 4.58384 1
gene 1 26 36 3.22614 0 101 3.22614 1
gene 1 26 37 0.507822 0 102 0.507822 1
gene 1 26 38 -0.887591 0 103 -0.887591 1
gene 1 26 39 -0.0415256 0 104 -0.0415256 1
gene 1 27 36 3.2891 0 105 3.2891 1
gene 1 27 37 -3.3161 0 106 -3.3161 1
gene 1 27 38 -3.31007 0 107 -3.31007 1
gene 1 27 39 -0.0302178 0 108 -0.0302178 1
gene 1 28 36 3.51856 0 109 3.51856 1
gene 1 28 37 0.63485 0 110 0.63485 1
gene 1 28 38 1.86263 0 111 1.86263 1
gene 1 28 39 -1.17778 0 112 -1.17778 1
gene 1 29 36 2.05373 0 113 2.05373 1
gene 1 29 37 1.41678 0 114 1.41678 1
gene 1 29 38 0.310426 0 115 0.310426 1
gene 1 29 39 0.0669863 0 116 0.0669863 1
gene 1 30 36 1.12449 0 117 1.12449 1
gene 1 30 37 -0.043504 0 118 -0.043504 1
gene 1 30 38 0.124909 0 119 0.124909 1
gene 1 30 39 -0.664213 0 120 -0.664213 1
gene 1 31 36 1.03523 0 121 1.03523 1
gene 1 31 37 -1.40645 0 122 -1.40645 1
gene 1 31 38 -0.0838711 0 123 -0.0838711 1
gene 1 31 39 2.40444 0 124 2.40444 1
gene 1 32 36 -0.86049 0 125 -0.86049 1
gene 1 32 37 -1.25237 0 126 -1.25237 1
gene 1 32 38 -0.326061 0 127 -0.326061 1
gene 1 32 39 -1.52935 0 128 -1.52935 1
gene 1 33 36 -1.57691 0 129 -1.57691 1
gene 1 33 37 0.458635 0 130 0.458635 1
gene 1 33 38 1.40835 0 131 1.40835 1
gene 1 33 39 0.968857 0 132 0.968857 1
gene 1 34 36 -1.5457 0 133 -1.5457 1
gene 1 34 37 -0.864212 0 134 -0.864212 1
gene 1 34 38 0.564777 0 135 0.564777 1
gene 1 34 39 -0.0332231 0 136 -0.0332231 1
gene 1 35 36 0.986842 0 137 0.986842 1
gene 1 35 37 -3.388 0 138 -3.388 1
gene 1 35 38 0.533536 0 139 0.533536 1
gene 1 35 39 -0.458835 0 140 -0.458835 1
genomeend 1


