/* Organism #9 Fitness: 10555.020000 Time: 0 */
genomestart 9
trait 1 0.411283 0.832592 0.653199 0.000000 0.118304 0.000000 0.684405 0.000000 
node 1 1 1 1
node 2 1 1 1
node 3 1 1 1
node 4 1 1 1
node 5 1 1 1
node 6 1 1 1
node 7 1 1 1
node 8 1 1 1
node 9 1 1 1
node 10 1 1 1
node 11 1 1 1
node 12 1 1 1
node 13 1 1 1
node 14 1 1 1
node 15 1 1 1
node 16 1 1 1
node 17 1 1 1
node 18 1 1 1
node 19 1 1 1
node 20 1 1 1
node 21 1 1 1
node 22 1 1 1
node 23 1 1 1
node 24 1 1 1
node 25 1 1 1
node 26 1 1 1
node 27 1 1 1
node 28 1 1 1
node 29 1 1 1
node 30 1 1 1
node 31 1 1 1
node 32 1 1 1
node 33 1 1 1
node 34 1 1 1
node 35 1 1 1
node 36 1 1 1
node 37 1 1 1
node 38 1 1 1
node 39 1 1 1
node 40 1 1 3
node 41 1 0 2
node 42 1 0 2
node 43 1 0 2
node 44 1 0 2
node 45 1 0 2
gene 1 1 41 -2.58378 0 1 -2.58378 1
gene 1 1 42 -3.54774 0 2 -3.54774 1
gene 1 1 43 -1.26417 0 3 -1.26417 1
gene 1 1 44 -2.69832 0 4 -2.69832 1
gene 1 1 45 1.78151 0 5 1.78151 1
gene 1 2 41 1.14237 0 6 1.14237 1
gene 1 2 42 4.57102 0 7 4.57102 1
gene 1 2 43 1.79166 0 8 1.79166 1
gene 1 2 44 2.47735 0 9 2.47735 1
gene 1 2 45 -2.45951 0 10 -2.45951 1
gene 1 3 41 1.62157 0 11 1.62157 1
gene 1 3 42 1.53692 0 12 1.53692 1
gene 1 3 43 -0.25572 0 13 -0.25572 1
gene 1 3 44 -4.30899 0 14 -4.30899 1
gene 1 3 45 0.69731 0 15 0.69731 1
gene 1 4 41 0.352478 0 16 0.352478 1
gene 1 4 42 5 0 17 5 1
gene 1 4 43 0.0282973 0 18 0.0282973 1
gene 1 4 44 -5 0 19 -5 1
gene 1 4 45 -2.3809 0 20 -2.3809 1
gene 1 5 41 0.315963 0 21 0.315963 1
gene 1 5 42 2.37132 0 22 2.37132 1
gene 1 5 43 3.45495 0 23 3.45495 1
gene 1 5 44 3.03824 0 24 3.03824 1
gene 1 5 45 -2.07779 0 25 -2.07779 1
gene 1 6 41 1.34157 0 26 1.34157 1
gene 1 6 42 0.766698 0 27 0.766698 1
gene 1 6 43 3.0439 0 28 3.0439 1
gene 1 6 44 -4.00047 0 29 -4.00047 1
gene 1 6 45 -0.949341 0 30 -0.949341 1
gene 1 7 41 0.707259 0 31 0.707259 1
gene 1 7 42 0.22645 0 32 0.22645 1
gene 1 7 43 2.19224 0 33 2.19224 1
gene 1 7 44 -1.54961 0 34 -1.54961 1
gene 1 7 45 0.690974 0 35 0.690974 1
gene 1 8 41 3.17582 0 36 3.17582 1
gene 1 8 42 -4.28381 0 37 -4.28381 1
gene 1 8 43 -0.412703 0 38 -0.412703 1
gene 1 8 44 -2.18922 0 39 -2.18922 1
gene 1 8 45 -0.457536 0 40 -0.457536 1
gene 1 9 41 -0.0967304 0 41 -0.0967304 1
gene 1 9 42 0.0498422 0 42 0.0498422 1
gene 1 9 43 0.328288 0 43 0.328288 1
gene 1 9 44 1.90376 0 44 1.90376 1
gene 1 9 45 0.687296 0 45 0.687296 1
gene 1 10 41 3.25926 0 46 3.25926 1
gene 1 10 42 2.70682 0 47 2.70682 1
gene 1 10 43 3.30669 0 48 3.30669 1
gene 1 10 44 0.964246 0 49 0.964246 1
gene 1 10 45 -0.0375133 0 50 -0.0375133 1
gene 1 11 41 0.619605 0 51 0.619605 1
gene 1 11 42 1.86017 0 52 1.86017 1
gene 1 11 43 1.32263 0 53 1.32263 1
gene 1 11 44 2.16934 0 54 2.16934 1
gene 1 11 45 -0.00884975 0 55 -0.00884975 1
gene 1 12 41 1.79634 0 56 1.79634 1
gene 1 12 42 1.16566 0 57 1.16566 1
gene 1 12 43 -1.54075 0 58 -1.54075 1
gene 1 12 44 -0.216611 0 59 -0.216611 1
gene 1 12 45 1.60847 0 60 1.60847 1
gene 1 13 41 2.38051 0 61 2.38051 1
gene 1 13 42 -0.519728 0 62 -0.519728 1
gene 1 13 43 -0.141846 0 63 -0.141846 1
gene 1 13 44 3.36636 0 64 3.36636 1
gene 1 13 45 -2.15302 0 65 -2.15302 1
gene 1 14 41 -0.870124 0 66 -0.870124 1
gene 1 14 42 -2.84934 0 67 -2.84934 1
gene 1 14 43 3.24324 0 68 3.24324 1
gene 1 14 44 3.57799 0 69 3.57799 1
gene 1 14 45 0.794401 0 70 0.794401 1
gene 1 15 41 -0.201751 0 71 -0.201751 1
gene 1 15 42 -0.850466 0 72 -0.850466 1
gene 1 15 43 0.533118 0 73 0.533118 1
gene 1 15 44 -0.959296 0 74 -0.959296 1
gene 1 15 45 -0.962253 0 75 -0.962253 1
gene 1 16 41 -3.41326 0 76 -3.41326 1
gene 1 16 42 3.47584 0 77 3.47584 1
gene 1 16 43 -1.67424 0 78 -1.67424 1
gene 1 16 44 -0.247818 0 79 -0.247818 1
gene 1 16 45 3.18208 0 80 3.18208 1
gene 1 17 41 -3.19592 0 81 -3.19592 1
gene 1 17 42 -1.24644 0 82 -1.24644 1
gene 1 17 43 -4.98767 0 83 -4.98767 1
gene 1 17 44 -3.36327 0 84 -3.36327 1
gene 1 17 45 0.499369 0 85 0.499369 1
gene 1 18 41 -3.24695 0 86 -3.24695 1
gene 1 18 42 3.2086 0 87 3.2086 1
gene 1 18 43 1.34413 0 88 1.34413 1
gene 1 18 44 -0.0633931 0 89 -0.0633931 1
gene 1 18 45 -4.1215 0 90 -4.1215 1
gene 1 19 41 -3.74975 0 91 -3.74975 1
gene 1 19 42 1.51243 0 92 1.51243 1
gene 1 19 43 0.200338 0 93 0.200338 1
gene 1 19 44 2.23546 0 94 2.23546 1
gene 1 19 45 2.68866 0 95 2.68866 1
gene 1 20 41 -1.61597 0 96 -1.61597 1
gene 1 20 42 -0.00757179 0 97 -0.00757179 1
gene 1 20 43 1.47033 0 98 1.47033 1
gene 1 20 44 -0.0221316 0 99 -0.0221316 1
gene 1 20 45 3.39515 0 100 3.39515 1
gene 1 21 41 2.47359 0 101 2.47359 1
gene 1 21 42 1.49459 0 102 1.49459 1
gene 1 21 43 3.43703 0 103 3.43703 1
gene 1 21 44 3.42257 0 104 3.42257 1
gene 1 21 45 2.38289 0 105 2.38289 1
gene 1 22 41 -1.86334 0 106 -1.86334 1
gene 1 22 42 -0.404685 0 107 -0.404685 1
gene 1 22 43 3.0778 0 108 3.0778 1
gene 1 22 44 -0.90772 0 109 -0.90772 1
gene 1 22 45 1.09874 0 110 1.09874 1
gene 1 23 41 1.41214 0 111 1.41214 1
gene 1 23 42 -0.501375 0 112 -0.501375 1
gene 1 23 43 -1.2537 0 113 -1.2537 1
gene 1 23 44 1.61682 0 114 1.61682 1
gene 1 23 45 -0.838311 0 115 -0.838311 1
gene 1 24 41 -0.409075 0 116 -0.409075 1
gene 1 24 42 -1.34896 0 117 -1.34896 1
gene 1 24 43 -4.7657 0 118 -4.7657 1
gene 1 24 44 1.71642 0 119 1.71642 1
gene 1 24 45 2.57771 0 120 2.57771 1
gene 1 25 41 1.1533 0 121 1.1533 1
gene 1 25 42 -3.91316 0 122 -3.91316 1
gene 1 25 43 1.34581 0 123 1.34581 1
gene 1 25 44 -3.39365 0 124 -3.39365 1
gene 1 25 45 4.17454 0 125 4.17454 1
gene 1 26 41 -0.054255 0 126 -0.054255 1
gene 1 26 42 3.57939 0 127 3.57939 1
gene 1 26 43 -4.69158 0 128 -4.69158 1
gene 1 26 44 -0.959721 0 129 -0.959721 1
gene 1 26 45 -3.46197 0 130 -3.46197 1
gene 1 27 41 -1.79103 0 131 -1.79103 1
gene 1 27 42 -0.870077 0 132 -0.870077 1
gene 1 27 43 0.0818588 0 133 0.0818588 1
gene 1 27 44 1.62842 0 134 1.62842 1
gene 1 27 45 2.56293 0 135 2.56293 1
gene 1 28 41 -0.144528 0 136 -0.144528 1
gene 1 28 42 1.50611 0 137 1.50611 1
gene 1 28 43 -3.02601 0 138 -3.02601 1
gene 1 28 44 1.56446 0 139 1.56446 1
gene 1 28 45 3.81749 0 140 3.81749 1
gene 1 29 41 -0.139392 0 141 -0.139392 1
gene 1 29 42 -2.04402 0 142 -2.04402 1
gene 1 29 43 -2.29541 0 143 -2.29541 1
gene 1 29 44 -4.11466 0 144 -4.11466 1
gene 1 29 45 0.79749 0 145 0.79749 1
gene 1 30 41 -2.41564 0 146 -2.41564 1
gene 1 30 42 1.49025 0 147 1.49025 1
gene 1 30 43 -5 0 148 -5 1
gene 1 30 44 -0.76606 0 149 -0.76606 1
gene 1 30 45 1.62861 0 150 1.62861 1
gene 1 31 41 1.41626 0 151 1.41626 1
gene 1 31 42 1.36323 0 152 1.36323 1
gene 1 31 43 4.56443 0 153 4.56443 1
gene 1 31 44 -1.77268 0 154 -1.77268 1
gene 1 31 45 1.58466 0 155 1.58466 1
gene 1 32 41 -3.38704 0 156 -3.38704 1
gene 1 32 42 -4.06549 0 157 -4.06549 1
gene 1 32 43 1.22608 0 158 1.22608 1
gene 1 32 44 1.12472 0 159 1.12472 1
gene 1 32 45 2.60562 0 160 2.60562 1
gene 1 33 41 4.71919 0 161 4.71919 1
gene 1 33 42 -0.344464 0 162 -0.344464 1
gene 1 33 43 1.15204 0 163 1.15204 1
gene 1 33 44 -1.59901 0 164 -1.59901 1
gene 1 33 45 -0.857681 0 165 -0.857681 1
gene 1 34 41 -0.629062 0 166 -0.629062 1
gene 1 34 42 -0.856134 0 167 -0.856134 1
gene 1 34 43 -0.310016 0 168 -0.310016 1
gene 1 34 44 0.51224 0 169 0.51224 1
gene 1 34 45 -0.585318 0 170 -0.585318 1
gene 1 35 41 0.835216 0 171 0.835216 1
gene 1 35 42 0.880803 0 172 0.880803 1
gene 1 35 43 -0.0293691 0 173 -0.0293691 1
gene 1 35 44 -0.227645 0 174 -0.227645 1
gene 1 35 45 -1.31501 0 175 -1.31501 1
gene 1 36 41 1.11704 0 176 1.11704 1
gene 1 36 42 0.138804 0 177 0.138804 1
gene 1 36 43 0.387836 0 178 0.387836 1
gene 1 36 44 2.00687 0 179 2.00687 1
gene 1 36 45 0.405466 0 180 0.405466 1
gene 1 37 41 -0.150743 0 181 -0.150743 1
gene 1 37 42 1.21551 0 182 1.21551 1
gene 1 37 43 0.264536 0 183 0.264536 1
gene 1 37 44 0.18843 0 184 0.18843 1
gene 1 37 45 -0.0394255 0 185 -0.0394255 1
gene 1 38 41 0.189883 0 186 0.189883 1
gene 1 38 42 -1.49107 0 187 -1.49107 1
gene 1 38 43 0.152582 0 188 0.152582 1
gene 1 38 44 -2.67691 0 189 -2.67691 1
gene 1 38 45 -0.272255 0 190 -0.272255 1
gene 1 39 41 -0.640094 0 191 -0.640094 1
gene 1 39 42 0.237092 0 192 0.237092 1
gene 1 39 43 0.0888422 0 193 0.0888422 1
gene 1 39 44 -1.20995 0 194 -1.20995 1
gene 1 39 45 -0.19215 0 195 -0.19215 1
gene 1 40 41 -0.114329 0 196 -0.114329 1
gene 1 40 42 -4.12176 0 197 -4.12176 1
gene 1 40 43 -3.11999 0 198 -3.11999 1
gene 1 40 44 -3.33874 0 199 -3.33874 1
gene 1 40 45 -1.62213 0 200 -1.62213 1
genomeend 9


