/* Organism #16 Fitness: 9584.916000 Time: 0 */
genomestart 16
trait 1 0.813111 0.862526 0.000000 0.991266 0.516107 0.220207 0.581452 0.357623 
node 1 1 1 1
node 2 1 1 1
node 3 1 1 1
node 4 1 1 1
node 5 1 1 1
node 6 1 1 1
node 7 1 1 1
node 8 1 1 1
node 9 1 1 1
node 10 1 1 1
node 11 1 1 1
node 12 1 1 1
node 13 1 1 1
node 14 1 1 1
node 15 1 1 1
node 16 1 1 1
node 17 1 1 1
node 18 1 1 1
node 19 1 1 1
node 20 1 1 1
node 21 1 1 1
node 22 1 1 1
node 23 1 1 1
node 24 1 1 1
node 25 1 1 1
node 26 1 1 1
node 27 1 1 1
node 28 1 1 1
node 29 1 1 1
node 30 1 1 1
node 31 1 1 1
node 32 1 1 1
node 33 1 1 1
node 34 1 1 1
node 35 1 1 1
node 36 1 1 1
node 37 1 1 1
node 38 1 1 1
node 39 1 1 1
node 40 1 1 3
node 41 1 0 2
node 42 1 0 2
node 43 1 0 2
node 44 1 0 2
node 45 1 0 2
gene 1 1 41 -0.331378 0 1 -0.331378 1
gene 1 1 42 -0.972308 0 2 -0.972308 1
gene 1 1 43 3.64998 0 3 3.64998 1
gene 1 1 44 0.750383 0 4 0.750383 1
gene 1 1 45 0.896256 0 5 0.896256 1
gene 1 2 41 -1.90124 0 6 -1.90124 1
gene 1 2 42 -1.03048 0 7 -1.03048 1
gene 1 2 43 -4.72721 0 8 -4.72721 1
gene 1 2 44 1.1216 0 9 1.1216 1
gene 1 2 45 0.753941 0 10 0.753941 1
gene 1 3 41 -1.41671 0 11 -1.41671 1
gene 1 3 42 -2.85452 0 12 -2.85452 1
gene 1 3 43 -1.70405 0 13 -1.70405 1
gene 1 3 44 4.73389 0 14 4.73389 1
gene 1 3 45 0.53123 0 15 0.53123 1
gene 1 4 41 -0.00900233 0 16 -0.00900233 1
gene 1 4 42 2.48985 0 17 2.48985 1
gene 1 4 43 0.759026 0 18 0.759026 1
gene 1 4 44 0.286092 0 19 0.286092 1
gene 1 4 45 -1.38573 0 20 -1.38573 1
gene 1 5 41 3.2485 0 21 3.2485 1
gene 1 5 42 1.43782 0 22 1.43782 1
gene 1 5 43 -1.32286 0 23 -1.32286 1
gene 1 5 44 0.433815 0 24 0.433815 1
gene 1 5 45 3.92201 0 25 3.92201 1
gene 1 6 41 4.31825 0 26 4.31825 1
gene 1 6 42 -0.287482 0 27 -0.287482 1
gene 1 6 43 2.01423 0 28 2.01423 1
gene 1 6 44 -1.72922 0 29 -1.72922 1
gene 1 6 45 0.0110025 0 30 0.0110025 1
gene 1 7 41 -1.26653 0 31 -1.26653 1
gene 1 7 42 -0.688805 0 32 -0.688805 1
gene 1 7 43 -4.74117 0 33 -4.74117 1
gene 1 7 44 1.73559 0 34 1.73559 1
gene 1 7 45 2.5832 0 35 2.5832 1
gene 1 8 41 2.04191 0 36 2.04191 1
gene 1 8 42 0.161637 0 37 0.161637 1
gene 1 8 43 4.41019 0 38 4.41019 1
gene 1 8 44 -0.509338 0 39 -0.509338 1
gene 1 8 45 -1.17785 0 40 -1.17785 1
gene 1 9 41 0.100532 0 41 0.100532 1
gene 1 9 42 -1.05389 0 42 -1.05389 1
gene 1 9 43 1.20275 0 43 1.20275 1
gene 1 9 44 1.89001 0 44 1.89001 1
gene 1 9 45 -1.45643 0 45 -1.45643 1
gene 1 10 41 2.91464 0 46 2.91464 1
gene 1 10 42 0.332208 0 47 0.332208 1
gene 1 10 43 2.73487 0 48 2.73487 1
gene 1 10 44 -0.319754 0 49 -0.319754 1
gene 1 10 45 0.0605355 0 50 0.0605355 1
gene 1 11 41 0.154652 0 51 0.154652 1
gene 1 11 42 0.367579 0 52 0.367579 1
gene 1 11 43 -3.14267 0 53 -3.14267 1
gene 1 11 44 -0.386622 0 54 -0.386622 1
gene 1 11 45 0.0659045 0 55 0.0659045 1
gene 1 12 41 -0.920361 0 56 -0.920361 1
gene 1 12 42 -1.66994 0 57 -1.66994 1
gene 1 12 43 0.222658 0 58 0.222658 1
gene 1 12 44 0.776905 0 59 0.776905 1
gene 1 12 45 -0.0358522 0 60 -0.0358522 1
gene 1 13 41 -0.492793 0 61 -0.492793 1
gene 1 13 42 0.15336 0 62 0.15336 1
gene 1 13 43 -4.58021 0 63 -4.58021 1
gene 1 13 44 -2.34096 0 64 -2.34096 1
gene 1 13 45 0.0234055 0 65 0.0234055 1
gene 1 14 41 -3.39881 0 66 -3.39881 1
gene 1 14 42 -0.253741 0 67 -0.253741 1
gene 1 14 43 -0.0827573 0 68 -0.0827573 1
gene 1 14 44 2.14789 0 69 2.14789 1
gene 1 14 45 2.07663 0 70 2.07663 1
gene 1 15 41 -1.6429 0 71 -1.6429 1
gene 1 15 42 -2.09006 0 72 -2.09006 1
gene 1 15 43 -0.7826 0 73 -0.7826 1
gene 1 15 44 -0.92519 0 74 -0.92519 1
gene 1 15 45 0.169257 0 75 0.169257 1
gene 1 16 41 1.17047 0 76 1.17047 1
gene 1 16 42 4.19652 0 77 4.19652 1
gene 1 16 43 -1.64514 0 78 -1.64514 1
gene 1 16 44 -0.0571589 0 79 -0.0571589 1
gene 1 16 45 -0.112412 0 80 -0.112412 1
gene 1 17 41 1.2765 0 81 1.2765 1
gene 1 17 42 2.20416 0 82 2.20416 1
gene 1 17 43 -4.7251 0 83 -4.7251 1
gene 1 17 44 0.353816 0 84 0.353816 1
gene 1 17 45 0.742794 0 85 0.742794 1
gene 1 18 41 -2.71112 0 86 -2.71112 1
gene 1 18 42 4.88403 0 87 4.88403 1
gene 1 18 43 0.292113 0 88 0.292113 1
gene 1 18 44 -2.7148 0 89 -2.7148 1
gene 1 18 45 1.71316 0 90 1.71316 1
gene 1 19 41 -3.75423 0 91 -3.75423 1
gene 1 19 42 0.76644 0 92 0.76644 1
gene 1 19 43 -0.215002 0 93 -0.215002 1
gene 1 19 44 -1.23286 0 94 -1.23286 1
gene 1 19 45 1.59407 0 95 1.59407 1
gene 1 20 41 -0.791632 0 96 -0.791632 1
gene 1 20 42 0.445842 0 97 0.445842 1
gene 1 20 43 1.55184 0 98 1.55184 1
gene 1 20 44 -4.87681 0 99 -4.87681 1
gene 1 20 45 2.20647 0 100 2.20647 1
gene 1 21 41 2.51391 0 101 2.51391 1
gene 1 21 42 0.260239 0 102 0.260239 1
gene 1 21 43 0.260682 0 103 0.260682 1
gene 1 21 44 -1.89015 0 104 -1.89015 1
gene 1 21 45 -0.791467 0 105 -0.791467 1
gene 1 22 41 1.58322 0 106 1.58322 1
gene 1 22 42 -0.478408 0 107 -0.478408 1
gene 1 22 43 0.421747 0 108 0.421747 1
gene 1 22 44 1.64165 0 109 1.64165 1
gene 1 22 45 0.175865 0 110 0.175865 1
gene 1 23 41 -0.981182 0 111 -0.981182 1
gene 1 23 42 0.245455 0 112 0.245455 1
gene 1 23 43 1.04465 0 113 1.04465 1
gene 1 23 44 4.55191 0 114 4.55191 1
gene 1 23 45 -1.0205 0 115 -1.0205 1
gene 1 24 41 3.43409 0 116 3.43409 1
gene 1 24 42 -1.93366 0 117 -1.93366 1
gene 1 24 43 -0.410289 0 118 -0.410289 1
gene 1 24 44 -0.334604 0 119 -0.334604 1
gene 1 24 45 -0.446569 0 120 -0.446569 1
gene 1 25 41 0.80023 0 121 0.80023 1
gene 1 25 42 0.850264 0 122 0.850264 1
gene 1 25 43 0.457715 0 123 0.457715 1
gene 1 25 44 -1.98346 0 124 -1.98346 1
gene 1 25 45 0.15334 0 125 0.15334 1
gene 1 26 41 0.77702 0 126 0.77702 1
gene 1 26 42 -5 0 127 -5 1
gene 1 26 43 -0.621182 0 128 -0.621182 1
gene 1 26 44 2.4905 0 129 2.4905 1
gene 1 26 45 -3.37283 0 130 -3.37283 1
gene 1 27 41 4.02765 0 131 4.02765 1
gene 1 27 42 0.371812 0 132 0.371812 1
gene 1 27 43 1.81024 0 133 1.81024 1
gene 1 27 44 -1.09773 0 134 -1.09773 1
gene 1 27 45 -2.20051 0 135 -2.20051 1
gene 1 28 41 0.980112 0 136 0.980112 1
gene 1 28 42 0.167854 0 137 0.167854 1
gene 1 28 43 1.02098 0 138 1.02098 1
gene 1 28 44 1.03072 0 139 1.03072 1
gene 1 28 45 0.804051 0 140 0.804051 1
gene 1 29 41 -0.240435 0 141 -0.240435 1
gene 1 29 42 -0.945437 0 142 -0.945437 1
gene 1 29 43 2.02297 0 143 2.02297 1
gene 1 29 44 -3.83686 0 144 -3.83686 1
gene 1 29 45 -0.0802515 0 145 -0.0802515 1
gene 1 30 41 -1.89911 0 146 -1.89911 1
gene 1 30 42 -0.190494 0 147 -0.190494 1
gene 1 30 43 -2.38806 0 148 -2.38806 1
gene 1 30 44 0.323093 0 149 0.323093 1
gene 1 30 45 -0.430775 0 150 -0.430775 1
gene 1 31 41 -0.518538 0 151 -0.518538 1
gene 1 31 42 0.800521 0 152 0.800521 1
gene 1 31 43 -0.523186 0 153 -0.523186 1
gene 1 31 44 -0.952071 0 154 -0.952071 1
gene 1 31 45 -0.979546 0 155 -0.979546 1
gene 1 32 41 1.45975 0 156 1.45975 1
gene 1 32 42 1.85835 0 157 1.85835 1
gene 1 32 43 1.78212 0 158 1.78212 1
gene 1 32 44 -1.34744 0 159 -1.34744 1
gene 1 32 45 0.204434 0 160 0.204434 1
gene 1 33 41 -2.01491 0 161 -2.01491 1
gene 1 33 42 1.49333 0 162 1.49333 1
gene 1 33 43 -0.440916 0 163 -0.440916 1
gene 1 33 44 0.30323 0 164 0.30323 1
gene 1 33 45 -0.622974 0 165 -0.622974 1
gene 1 34 41 -0.580071 0 166 -0.580071 1
gene 1 34 42 -2.02554 0 167 -2.02554 1
gene 1 34 43 -0.783314 0 168 -0.783314 1
gene 1 34 44 -2.53011 0 169 -2.53011 1
gene 1 34 45 -1.56533 0 170 -1.56533 1
gene 1 35 41 -0.224017 0 171 -0.224017 1
gene 1 35 42 -0.498287 0 172 -0.498287 1
gene 1 35 43 -1.64198 0 173 -1.64198 1
gene 1 35 44 1.23722 0 174 1.23722 1
gene 1 35 45 -0.724158 0 175 -0.724158 1
gene 1 36 41 0.423634 0 176 0.423634 1
gene 1 36 42 -1.01649 0 177 -1.01649 1
gene 1 36 43 -0.5613 0 178 -0.5613 1
gene 1 36 44 2.01518 0 179 2.01518 1
gene 1 36 45 1.48431 0 180 1.48431 1
gene 1 37 41 -2.47822 0 181 -2.47822 1
gene 1 37 42 -0.00705754 0 182 -0.00705754 1
gene 1 37 43 0.362148 0 183 0.362148 1
gene 1 37 44 0.0291607 0 184 0.0291607 1
gene 1 37 45 -1.65772 0 185 -1.65772 1
gene 1 38 41 -1.10853 0 186 -1.10853 1
gene 1 38 42 0.13367 0 187 0.13367 1
gene 1 38 43 -2.35482 0 188 -2.35482 1
gene 1 38 44 -1.2392 0 189 -1.2392 1
gene 1 38 45 0.328522 0 190 0.328522 1
gene 1 39 41 0.0840897 0 191 0.0840897 1
gene 1 39 42 -0.628652 0 192 -0.628652 1
gene 1 39 43 -0.40148 0 193 -0.40148 1
gene 1 39 44 -0.0445026 0 194 -0.0445026 1
gene 1 39 45 -0.0900981 0 195 -0.0900981 1
gene 1 40 41 0.537475 0 196 0.537475 1
gene 1 40 42 -5 0 197 -5 1
gene 1 40 43 -0.0526827 0 198 -0.0526827 1
gene 1 40 44 -2.77575 0 199 -2.77575 1
gene 1 40 45 0.862274 0 200 0.862274 1
genomeend 16


