/* Organism #0 Fitness: 10837.936000 Time: 0 */
genomestart 0
trait 1 0.000000 0.000000 0.000000 0.000000 0.000000 0.000000 0.000000 0.501519 
node 1 1 1 1
node 2 1 1 1
node 3 1 1 1
node 4 1 1 1
node 5 1 1 1
node 6 1 1 1
node 7 1 1 1
node 8 1 1 1
node 9 1 1 1
node 10 1 1 1
node 11 1 1 1
node 12 1 1 1
node 13 1 1 1
node 14 1 1 1
node 15 1 1 1
node 16 1 1 1
node 17 1 1 1
node 18 1 1 1
node 19 1 1 1
node 20 1 1 1
node 21 1 1 1
node 22 1 1 1
node 23 1 1 1
node 24 1 1 1
node 25 1 1 1
node 26 1 1 1
node 27 1 1 1
node 28 1 1 1
node 29 1 1 1
node 30 1 1 1
node 31 1 1 1
node 32 1 1 1
node 33 1 1 1
node 34 1 1 1
node 35 1 1 1
node 36 1 1 1
node 37 1 1 1
node 38 1 1 1
node 39 1 1 1
node 40 1 1 3
node 41 1 0 2
node 42 1 0 2
node 43 1 0 2
node 44 1 0 2
node 45 1 0 2
gene 1 1 41 -0.028227 0 1 -0.028227 1
gene 1 1 42 0.956595 0 2 0.956595 1
gene 1 1 43 -0.199636 0 3 -0.199636 1
gene 1 1 44 -3.84903 0 4 -3.84903 1
gene 1 1 45 -0.37516 0 5 -0.37516 1
gene 1 2 41 -1.96661 0 6 -1.96661 1
gene 1 2 42 1.18771 0 7 1.18771 1
gene 1 2 43 -2.08984 0 8 -2.08984 1
gene 1 2 44 1.9969 0 9 1.9969 1
gene 1 2 45 1.58924 0 10 1.58924 1
gene 1 3 41 -0.836539 0 11 -0.836539 1
gene 1 3 42 2.59244 0 12 2.59244 1
gene 1 3 43 1.08258 0 13 1.08258 1
gene 1 3 44 -0.936705 0 14 -0.936705 1
gene 1 3 45 -0.973258 0 15 -0.973258 1
gene 1 4 41 -0.609369 0 16 -0.609369 1
gene 1 4 42 0.665006 0 17 0.665006 1
gene 1 4 43 -0.127348 0 18 -0.127348 1
gene 1 4 44 2.21819 0 19 2.21819 1
gene 1 4 45 0.61764 0 20 0.61764 1
gene 1 5 41 4.16722 0 21 4.16722 1
gene 1 5 42 3.07415 0 22 3.07415 1
gene 1 5 43 -0.606478 0 23 -0.606478 1
gene 1 5 44 5 0 24 5 1
gene 1 5 45 1.72121 0 25 1.72121 1
gene 1 6 41 1.4699 0 26 1.4699 1
gene 1 6 42 -1.78151 0 27 -1.78151 1
gene 1 6 43 -1.80014 0 28 -1.80014 1
gene 1 6 44 2.71668 0 29 2.71668 1
gene 1 6 45 -3.62221 0 30 -3.62221 1
gene 1 7 41 4.44004 0 31 4.44004 1
gene 1 7 42 0.00713306 0 32 0.00713306 1
gene 1 7 43 -2.61194 0 33 -2.61194 1
gene 1 7 44 -1.36866 0 34 -1.36866 1
gene 1 7 45 1.4709 0 35 1.4709 1
gene 1 8 41 -0.049441 0 36 -0.049441 1
gene 1 8 42 -2.43445 0 37 -2.43445 1
gene 1 8 43 -1.18662 0 38 -1.18662 1
gene 1 8 44 -0.193661 0 39 -0.193661 1
gene 1 8 45 2.33183 0 40 2.33183 1
gene 1 9 41 0.456523 0 41 0.456523 1
gene 1 9 42 -1.44988 0 42 -1.44988 1
gene 1 9 43 0.556311 0 43 0.556311 1
gene 1 9 44 0.107767 0 44 0.107767 1
gene 1 9 45 0.640919 0 45 0.640919 1
gene 1 10 41 -1.46351 0 46 -1.46351 1
gene 1 10 42 -1.6419 0 47 -1.6419 1
gene 1 10 43 -0.74003 0 48 -0.74003 1
gene 1 10 44 -0.0963922 0 49 -0.0963922 1
gene 1 10 45 -0.082523 0 50 -0.082523 1
gene 1 11 41 2.35209 0 51 2.35209 1
gene 1 11 42 0.209437 0 52 0.209437 1
gene 1 11 43 -2.42344 0 53 -2.42344 1
gene 1 11 44 -3.17082 0 54 -3.17082 1
gene 1 11 45 0.258721 0 55 0.258721 1
gene 1 12 41 3.80827 0 56 3.80827 1
gene 1 12 42 -1.82583 0 57 -1.82583 1
gene 1 12 43 2.13639 0 58 2.13639 1
gene 1 12 44 5 0 59 5 1
gene 1 12 45 1.66624 0 60 1.66624 1
gene 1 13 41 0.0832018 0 61 0.0832018 1
gene 1 13 42 -0.00929392 0 62 -0.00929392 1
gene 1 13 43 -0.0158534 0 63 -0.0158534 1
gene 1 13 44 1.41196 0 64 1.41196 1
gene 1 13 45 -2.74216 0 65 -2.74216 1
gene 1 14 41 0.539928 0 66 0.539928 1
gene 1 14 42 0.71771 0 67 0.71771 1
gene 1 14 43 0.902867 0 68 0.902867 1
gene 1 14 44 2.21973 0 69 2.21973 1
gene 1 14 45 -0.30814 0 70 -0.30814 1
gene 1 15 41 4.77785 0 71 4.77785 1
gene 1 15 42 2.0098 0 72 2.0098 1
gene 1 15 43 -0.240357 0 73 -0.240357 1
gene 1 15 44 -0.407966 0 74 -0.407966 1
gene 1 15 45 -1.4067 0 75 -1.4067 1
gene 1 16 41 1.77941 0 76 1.77941 1
gene 1 16 42 -0.306652 0 77 -0.306652 1
gene 1 16 43 0.812919 0 78 0.812919 1
gene 1 16 44 2.30214 0 79 2.30214 1
gene 1 16 45 2.75611 0 80 2.75611 1
gene 1 17 41 -2.207 0 81 -2.207 1
gene 1 17 42 -0.155051 0 82 -0.155051 1
gene 1 17 43 -1.11469 0 83 -1.11469 1
gene 1 17 44 -0.063673 0 84 -0.063673 1
gene 1 17 45 -0.206438 0 85 -0.206438 1
gene 1 18 41 -4.32867 0 86 -4.32867 1
gene 1 18 42 4.42192 0 87 4.42192 1
gene 1 18 43 -3.81284 0 88 -3.81284 1
gene 1 18 44 -2.37822 0 89 -2.37822 1
gene 1 18 45 4.26625 0 90 4.26625 1
gene 1 19 41 -2.93911 0 91 -2.93911 1
gene 1 19 42 1.09094 0 92 1.09094 1
gene 1 19 43 -1.97554 0 93 -1.97554 1
gene 1 19 44 0.0353957 0 94 0.0353957 1
gene 1 19 45 -5 0 95 -5 1
gene 1 20 41 0.348592 0 96 0.348592 1
gene 1 20 42 2.36915 0 97 2.36915 1
gene 1 20 43 -0.403399 0 98 -0.403399 1
gene 1 20 44 1.66123 0 99 1.66123 1
gene 1 20 45 -3.82317 0 100 -3.82317 1
gene 1 21 41 2.84619 0 101 2.84619 1
gene 1 21 42 -2.79257 0 102 -2.79257 1
gene 1 21 43 2.82919 0 103 2.82919 1
gene 1 21 44 -1.78792 0 104 -1.78792 1
gene 1 21 45 1.26712 0 105 1.26712 1
gene 1 22 41 1.39403 0 106 1.39403 1
gene 1 22 42 -1.16008 0 107 -1.16008 1
gene 1 22 43 0.376066 0 108 0.376066 1
gene 1 22 44 -0.0804884 0 109 -0.0804884 1
gene 1 22 45 0.0418508 0 110 0.0418508 1
gene 1 23 41 -0.0853138 0 111 -0.0853138 1
gene 1 23 42 1.59146 0 112 1.59146 1
gene 1 23 43 0.706866 0 113 0.706866 1
gene 1 23 44 1.47638 0 114 1.47638 1
gene 1 23 45 2.49919 0 115 2.49919 1
gene 1 24 41 -0.998597 0 116 -0.998597 1
gene 1 24 42 0.965609 0 117 0.965609 1
gene 1 24 43 -2.52957 0 118 -2.52957 1
gene 1 24 44 -0.187078 0 119 -0.187078 1
gene 1 24 45 -1.10597 0 120 -1.10597 1
gene 1 25 41 0.981852 0 121 0.981852 1
gene 1 25 42 -2.13569 0 122 -2.13569 1
gene 1 25 43 1.20951 0 123 1.20951 1
gene 1 25 44 2.10443 0 124 2.10443 1
gene 1 25 45 3.94241 0 125 3.94241 1
gene 1 26 41 -1.60923 0 126 -1.60923 1
gene 1 26 42 -0.0889036 0 127 -0.0889036 1
gene 1 26 43 -0.679746 0 128 -0.679746 1
gene 1 26 44 1.00138 0 129 1.00138 1
gene 1 26 45 1.96019 0 130 1.96019 1
gene 1 27 41 -0.525433 0 131 -0.525433 1
gene 1 27 42 0.265307 0 132 0.265307 1
gene 1 27 43 0.232799 0 133 0.232799 1
gene 1 27 44 -1.29066 0 134 -1.29066 1
gene 1 27 45 -0.207135 0 135 -0.207135 1
gene 1 28 41 0.183163 0 136 0.183163 1
gene 1 28 42 -1.47866 0 137 -1.47866 1
gene 1 28 43 0.0054725 0 138 0.0054725 1
gene 1 28 44 -3.13504 0 139 -3.13504 1
gene 1 28 45 -1.08667 0 140 -1.08667 1
gene 1 29 41 2.12475 0 141 2.12475 1
gene 1 29 42 -5 0 142 -5 1
gene 1 29 43 2.56467 0 143 2.56467 1
gene 1 29 44 -0.13362 0 144 -0.13362 1
gene 1 29 45 -0.396002 0 145 -0.396002 1
gene 1 30 41 -1.3354 0 146 -1.3354 1
gene 1 30 42 -0.501502 0 147 -0.501502 1
gene 1 30 43 -0.0743655 0 148 -0.0743655 1
gene 1 30 44 5 0 149 5 1
gene 1 30 45 -4.66179 0 150 -4.66179 1
gene 1 31 41 -0.466493 0 151 -0.466493 1
gene 1 31 42 0.317567 0 152 0.317567 1
gene 1 31 43 -2.96848 0 153 -2.96848 1
gene 1 31 44 1.61376 0 154 1.61376 1
gene 1 31 45 -1.86909 0 155 -1.86909 1
gene 1 32 41 2.13443 0 156 2.13443 1
gene 1 32 42 -0.982827 0 157 -0.982827 1
gene 1 32 43 -0.593944 0 158 -0.593944 1
gene 1 32 44 -0.94452 0 159 -0.94452 1
gene 1 32 45 -1.75219 0 160 -1.75219 1
gene 1 33 41 -1.39009 0 161 -1.39009 1
gene 1 33 42 0.203836 0 162 0.203836 1
gene 1 33 43 -0.994579 0 163 -0.994579 1
gene 1 33 44 0.0261234 0 164 0.0261234 1
gene 1 33 45 0.931175 0 165 0.931175 1
gene 1 34 41 0.923446 0 166 0.923446 1
gene 1 34 42 -0.17253 0 167 -0.17253 1
gene 1 34 43 0.333342 0 168 0.333342 1
gene 1 34 44 0.897762 0 169 0.897762 1
gene 1 34 45 -1.18368 0 170 -1.18368 1
gene 1 35 41 0.844109 0 171 0.844109 1
gene 1 35 42 -2.77367 0 172 -2.77367 1
gene 1 35 43 0.418232 0 173 0.418232 1
gene 1 35 44 0.134498 0 174 0.134498 1
gene 1 35 45 0.0138582 0 175 0.0138582 1
gene 1 36 41 0.47877 0 176 0.47877 1
gene 1 36 42 3.03411 0 177 3.03411 1
gene 1 36 43 -1.20084 0 178 -1.20084 1
gene 1 36 44 0.985773 0 179 0.985773 1
gene 1 36 45 -0.346199 0 180 -0.346199 1
gene 1 37 41 -0.152096 0 181 -0.152096 1
gene 1 37 42 0.222727 0 182 0.222727 1
gene 1 37 43 0.143996 0 183 0.143996 1
gene 1 37 44 -4.41769 0 184 -4.41769 1
gene 1 37 45 0.463545 0 185 0.463545 1
gene 1 38 41 -1.09033 0 186 -1.09033 1
gene 1 38 42 -0.141717 0 187 -0.141717 1
gene 1 38 43 -1.95065 0 188 -1.95065 1
gene 1 38 44 0.238723 0 189 0.238723 1
gene 1 38 45 2.00199 0 190 2.00199 1
gene 1 39 41 0.416683 0 191 0.416683 1
gene 1 39 42 -0.541368 0 192 -0.541368 1
gene 1 39 43 1.69076 0 193 1.69076 1
gene 1 39 44 -0.286729 0 194 -0.286729 1
gene 1 39 45 0.113035 0 195 0.113035 1
gene 1 40 41 0.706651 0 196 0.706651 1
gene 1 40 42 -4.26204 0 197 -4.26204 1
gene 1 40 43 -0.446636 0 198 -0.446636 1
gene 1 40 44 0.777108 0 199 0.777108 1
gene 1 40 45 2.13908 0 200 2.13908 1
genomeend 0


