/* Organism #4 Fitness: 12410.198000 Time: 0 */
genomestart 4
trait 1 0.100000 0.000000 0.000000 0.000000 0.000000 0.000000 0.000000 0.000000 
node 1 1 1 1
node 2 1 1 1
node 3 1 1 1
node 4 1 1 1
node 5 1 1 1
node 6 1 1 1
node 7 1 1 1
node 8 1 1 1
node 9 1 1 1
node 10 1 1 1
node 11 1 1 1
node 12 1 1 1
node 13 1 1 1
node 14 1 1 1
node 15 1 1 1
node 16 1 1 1
node 17 1 1 1
node 18 1 1 1
node 19 1 1 1
node 20 1 1 1
node 21 1 1 1
node 22 1 1 1
node 23 1 1 1
node 24 1 1 1
node 25 1 1 1
node 26 1 1 1
node 27 1 1 1
node 28 1 1 1
node 29 1 1 1
node 30 1 1 1
node 31 1 1 1
node 32 1 1 1
node 33 1 1 1
node 34 1 1 1
node 35 1 1 1
node 36 1 1 1
node 37 1 1 1
node 38 1 1 1
node 39 1 1 1
node 40 1 1 3
node 41 1 0 2
node 42 1 0 2
node 43 1 0 2
node 44 1 0 2
node 45 1 0 2
gene 1 1 41 -4.34757 0 1 -4.34757 1
gene 1 1 42 -2.05776 0 2 -2.05776 1
gene 1 1 43 -0.968119 0 3 -0.968119 1
gene 1 1 44 0.46146 0 4 0.46146 1
gene 1 1 45 0.00756164 0 5 0.00756164 1
gene 1 2 41 -0.482989 0 6 -0.482989 1
gene 1 2 42 -3.00787 0 7 -3.00787 1
gene 1 2 43 -1.44618 0 8 -1.44618 1
gene 1 2 44 -1.99556 0 9 -1.99556 1
gene 1 2 45 -2.61997 0 10 -2.61997 1
gene 1 3 41 0.452964 0 11 0.452964 1
gene 1 3 42 1.35151 0 12 1.35151 1
gene 1 3 43 -1.70997 0 13 -1.70997 1
gene 1 3 44 -2.4658 0 14 -2.4658 1
gene 1 3 45 -5 0 15 -5 1
gene 1 4 41 0.110426 0 16 0.110426 1
gene 1 4 42 -1.83803 0 17 -1.83803 1
gene 1 4 43 -2.5931 0 18 -2.5931 1
gene 1 4 44 -0.883628 0 19 -0.883628 1
gene 1 4 45 -1.4609 0 20 -1.4609 1
gene 1 5 41 3.46021 0 21 3.46021 1
gene 1 5 42 3.07695 0 22 3.07695 1
gene 1 5 43 1.58926 0 23 1.58926 1
gene 1 5 44 -1.86704 0 24 -1.86704 1
gene 1 5 45 0.196441 0 25 0.196441 1
gene 1 6 41 4.77053 0 26 4.77053 1
gene 1 6 42 -2.39318 0 27 -2.39318 1
gene 1 6 43 0.61678 0 28 0.61678 1
gene 1 6 44 4.95402 0 29 4.95402 1
gene 1 6 45 1.05189 0 30 1.05189 1
gene 1 7 41 4.652 0 31 4.652 1
gene 1 7 42 2.56449 0 32 2.56449 1
gene 1 7 43 -1.42848 0 33 -1.42848 1
gene 1 7 44 -2.58232 0 34 -2.58232 1
gene 1 7 45 -0.910142 0 35 -0.910142 1
gene 1 8 41 -0.644215 0 36 -0.644215 1
gene 1 8 42 1.22681 0 37 1.22681 1
gene 1 8 43 -1.91706 0 38 -1.91706 1
gene 1 8 44 -1.58283 0 39 -1.58283 1
gene 1 8 45 -1.30942 0 40 -1.30942 1
gene 1 9 41 -3.81179 0 41 -3.81179 1
gene 1 9 42 -1.81034 0 42 -1.81034 1
gene 1 9 43 -5 0 43 -5 1
gene 1 9 44 -5 0 44 -5 1
gene 1 9 45 0.322256 0 45 0.322256 1
gene 1 10 41 -0.284656 0 46 -0.284656 1
gene 1 10 42 2.08213 0 47 2.08213 1
gene 1 10 43 -3.13167 0 48 -3.13167 1
gene 1 10 44 -0.1013 0 49 -0.1013 1
gene 1 10 45 2.65834 0 50 2.65834 1
gene 1 11 41 -1.57659 0 51 -1.57659 1
gene 1 11 42 -2.01141 0 52 -2.01141 1
gene 1 11 43 0.483275 0 53 0.483275 1
gene 1 11 44 -3.9484 0 54 -3.9484 1
gene 1 11 45 -3.33402 0 55 -3.33402 1
gene 1 12 41 0.506743 0 56 0.506743 1
gene 1 12 42 0.877787 0 57 0.877787 1
gene 1 12 43 -1.90977 0 58 -1.90977 1
gene 1 12 44 1.60126 0 59 1.60126 1
gene 1 12 45 2.25869 0 60 2.25869 1
gene 1 13 41 -2.11686 0 61 -2.11686 1
gene 1 13 42 0.64626 0 62 0.64626 1
gene 1 13 43 3.12152 0 63 3.12152 1
gene 1 13 44 -1.76549 0 64 -1.76549 1
gene 1 13 45 0.323977 0 65 0.323977 1
gene 1 14 41 0.103947 0 66 0.103947 1
gene 1 14 42 -3.00157 0 67 -3.00157 1
gene 1 14 43 1.34764 0 68 1.34764 1
gene 1 14 44 -5 0 69 -5 1
gene 1 14 45 -1.67143 0 70 -1.67143 1
gene 1 15 41 -2.53022 0 71 -2.53022 1
gene 1 15 42 0.332601 0 72 0.332601 1
gene 1 15 43 0.909725 0 73 0.909725 1
gene 1 15 44 5 0 74 5 1
gene 1 15 45 0.507142 0 75 0.507142 1
gene 1 16 41 -0.435139 0 76 -0.435139 1
gene 1 16 42 -0.728607 0 77 -0.728607 1
gene 1 16 43 -0.989303 0 78 -0.989303 1
gene 1 16 44 -2.74056 0 79 -2.74056 1
gene 1 16 45 0.552485 0 80 0.552485 1
gene 1 17 41 4.13167 0 81 4.13167 1
gene 1 17 42 -5 0 82 -5 1
gene 1 17 43 -2.90096 0 83 -2.90096 1
gene 1 17 44 -2.73695 0 84 -2.73695 1
gene 1 17 45 1.8253 0 85 1.8253 1
gene 1 18 41 3.18608 0 86 3.18608 1
gene 1 18 42 -1.63355 0 87 -1.63355 1
gene 1 18 43 -2.58755 0 88 -2.58755 1
gene 1 18 44 0.0411241 0 89 0.0411241 1
gene 1 18 45 -2.34861 0 90 -2.34861 1
gene 1 19 41 0.96658 0 91 0.96658 1
gene 1 19 42 -4.41312 0 92 -4.41312 1
gene 1 19 43 -2.16716 0 93 -2.16716 1
gene 1 19 44 2.02468 0 94 2.02468 1
gene 1 19 45 1.9057 0 95 1.9057 1
gene 1 20 41 -2.02298 0 96 -2.02298 1
gene 1 20 42 0.736386 0 97 0.736386 1
gene 1 20 43 1.20821 0 98 1.20821 1
gene 1 20 44 2.20502 0 99 2.20502 1
gene 1 20 45 1.84933 0 100 1.84933 1
gene 1 21 41 -0.154137 0 101 -0.154137 1
gene 1 21 42 3.34929 0 102 3.34929 1
gene 1 21 43 -4.52269 0 103 -4.52269 1
gene 1 21 44 5 0 104 5 1
gene 1 21 45 4.06384 0 105 4.06384 1
gene 1 22 41 -3.87488 0 106 -3.87488 1
gene 1 22 42 -3.7916 0 107 -3.7916 1
gene 1 22 43 3.69543 0 108 3.69543 1
gene 1 22 44 -2.975 0 109 -2.975 1
gene 1 22 45 -1.55057 0 110 -1.55057 1
gene 1 23 41 1.14907 0 111 1.14907 1
gene 1 23 42 3.49868 0 112 3.49868 1
gene 1 23 43 -1.86916 0 113 -1.86916 1
gene 1 23 44 2.97349 0 114 2.97349 1
gene 1 23 45 -4.92154 0 115 -4.92154 1
gene 1 24 41 2.38436 0 116 2.38436 1
gene 1 24 42 4.65427 0 117 4.65427 1
gene 1 24 43 -5 0 118 -5 1
gene 1 24 44 -0.856158 0 119 -0.856158 1
gene 1 24 45 -0.813747 0 120 -0.813747 1
gene 1 25 41 -5 0 121 -5 1
gene 1 25 42 3.44646 0 122 3.44646 1
gene 1 25 43 1.33607 0 123 1.33607 1
gene 1 25 44 -3.83358 0 124 -3.83358 1
gene 1 25 45 -0.970175 0 125 -0.970175 1
gene 1 26 41 -2.83399 0 126 -2.83399 1
gene 1 26 42 1.05486 0 127 1.05486 1
gene 1 26 43 -0.463781 0 128 -0.463781 1
gene 1 26 44 -0.888082 0 129 -0.888082 1
gene 1 26 45 3.24772 0 130 3.24772 1
gene 1 27 41 0.511513 0 131 0.511513 1
gene 1 27 42 0.283983 0 132 0.283983 1
gene 1 27 43 -2.5956 0 133 -2.5956 1
gene 1 27 44 2.49829 0 134 2.49829 1
gene 1 27 45 -0.288317 0 135 -0.288317 1
gene 1 28 41 -2.00618 0 136 -2.00618 1
gene 1 28 42 2.63453 0 137 2.63453 1
gene 1 28 43 1.73445 0 138 1.73445 1
gene 1 28 44 -1.582 0 139 -1.582 1
gene 1 28 45 -1.6485 0 140 -1.6485 1
gene 1 29 41 1.20647 0 141 1.20647 1
gene 1 29 42 3.13636 0 142 3.13636 1
gene 1 29 43 2.34201 0 143 2.34201 1
gene 1 29 44 0.701839 0 144 0.701839 1
gene 1 29 45 3.55952 0 145 3.55952 1
gene 1 30 41 -0.877283 0 146 -0.877283 1
gene 1 30 42 -2.91893 0 147 -2.91893 1
gene 1 30 43 -2.98963 0 148 -2.98963 1
gene 1 30 44 -1.85898 0 149 -1.85898 1
gene 1 30 45 -2.38721 0 150 -2.38721 1
gene 1 31 41 1.40836 0 151 1.40836 1
gene 1 31 42 1.53023 0 152 1.53023 1
gene 1 31 43 -0.496617 0 153 -0.496617 1
gene 1 31 44 -4.52959 0 154 -4.52959 1
gene 1 31 45 -1.76331 0 155 -1.76331 1
gene 1 32 41 0.915285 0 156 0.915285 1
gene 1 32 42 -2.19804 0 157 -2.19804 1
gene 1 32 43 1.89683 0 158 1.89683 1
gene 1 32 44 -2.00557 0 159 -2.00557 1
gene 1 32 45 0.25058 0 160 0.25058 1
gene 1 33 41 0.796662 0 161 0.796662 1
gene 1 33 42 -0.567379 0 162 -0.567379 1
gene 1 33 43 0.734069 0 163 0.734069 1
gene 1 33 44 -0.0249697 0 164 -0.0249697 1
gene 1 33 45 -0.283169 0 165 -0.283169 1
gene 1 34 41 0.901868 0 166 0.901868 1
gene 1 34 42 -1.79552 0 167 -1.79552 1
gene 1 34 43 0.242441 0 168 0.242441 1
gene 1 34 44 0.417058 0 169 0.417058 1
gene 1 34 45 -0.339271 0 170 -0.339271 1
gene 1 35 41 -0.421694 0 171 -0.421694 1
gene 1 35 42 -0.990847 0 172 -0.990847 1
gene 1 35 43 0.567011 0 173 0.567011 1
gene 1 35 44 -3.03644 0 174 -3.03644 1
gene 1 35 45 0.839434 0 175 0.839434 1
gene 1 36 41 0.734962 0 176 0.734962 1
gene 1 36 42 -0.63811 0 177 -0.63811 1
gene 1 36 43 0.179193 0 178 0.179193 1
gene 1 36 44 -1.13505 0 179 -1.13505 1
gene 1 36 45 0.458061 0 180 0.458061 1
gene 1 37 41 1.099 0 181 1.099 1
gene 1 37 42 0.614277 0 182 0.614277 1
gene 1 37 43 -0.22622 0 183 -0.22622 1
gene 1 37 44 -0.446516 0 184 -0.446516 1
gene 1 37 45 0.501886 0 185 0.501886 1
gene 1 38 41 -1.45798 0 186 -1.45798 1
gene 1 38 42 -0.508178 0 187 -0.508178 1
gene 1 38 43 -0.818113 0 188 -0.818113 1
gene 1 38 44 -0.664041 0 189 -0.664041 1
gene 1 38 45 -0.703281 0 190 -0.703281 1
gene 1 39 41 -1.83403 0 191 -1.83403 1
gene 1 39 42 0.960815 0 192 0.960815 1
gene 1 39 43 0.513001 0 193 0.513001 1
gene 1 39 44 3.47842 0 194 3.47842 1
gene 1 39 45 -1.24059 0 195 -1.24059 1
gene 1 40 41 -5 0 196 -5 1
gene 1 40 42 -0.811052 0 197 -0.811052 1
gene 1 40 43 -0.829094 0 198 -0.829094 1
gene 1 40 44 -0.148141 0 199 -0.148141 1
gene 1 40 45 -0.285856 0 200 -0.285856 1
genomeend 4


