/* Organism #0 Fitness: 12034.062000 Time: 0 */
genomestart 0
trait 1 0.000000 0.955182 1.000000 0.000000 0.055803 0.018122 0.656235 0.000000 
node 1 1 1 1
node 2 1 1 1
node 3 1 1 1
node 4 1 1 1
node 5 1 1 1
node 6 1 1 1
node 7 1 1 1
node 8 1 1 1
node 9 1 1 1
node 10 1 1 1
node 11 1 1 1
node 12 1 1 1
node 13 1 1 1
node 14 1 1 1
node 15 1 1 1
node 16 1 1 1
node 17 1 1 1
node 18 1 1 1
node 19 1 1 1
node 20 1 1 1
node 21 1 1 1
node 22 1 1 1
node 23 1 1 1
node 24 1 1 1
node 25 1 1 1
node 26 1 1 1
node 27 1 1 1
node 28 1 1 1
node 29 1 1 1
node 30 1 1 1
node 31 1 1 1
node 32 1 1 1
node 33 1 1 1
node 34 1 1 1
node 35 1 1 1
node 36 1 1 1
node 37 1 1 1
node 38 1 1 1
node 39 1 1 1
node 40 1 1 3
node 41 1 0 2
node 42 1 0 2
node 43 1 0 2
node 44 1 0 2
node 45 1 0 2
gene 1 1 41 -0.297491 0 1 -0.297491 1
gene 1 1 42 -0.717779 0 2 -0.717779 1
gene 1 1 43 -3.19979 0 3 -3.19979 1
gene 1 1 44 1.72261 0 4 1.72261 1
gene 1 1 45 -0.364602 0 5 -0.364602 1
gene 1 2 41 0.949659 0 6 0.949659 1
gene 1 2 42 1.3797 0 7 1.3797 1
gene 1 2 43 -1.70892 0 8 -1.70892 1
gene 1 2 44 0.681197 0 9 0.681197 1
gene 1 2 45 -1.55634 0 10 -1.55634 1
gene 1 3 41 1.24219 0 11 1.24219 1
gene 1 3 42 -0.408044 0 12 -0.408044 1
gene 1 3 43 0.399274 0 13 0.399274 1
gene 1 3 44 -0.34622 0 14 -0.34622 1
gene 1 3 45 -1.71338 0 15 -1.71338 1
gene 1 4 41 2.26316 0 16 2.26316 1
gene 1 4 42 0.681584 0 17 0.681584 1
gene 1 4 43 1.57636 0 18 1.57636 1
gene 1 4 44 4.20747 0 19 4.20747 1
gene 1 4 45 1.68375 0 20 1.68375 1
gene 1 5 41 0.998236 0 21 0.998236 1
gene 1 5 42 1.52617 0 22 1.52617 1
gene 1 5 43 -3.59942 0 23 -3.59942 1
gene 1 5 44 -0.162206 0 24 -0.162206 1
gene 1 5 45 -3.77131 0 25 -3.77131 1
gene 1 6 41 2.75097 0 26 2.75097 1
gene 1 6 42 -0.693362 0 27 -0.693362 1
gene 1 6 43 -2.96757 0 28 -2.96757 1
gene 1 6 44 -5 0 29 -5 1
gene 1 6 45 3.64731 0 30 3.64731 1
gene 1 7 41 2.66031 0 31 2.66031 1
gene 1 7 42 0.417757 0 32 0.417757 1
gene 1 7 43 -0.417499 0 33 -0.417499 1
gene 1 7 44 -1.75308 0 34 -1.75308 1
gene 1 7 45 2.92583 0 35 2.92583 1
gene 1 8 41 -0.171479 0 36 -0.171479 1
gene 1 8 42 -0.0829655 0 37 -0.0829655 1
gene 1 8 43 1.75521 0 38 1.75521 1
gene 1 8 44 -0.426194 0 39 -0.426194 1
gene 1 8 45 4.29392 0 40 4.29392 1
gene 1 9 41 -3.6874 0 41 -3.6874 1
gene 1 9 42 2.58493 0 42 2.58493 1
gene 1 9 43 0.122135 0 43 0.122135 1
gene 1 9 44 -0.166053 0 44 -0.166053 1
gene 1 9 45 -0.0446963 0 45 -0.0446963 1
gene 1 10 41 -0.221104 0 46 -0.221104 1
gene 1 10 42 -0.938513 0 47 -0.938513 1
gene 1 10 43 -1.19363 0 48 -1.19363 1
gene 1 10 44 1.53326 0 49 1.53326 1
gene 1 10 45 3.4342 0 50 3.4342 1
gene 1 11 41 -1.28078 0 51 -1.28078 1
gene 1 11 42 -1.1654 0 52 -1.1654 1
gene 1 11 43 -2.21915 0 53 -2.21915 1
gene 1 11 44 0.535307 0 54 0.535307 1
gene 1 11 45 0.286781 0 55 0.286781 1
gene 1 12 41 0.714655 0 56 0.714655 1
gene 1 12 42 -3.93662 0 57 -3.93662 1
gene 1 12 43 0.0898268 0 58 0.0898268 1
gene 1 12 44 1.25921 0 59 1.25921 1
gene 1 12 45 0.668374 0 60 0.668374 1
gene 1 13 41 -0.546044 0 61 -0.546044 1
gene 1 13 42 -4.07714 0 62 -4.07714 1
gene 1 13 43 2.73738 0 63 2.73738 1
gene 1 13 44 1.09477 0 64 1.09477 1
gene 1 13 45 1.02949 0 65 1.02949 1
gene 1 14 41 -0.883808 0 66 -0.883808 1
gene 1 14 42 -0.832127 0 67 -0.832127 1
gene 1 14 43 -0.664075 0 68 -0.664075 1
gene 1 14 44 2.19421 0 69 2.19421 1
gene 1 14 45 -2.5615 0 70 -2.5615 1
gene 1 15 41 0.356232 0 71 0.356232 1
gene 1 15 42 2.61598 0 72 2.61598 1
gene 1 15 43 1.48823 0 73 1.48823 1
gene 1 15 44 3.344 0 74 3.344 1
gene 1 15 45 3.13424 0 75 3.13424 1
gene 1 16 41 -1.67243 0 76 -1.67243 1
gene 1 16 42 -1.49612 0 77 -1.49612 1
gene 1 16 43 -5 0 78 -5 1
gene 1 16 44 2.13916 0 79 2.13916 1
gene 1 16 45 -1.00159 0 80 -1.00159 1
gene 1 17 41 3.79224 0 81 3.79224 1
gene 1 17 42 -3.56625 0 82 -3.56625 1
gene 1 17 43 -1.10949 0 83 -1.10949 1
gene 1 17 44 0.425722 0 84 0.425722 1
gene 1 17 45 0.108799 0 85 0.108799 1
gene 1 18 41 1.91159 0 86 1.91159 1
gene 1 18 42 -3.41297 0 87 -3.41297 1
gene 1 18 43 -3.59311 0 88 -3.59311 1
gene 1 18 44 0.454424 0 89 0.454424 1
gene 1 18 45 1.59549 0 90 1.59549 1
gene 1 19 41 0.0651279 0 91 0.0651279 1
gene 1 19 42 -2.70348 0 92 -2.70348 1
gene 1 19 43 -0.85926 0 93 -0.85926 1
gene 1 19 44 0.446042 0 94 0.446042 1
gene 1 19 45 0.163418 0 95 0.163418 1
gene 1 20 41 -0.238047 0 96 -0.238047 1
gene 1 20 42 -0.353284 0 97 -0.353284 1
gene 1 20 43 0.651521 0 98 0.651521 1
gene 1 20 44 -0.682073 0 99 -0.682073 1
gene 1 20 45 -1.1121 0 100 -1.1121 1
gene 1 21 41 -1.17969 0 101 -1.17969 1
gene 1 21 42 -2.1804 0 102 -2.1804 1
gene 1 21 43 0.331799 0 103 0.331799 1
gene 1 21 44 -2.65073 0 104 -2.65073 1
gene 1 21 45 -0.1142 0 105 -0.1142 1
gene 1 22 41 -2.44201 0 106 -2.44201 1
gene 1 22 42 -2.61826 0 107 -2.61826 1
gene 1 22 43 3.45898 0 108 3.45898 1
gene 1 22 44 -0.728791 0 109 -0.728791 1
gene 1 22 45 4.41072 0 110 4.41072 1
gene 1 23 41 -0.781782 0 111 -0.781782 1
gene 1 23 42 -0.830488 0 112 -0.830488 1
gene 1 23 43 1.7183 0 113 1.7183 1
gene 1 23 44 0.170429 0 114 0.170429 1
gene 1 23 45 2.15338 0 115 2.15338 1
gene 1 24 41 0.520107 0 116 0.520107 1
gene 1 24 42 0.665527 0 117 0.665527 1
gene 1 24 43 3.12211 0 118 3.12211 1
gene 1 24 44 -3.54859 0 119 -3.54859 1
gene 1 24 45 -3.12349 0 120 -3.12349 1
gene 1 25 41 -4.09724 0 121 -4.09724 1
gene 1 25 42 3.99166 0 122 3.99166 1
gene 1 25 43 3.47943 0 123 3.47943 1
gene 1 25 44 0.774614 0 124 0.774614 1
gene 1 25 45 -1.65722 0 125 -1.65722 1
gene 1 26 41 -1.94848 0 126 -1.94848 1
gene 1 26 42 1.31134 0 127 1.31134 1
gene 1 26 43 0.768122 0 128 0.768122 1
gene 1 26 44 1.42781 0 129 1.42781 1
gene 1 26 45 0.159497 0 130 0.159497 1
gene 1 27 41 -1.51083 0 131 -1.51083 1
gene 1 27 42 0.527952 0 132 0.527952 1
gene 1 27 43 2.06514 0 133 2.06514 1
gene 1 27 44 1.53547 0 134 1.53547 1
gene 1 27 45 0.77081 0 135 0.77081 1
gene 1 28 41 0.577234 0 136 0.577234 1
gene 1 28 42 0.460668 0 137 0.460668 1
gene 1 28 43 -1.20242 0 138 -1.20242 1
gene 1 28 44 1.26846 0 139 1.26846 1
gene 1 28 45 -0.881878 0 140 -0.881878 1
gene 1 29 41 2.79625 0 141 2.79625 1
gene 1 29 42 0.614454 0 142 0.614454 1
gene 1 29 43 2.97368 0 143 2.97368 1
gene 1 29 44 0.308203 0 144 0.308203 1
gene 1 29 45 -1.39554 0 145 -1.39554 1
gene 1 30 41 -0.907065 0 146 -0.907065 1
gene 1 30 42 -0.835128 0 147 -0.835128 1
gene 1 30 43 -2.67167 0 148 -2.67167 1
gene 1 30 44 1.66317 0 149 1.66317 1
gene 1 30 45 2.79086 0 150 2.79086 1
gene 1 31 41 3.68205 0 151 3.68205 1
gene 1 31 42 0.638663 0 152 0.638663 1
gene 1 31 43 -2.59897 0 153 -2.59897 1
gene 1 31 44 4.21729 0 154 4.21729 1
gene 1 31 45 1.05497 0 155 1.05497 1
gene 1 32 41 -1.33862 0 156 -1.33862 1
gene 1 32 42 -1.47534 0 157 -1.47534 1
gene 1 32 43 4.47709 0 158 4.47709 1
gene 1 32 44 -1.8327 0 159 -1.8327 1
gene 1 32 45 -2.03322 0 160 -2.03322 1
gene 1 33 41 -0.0342356 0 161 -0.0342356 1
gene 1 33 42 -0.753756 0 162 -0.753756 1
gene 1 33 43 0.241554 0 163 0.241554 1
gene 1 33 44 2.81252 0 164 2.81252 1
gene 1 33 45 -0.755521 0 165 -0.755521 1
gene 1 34 41 -0.0603578 0 166 -0.0603578 1
gene 1 34 42 0.608195 0 167 0.608195 1
gene 1 34 43 -0.663012 0 168 -0.663012 1
gene 1 34 44 -1.07676 0 169 -1.07676 1
gene 1 34 45 1.734 0 170 1.734 1
gene 1 35 41 0.0364193 0 171 0.0364193 1
gene 1 35 42 0.277666 0 172 0.277666 1
gene 1 35 43 0.77917 0 173 0.77917 1
gene 1 35 44 -0.583666 0 174 -0.583666 1
gene 1 35 45 0.725229 0 175 0.725229 1
gene 1 36 41 0.0295951 0 176 0.0295951 1
gene 1 36 42 -0.470899 0 177 -0.470899 1
gene 1 36 43 1.36552 0 178 1.36552 1
gene 1 36 44 -2.18877 0 179 -2.18877 1
gene 1 36 45 0.658506 0 180 0.658506 1
gene 1 37 41 0.771863 0 181 0.771863 1
gene 1 37 42 0.401318 0 182 0.401318 1
gene 1 37 43 -0.212486 0 183 -0.212486 1
gene 1 37 44 -0.482307 0 184 -0.482307 1
gene 1 37 45 -0.489084 0 185 -0.489084 1
gene 1 38 41 -0.576179 0 186 -0.576179 1
gene 1 38 42 -1.1188 0 187 -1.1188 1
gene 1 38 43 -0.386546 0 188 -0.386546 1
gene 1 38 44 -1.42141 0 189 -1.42141 1
gene 1 38 45 0.982455 0 190 0.982455 1
gene 1 39 41 1.21269 0 191 1.21269 1
gene 1 39 42 0.411491 0 192 0.411491 1
gene 1 39 43 0.0564853 0 193 0.0564853 1
gene 1 39 44 -0.0885731 0 194 -0.0885731 1
gene 1 39 45 -0.639645 0 195 -0.639645 1
gene 1 40 41 -4.18208 0 196 -4.18208 1
gene 1 40 42 -0.934213 0 197 -0.934213 1
gene 1 40 43 -1.14379 0 198 -1.14379 1
gene 1 40 44 -0.541501 0 199 -0.541501 1
gene 1 40 45 0.994392 0 200 0.994392 1
genomeend 0


