/* Organism #57 Fitness: 10328.176000 Time: 0 */
genomestart 57
trait 1 0.000000 0.328844 0.032437 0.000000 0.000000 1.000000 0.000000 0.159895 
node 1 1 1 1
node 2 1 1 1
node 3 1 1 1
node 4 1 1 1
node 5 1 1 1
node 6 1 1 1
node 7 1 1 1
node 8 1 1 1
node 9 1 1 1
node 10 1 1 1
node 11 1 1 1
node 12 1 1 1
node 13 1 1 1
node 14 1 1 1
node 15 1 1 1
node 16 1 1 1
node 17 1 1 1
node 18 1 1 1
node 19 1 1 1
node 20 1 1 1
node 21 1 1 1
node 22 1 1 1
node 23 1 1 1
node 24 1 1 1
node 25 1 1 1
node 26 1 1 1
node 27 1 1 1
node 28 1 1 1
node 29 1 1 1
node 30 1 1 1
node 31 1 1 1
node 32 1 1 1
node 33 1 1 1
node 34 1 1 1
node 35 1 1 1
node 36 1 1 1
node 37 1 1 1
node 38 1 1 1
node 39 1 1 1
node 40 1 1 3
node 41 1 0 2
node 42 1 0 2
node 43 1 0 2
node 44 1 0 2
node 45 1 0 2
gene 1 1 41 -0.0907048 0 1 -0.0907048 1
gene 1 1 42 -0.487811 0 2 -0.487811 1
gene 1 1 43 1.55254 0 3 1.55254 1
gene 1 1 44 0.781294 0 4 0.781294 1
gene 1 1 45 -0.264011 0 5 -0.264011 1
gene 1 2 41 0.0741487 0 6 0.0741487 1
gene 1 2 42 0.463357 0 7 0.463357 1
gene 1 2 43 0.496645 0 8 0.496645 1
gene 1 2 44 -0.629806 0 9 -0.629806 1
gene 1 2 45 4.01981 0 10 4.01981 1
gene 1 3 41 -0.590065 0 11 -0.590065 1
gene 1 3 42 5 0 12 5 1
gene 1 3 43 1.72628 0 13 1.72628 1
gene 1 3 44 4.56786 0 14 4.56786 1
gene 1 3 45 -2.90173 0 15 -2.90173 1
gene 1 4 41 -0.384004 0 16 -0.384004 1
gene 1 4 42 5 0 17 5 1
gene 1 4 43 1.61867 0 18 1.61867 1
gene 1 4 44 -1.90886 0 19 -1.90886 1
gene 1 4 45 1.40175 0 20 1.40175 1
gene 1 5 41 1.37399 0 21 1.37399 1
gene 1 5 42 -0.609056 0 22 -0.609056 1
gene 1 5 43 -0.335155 0 23 -0.335155 1
gene 1 5 44 -0.00448179 0 24 -0.00448179 1
gene 1 5 45 -1.39602 0 25 -1.39602 1
gene 1 6 41 1.57336 0 26 1.57336 1
gene 1 6 42 3.08824 0 27 3.08824 1
gene 1 6 43 -0.179006 0 28 -0.179006 1
gene 1 6 44 -5 0 29 -5 1
gene 1 6 45 1.06129 0 30 1.06129 1
gene 1 7 41 -0.435717 0 31 -0.435717 1
gene 1 7 42 -1.90848 0 32 -1.90848 1
gene 1 7 43 0.298075 0 33 0.298075 1
gene 1 7 44 -1.02473 0 34 -1.02473 1
gene 1 7 45 -0.771644 0 35 -0.771644 1
gene 1 8 41 -1.58763 0 36 -1.58763 1
gene 1 8 42 -3.34175 0 37 -3.34175 1
gene 1 8 43 0.69744 0 38 0.69744 1
gene 1 8 44 1.02721 0 39 1.02721 1
gene 1 8 45 -0.0890372 0 40 -0.0890372 1
gene 1 9 41 -1.84281 0 41 -1.84281 1
gene 1 9 42 -0.61076 0 42 -0.61076 1
gene 1 9 43 -0.292904 0 43 -0.292904 1
gene 1 9 44 -1.26246 0 44 -1.26246 1
gene 1 9 45 1.43018 0 45 1.43018 1
gene 1 10 41 -0.0398777 0 46 -0.0398777 1
gene 1 10 42 -1.15419 0 47 -1.15419 1
gene 1 10 43 5 0 48 5 1
gene 1 10 44 0.472566 0 49 0.472566 1
gene 1 10 45 -3.29589 0 50 -3.29589 1
gene 1 11 41 0.87029 0 51 0.87029 1
gene 1 11 42 2.98197 0 52 2.98197 1
gene 1 11 43 -0.449472 0 53 -0.449472 1
gene 1 11 44 0.131576 0 54 0.131576 1
gene 1 11 45 1.47759 0 55 1.47759 1
gene 1 12 41 -3.06904 0 56 -3.06904 1
gene 1 12 42 -3.22487 0 57 -3.22487 1
gene 1 12 43 -2.54244 0 58 -2.54244 1
gene 1 12 44 2.23537 0 59 2.23537 1
gene 1 12 45 1.10554 0 60 1.10554 1
gene 1 13 41 0.975616 0 61 0.975616 1
gene 1 13 42 2.09296 0 62 2.09296 1
gene 1 13 43 -0.96192 0 63 -0.96192 1
gene 1 13 44 4.74834 0 64 4.74834 1
gene 1 13 45 0.544847 0 65 0.544847 1
gene 1 14 41 4.05676 0 66 4.05676 1
gene 1 14 42 -2.31705 0 67 -2.31705 1
gene 1 14 43 -0.312702 0 68 -0.312702 1
gene 1 14 44 -1.46631 0 69 -1.46631 1
gene 1 14 45 -1.0888 0 70 -1.0888 1
gene 1 15 41 -1.97332 0 71 -1.97332 1
gene 1 15 42 1.5905 0 72 1.5905 1
gene 1 15 43 2.88296 0 73 2.88296 1
gene 1 15 44 1.62869 0 74 1.62869 1
gene 1 15 45 -3.05918 0 75 -3.05918 1
gene 1 16 41 -1.66828 0 76 -1.66828 1
gene 1 16 42 -4.6083 0 77 -4.6083 1
gene 1 16 43 2.28417 0 78 2.28417 1
gene 1 16 44 0.757152 0 79 0.757152 1
gene 1 16 45 1.22263 0 80 1.22263 1
gene 1 17 41 -5 0 81 -5 1
gene 1 17 42 4.14263 0 82 4.14263 1
gene 1 17 43 0.728614 0 83 0.728614 1
gene 1 17 44 0.417308 0 84 0.417308 1
gene 1 17 45 -0.910745 0 85 -0.910745 1
gene 1 18 41 -5 0 86 -5 1
gene 1 18 42 -0.953096 0 87 -0.953096 1
gene 1 18 43 -4.10008 0 88 -4.10008 1
gene 1 18 44 -1.73094 0 89 -1.73094 1
gene 1 18 45 1.2466 0 90 1.2466 1
gene 1 19 41 -4.34911 0 91 -4.34911 1
gene 1 19 42 2.29711 0 92 2.29711 1
gene 1 19 43 -3.11309 0 93 -3.11309 1
gene 1 19 44 -1.34053 0 94 -1.34053 1
gene 1 19 45 1.4884 0 95 1.4884 1
gene 1 20 41 -0.0887304 0 96 -0.0887304 1
gene 1 20 42 1.08555 0 97 1.08555 1
gene 1 20 43 0.767431 0 98 0.767431 1
gene 1 20 44 -0.841482 0 99 -0.841482 1
gene 1 20 45 -0.971367 0 100 -0.971367 1
gene 1 21 41 0.897894 0 101 0.897894 1
gene 1 21 42 0.447289 0 102 0.447289 1
gene 1 21 43 -0.144789 0 103 -0.144789 1
gene 1 21 44 -1.06956 0 104 -1.06956 1
gene 1 21 45 -0.913567 0 105 -0.913567 1
gene 1 22 41 -2.08134 0 106 -2.08134 1
gene 1 22 42 2.29972 0 107 2.29972 1
gene 1 22 43 0.305755 0 108 0.305755 1
gene 1 22 44 1.78576 0 109 1.78576 1
gene 1 22 45 -1.22932 0 110 -1.22932 1
gene 1 23 41 0.540465 0 111 0.540465 1
gene 1 23 42 -1.92123 0 112 -1.92123 1
gene 1 23 43 1.90772 0 113 1.90772 1
gene 1 23 44 -2.18831 0 114 -2.18831 1
gene 1 23 45 3.50353 0 115 3.50353 1
gene 1 24 41 -0.49182 0 116 -0.49182 1
gene 1 24 42 2.67007 0 117 2.67007 1
gene 1 24 43 2.71079 0 118 2.71079 1
gene 1 24 44 1.48111 0 119 1.48111 1
gene 1 24 45 -0.596316 0 120 -0.596316 1
gene 1 25 41 0.934553 0 121 0.934553 1
gene 1 25 42 -5 0 122 -5 1
gene 1 25 43 -0.350437 0 123 -0.350437 1
gene 1 25 44 -4.44463 0 124 -4.44463 1
gene 1 25 45 1.83038 0 125 1.83038 1
gene 1 26 41 0.219722 0 126 0.219722 1
gene 1 26 42 1.55417 0 127 1.55417 1
gene 1 26 43 -1.06676 0 128 -1.06676 1
gene 1 26 44 1.15992 0 129 1.15992 1
gene 1 26 45 -2.39997 0 130 -2.39997 1
gene 1 27 41 -0.597429 0 131 -0.597429 1
gene 1 27 42 1.46028 0 132 1.46028 1
gene 1 27 43 -3.67084 0 133 -3.67084 1
gene 1 27 44 -1.96015 0 134 -1.96015 1
gene 1 27 45 1.70334 0 135 1.70334 1
gene 1 28 41 -1.2801 0 136 -1.2801 1
gene 1 28 42 -0.181977 0 137 -0.181977 1
gene 1 28 43 1.59939 0 138 1.59939 1
gene 1 28 44 1.79684 0 139 1.79684 1
gene 1 28 45 -0.760889 0 140 -0.760889 1
gene 1 29 41 -1.79092 0 141 -1.79092 1
gene 1 29 42 -3.63588 0 142 -3.63588 1
gene 1 29 43 1.05992 0 143 1.05992 1
gene 1 29 44 -0.687443 0 144 -0.687443 1
gene 1 29 45 1.28001 0 145 1.28001 1
gene 1 30 41 -1.74939 0 146 -1.74939 1
gene 1 30 42 0.937437 0 147 0.937437 1
gene 1 30 43 -4.08572 0 148 -4.08572 1
gene 1 30 44 0.0144285 0 149 0.0144285 1
gene 1 30 45 -1.58289 0 150 -1.58289 1
gene 1 31 41 -0.562278 0 151 -0.562278 1
gene 1 31 42 -1.62201 0 152 -1.62201 1
gene 1 31 43 0.145501 0 153 0.145501 1
gene 1 31 44 -2.7858 0 154 -2.7858 1
gene 1 31 45 0.882411 0 155 0.882411 1
gene 1 32 41 0.895688 0 156 0.895688 1
gene 1 32 42 1.82457 0 157 1.82457 1
gene 1 32 43 -1.64891 0 158 -1.64891 1
gene 1 32 44 -2.03584 0 159 -2.03584 1
gene 1 32 45 -1.02545 0 160 -1.02545 1
gene 1 33 41 -0.873351 0 161 -0.873351 1
gene 1 33 42 -2.00223 0 162 -2.00223 1
gene 1 33 43 0.958392 0 163 0.958392 1
gene 1 33 44 -0.169056 0 164 -0.169056 1
gene 1 33 45 0.0928127 0 165 0.0928127 1
gene 1 34 41 -0.443958 0 166 -0.443958 1
gene 1 34 42 0.851299 0 167 0.851299 1
gene 1 34 43 -0.39366 0 168 -0.39366 1
gene 1 34 44 -0.277233 0 169 -0.277233 1
gene 1 34 45 0.390424 0 170 0.390424 1
gene 1 35 41 0.514717 0 171 0.514717 1
gene 1 35 42 -1.07877 0 172 -1.07877 1
gene 1 35 43 -1.76298 0 173 -1.76298 1
gene 1 35 44 -1.29758 0 174 -1.29758 1
gene 1 35 45 0.139881 0 175 0.139881 1
gene 1 36 41 0.856156 0 176 0.856156 1
gene 1 36 42 1.51765 0 177 1.51765 1
gene 1 36 43 0.688841 0 178 0.688841 1
gene 1 36 44 0.135813 0 179 0.135813 1
gene 1 36 45 -0.26181 0 180 -0.26181 1
gene 1 37 41 -0.765692 0 181 -0.765692 1
gene 1 37 42 0.202444 0 182 0.202444 1
gene 1 37 43 0.75435 0 183 0.75435 1
gene 1 37 44 -0.337283 0 184 -0.337283 1
gene 1 37 45 -0.368096 0 185 -0.368096 1
gene 1 38 41 -0.467964 0 186 -0.467964 1
gene 1 38 42 -0.424499 0 187 -0.424499 1
gene 1 38 43 -0.306779 0 188 -0.306779 1
gene 1 38 44 0.115106 0 189 0.115106 1
gene 1 38 45 0.360141 0 190 0.360141 1
gene 1 39 41 0.810329 0 191 0.810329 1
gene 1 39 42 -1.09742 0 192 -1.09742 1
gene 1 39 43 -1.5516 0 193 -1.5516 1
gene 1 39 44 1.19356 0 194 1.19356 1
gene 1 39 45 1.00843 0 195 1.00843 1
gene 1 40 41 0.0523937 0 196 0.0523937 1
gene 1 40 42 -4.54349 0 197 -4.54349 1
gene 1 40 43 -0.698891 0 198 -0.698891 1
gene 1 40 44 -3.7837 0 199 -3.7837 1
gene 1 40 45 -0.0766184 0 200 -0.0766184 1
genomeend 57


