/* Organism #1 Fitness: 9159.922000 Time: 0 */
genomestart 1
trait 1 0.727687 0.000000 0.343252 0.374056 0.598250 0.604727 0.000000 1.000000 
node 1 1 1 1
node 2 1 1 1
node 3 1 1 1
node 4 1 1 1
node 5 1 1 1
node 6 1 1 1
node 7 1 1 1
node 8 1 1 1
node 9 1 1 1
node 10 1 1 1
node 11 1 1 1
node 12 1 1 1
node 13 1 1 1
node 14 1 1 1
node 15 1 1 1
node 16 1 1 1
node 17 1 1 1
node 18 1 1 1
node 19 1 1 1
node 20 1 1 1
node 21 1 1 1
node 22 1 1 1
node 23 1 1 1
node 24 1 1 1
node 25 1 1 1
node 26 1 1 1
node 27 1 1 1
node 28 1 1 1
node 29 1 1 1
node 30 1 1 1
node 31 1 1 1
node 32 1 1 1
node 33 1 1 1
node 34 1 1 1
node 35 1 1 1
node 36 1 1 1
node 37 1 1 1
node 38 1 1 1
node 39 1 1 1
node 40 1 1 3
node 41 1 0 2
node 42 1 0 2
node 43 1 0 2
node 44 1 0 2
node 45 1 0 2
gene 1 1 41 -2.83214 0 1 -2.83214 1
gene 1 1 42 0.0627696 0 2 0.0627696 1
gene 1 1 43 0.140946 0 3 0.140946 1
gene 1 1 44 -3.16026 0 4 -3.16026 1
gene 1 1 45 -0.380725 0 5 -0.380725 1
gene 1 2 41 0.385585 0 6 0.385585 1
gene 1 2 42 -0.588668 0 7 -0.588668 1
gene 1 2 43 -0.856088 0 8 -0.856088 1
gene 1 2 44 2.10959 0 9 2.10959 1
gene 1 2 45 -0.767177 0 10 -0.767177 1
gene 1 3 41 2.2005 0 11 2.2005 1
gene 1 3 42 3.43248 0 12 3.43248 1
gene 1 3 43 -1.39947 0 13 -1.39947 1
gene 1 3 44 -1.66925 0 14 -1.66925 1
gene 1 3 45 -0.756435 0 15 -0.756435 1
gene 1 4 41 3.02042 0 16 3.02042 1
gene 1 4 42 0.499895 0 17 0.499895 1
gene 1 4 43 -5 0 18 -5 1
gene 1 4 44 2.0019 0 19 2.0019 1
gene 1 4 45 0.120846 0 20 0.120846 1
gene 1 5 41 4.8255 0 21 4.8255 1
gene 1 5 42 -2.02939 0 22 -2.02939 1
gene 1 5 43 0.0875415 0 23 0.0875415 1
gene 1 5 44 1.45239 0 24 1.45239 1
gene 1 5 45 -1.86328 0 25 -1.86328 1
gene 1 6 41 -0.0287547 0 26 -0.0287547 1
gene 1 6 42 -1.50234 0 27 -1.50234 1
gene 1 6 43 -0.342821 0 28 -0.342821 1
gene 1 6 44 2.67872 0 29 2.67872 1
gene 1 6 45 -4.4135 0 30 -4.4135 1
gene 1 7 41 4.66061 0 31 4.66061 1
gene 1 7 42 -1.59333 0 32 -1.59333 1
gene 1 7 43 0.804913 0 33 0.804913 1
gene 1 7 44 -1.02486 0 34 -1.02486 1
gene 1 7 45 -0.962629 0 35 -0.962629 1
gene 1 8 41 -1.31427 0 36 -1.31427 1
gene 1 8 42 -4.0891 0 37 -4.0891 1
gene 1 8 43 -3.13815 0 38 -3.13815 1
gene 1 8 44 0.353113 0 39 0.353113 1
gene 1 8 45 3.14457 0 40 3.14457 1
gene 1 9 41 -0.635892 0 41 -0.635892 1
gene 1 9 42 -0.330202 0 42 -0.330202 1
gene 1 9 43 0.71607 0 43 0.71607 1
gene 1 9 44 -1.18045 0 44 -1.18045 1
gene 1 9 45 -2.05691 0 45 -2.05691 1
gene 1 10 41 1.14589 0 46 1.14589 1
gene 1 10 42 -0.989778 0 47 -0.989778 1
gene 1 10 43 -2.13859 0 48 -2.13859 1
gene 1 10 44 -0.557686 0 49 -0.557686 1
gene 1 10 45 4.0949 0 50 4.0949 1
gene 1 11 41 -0.261571 0 51 -0.261571 1
gene 1 11 42 -2.15893 0 52 -2.15893 1
gene 1 11 43 0.370991 0 53 0.370991 1
gene 1 11 44 -1.29658 0 54 -1.29658 1
gene 1 11 45 -1.65061 0 55 -1.65061 1
gene 1 12 41 -2.15475 0 56 -2.15475 1
gene 1 12 42 -0.787909 0 57 -0.787909 1
gene 1 12 43 -0.769284 0 58 -0.769284 1
gene 1 12 44 4.29386 0 59 4.29386 1
gene 1 12 45 4.34612 0 60 4.34612 1
gene 1 13 41 -1.59046 0 61 -1.59046 1
gene 1 13 42 -0.59459 0 62 -0.59459 1
gene 1 13 43 1.62975 0 63 1.62975 1
gene 1 13 44 -1.39431 0 64 -1.39431 1
gene 1 13 45 1.0611 0 65 1.0611 1
gene 1 14 41 -1.71738 0 66 -1.71738 1
gene 1 14 42 -1.02543 0 67 -1.02543 1
gene 1 14 43 0.199912 0 68 0.199912 1
gene 1 14 44 -1.55778 0 69 -1.55778 1
gene 1 14 45 -0.280927 0 70 -0.280927 1
gene 1 15 41 -2.8755 0 71 -2.8755 1
gene 1 15 42 -0.992965 0 72 -0.992965 1
gene 1 15 43 2.05481 0 73 2.05481 1
gene 1 15 44 -0.216126 0 74 -0.216126 1
gene 1 15 45 -2.25307 0 75 -2.25307 1
gene 1 16 41 -0.470402 0 76 -0.470402 1
gene 1 16 42 1.65484 0 77 1.65484 1
gene 1 16 43 -1.33168 0 78 -1.33168 1
gene 1 16 44 -0.109041 0 79 -0.109041 1
gene 1 16 45 3.44212 0 80 3.44212 1
gene 1 17 41 -2.81157 0 81 -2.81157 1
gene 1 17 42 -5 0 82 -5 1
gene 1 17 43 -5 0 83 -5 1
gene 1 17 44 -0.313011 0 84 -0.313011 1
gene 1 17 45 1.2786 0 85 1.2786 1
gene 1 18 41 5 0 86 5 1
gene 1 18 42 -5 0 87 -5 1
gene 1 18 43 -4.65694 0 88 -4.65694 1
gene 1 18 44 -0.538921 0 89 -0.538921 1
gene 1 18 45 -0.779059 0 90 -0.779059 1
gene 1 19 41 4.38937 0 91 4.38937 1
gene 1 19 42 -4.21734 0 92 -4.21734 1
gene 1 19 43 2.72332 0 93 2.72332 1
gene 1 19 44 0.356553 0 94 0.356553 1
gene 1 19 45 0.635196 0 95 0.635196 1
gene 1 20 41 -0.683482 0 96 -0.683482 1
gene 1 20 42 0.511847 0 97 0.511847 1
gene 1 20 43 -0.742764 0 98 -0.742764 1
gene 1 20 44 -2.0815 0 99 -2.0815 1
gene 1 20 45 -0.739629 0 100 -0.739629 1
gene 1 21 41 0.786314 0 101 0.786314 1
gene 1 21 42 -0.0600735 0 102 -0.0600735 1
gene 1 21 43 -2.82929 0 103 -2.82929 1
gene 1 21 44 4.19038 0 104 4.19038 1
gene 1 21 45 4.75156 0 105 4.75156 1
gene 1 22 41 -2.10238 0 106 -2.10238 1
gene 1 22 42 0.505443 0 107 0.505443 1
gene 1 22 43 -3.0696 0 108 -3.0696 1
gene 1 22 44 2.13826 0 109 2.13826 1
gene 1 22 45 -0.0726641 0 110 -0.0726641 1
gene 1 23 41 1.41027 0 111 1.41027 1
gene 1 23 42 1.5746 0 112 1.5746 1
gene 1 23 43 -3.1186 0 113 -3.1186 1
gene 1 23 44 1.88526 0 114 1.88526 1
gene 1 23 45 -0.337964 0 115 -0.337964 1
gene 1 24 41 0.0615929 0 116 0.0615929 1
gene 1 24 42 0.18165 0 117 0.18165 1
gene 1 24 43 4.56984 0 118 4.56984 1
gene 1 24 44 2.18622 0 119 2.18622 1
gene 1 24 45 -2.05102 0 120 -2.05102 1
gene 1 25 41 -4.23757 0 121 -4.23757 1
gene 1 25 42 0.418363 0 122 0.418363 1
gene 1 25 43 -3.78907 0 123 -3.78907 1
gene 1 25 44 0.59764 0 124 0.59764 1
gene 1 25 45 2.78639 0 125 2.78639 1
gene 1 26 41 -1.48237 0 126 -1.48237 1
gene 1 26 42 -0.633319 0 127 -0.633319 1
gene 1 26 43 -0.426299 0 128 -0.426299 1
gene 1 26 44 -1.14093 0 129 -1.14093 1
gene 1 26 45 2.7768 0 130 2.7768 1
gene 1 27 41 -1.05695 0 131 -1.05695 1
gene 1 27 42 -3.95121 0 132 -3.95121 1
gene 1 27 43 -1.06225 0 133 -1.06225 1
gene 1 27 44 0.627531 0 134 0.627531 1
gene 1 27 45 -3.46472 0 135 -3.46472 1
gene 1 28 41 -1.26844 0 136 -1.26844 1
gene 1 28 42 2.23424 0 137 2.23424 1
gene 1 28 43 -2.6833 0 138 -2.6833 1
gene 1 28 44 -0.386921 0 139 -0.386921 1
gene 1 28 45 2.24152 0 140 2.24152 1
gene 1 29 41 -0.454759 0 141 -0.454759 1
gene 1 29 42 -0.129345 0 142 -0.129345 1
gene 1 29 43 0.557217 0 143 0.557217 1
gene 1 29 44 -0.436725 0 144 -0.436725 1
gene 1 29 45 -5 0 145 -5 1
gene 1 30 41 -1.58482 0 146 -1.58482 1
gene 1 30 42 -0.982021 0 147 -0.982021 1
gene 1 30 43 0.125878 0 148 0.125878 1
gene 1 30 44 1.26279 0 149 1.26279 1
gene 1 30 45 0.292367 0 150 0.292367 1
gene 1 31 41 0.519407 0 151 0.519407 1
gene 1 31 42 2.4613 0 152 2.4613 1
gene 1 31 43 0.637995 0 153 0.637995 1
gene 1 31 44 2.09589 0 154 2.09589 1
gene 1 31 45 1.88158 0 155 1.88158 1
gene 1 32 41 -0.505271 0 156 -0.505271 1
gene 1 32 42 -1.37664 0 157 -1.37664 1
gene 1 32 43 4.69405 0 158 4.69405 1
gene 1 32 44 3.75735 0 159 3.75735 1
gene 1 32 45 0.309767 0 160 0.309767 1
gene 1 33 41 0.000439738 0 161 0.000439738 1
gene 1 33 42 0.869212 0 162 0.869212 1
gene 1 33 43 0.766519 0 163 0.766519 1
gene 1 33 44 -2.1805 0 164 -2.1805 1
gene 1 33 45 0.366926 0 165 0.366926 1
gene 1 34 41 -0.788607 0 166 -0.788607 1
gene 1 34 42 0.726505 0 167 0.726505 1
gene 1 34 43 -0.733765 0 168 -0.733765 1
gene 1 34 44 -2.97482 0 169 -2.97482 1
gene 1 34 45 -0.774734 0 170 -0.774734 1
gene 1 35 41 0.0661673 0 171 0.0661673 1
gene 1 35 42 0.228298 0 172 0.228298 1
gene 1 35 43 -0.334429 0 173 -0.334429 1
gene 1 35 44 -3.14784 0 174 -3.14784 1
gene 1 35 45 -1.73392 0 175 -1.73392 1
gene 1 36 41 -0.482241 0 176 -0.482241 1
gene 1 36 42 -0.454541 0 177 -0.454541 1
gene 1 36 43 -0.00230102 0 178 -0.00230102 1
gene 1 36 44 0.675871 0 179 0.675871 1
gene 1 36 45 -1.42339 0 180 -1.42339 1
gene 1 37 41 -1.1877 0 181 -1.1877 1
gene 1 37 42 -0.117434 0 182 -0.117434 1
gene 1 37 43 -0.303062 0 183 -0.303062 1
gene 1 37 44 1.13702 0 184 1.13702 1
gene 1 37 45 -0.259741 0 185 -0.259741 1
gene 1 38 41 -1.39144 0 186 -1.39144 1
gene 1 38 42 0.932641 0 187 0.932641 1
gene 1 38 43 0.0629158 0 188 0.0629158 1
gene 1 38 44 0.456079 0 189 0.456079 1
gene 1 38 45 -0.637433 0 190 -0.637433 1
gene 1 39 41 -0.093071 0 191 -0.093071 1
gene 1 39 42 0.539464 0 192 0.539464 1
gene 1 39 43 0.909181 0 193 0.909181 1
gene 1 39 44 0.377754 0 194 0.377754 1
gene 1 39 45 2.30208 0 195 2.30208 1
gene 1 40 41 -4.38859 0 196 -4.38859 1
gene 1 40 42 2.13017 0 197 2.13017 1
gene 1 40 43 -0.684539 0 198 -0.684539 1
gene 1 40 44 0.190805 0 199 0.190805 1
gene 1 40 45 -0.658999 0 200 -0.658999 1
genomeend 1


