/* Organism #4 Fitness: 10210.076000 Time: 0 */
genomestart 4
trait 1 0.000000 0.177824 0.157186 0.457374 0.437051 0.964681 1.000000 0.142843 
node 1 1 1 1
node 2 1 1 1
node 3 1 1 1
node 4 1 1 1
node 5 1 1 1
node 6 1 1 1
node 7 1 1 1
node 8 1 1 1
node 9 1 1 1
node 10 1 1 1
node 11 1 1 1
node 12 1 1 1
node 13 1 1 1
node 14 1 1 1
node 15 1 1 1
node 16 1 1 1
node 17 1 1 1
node 18 1 1 1
node 19 1 1 1
node 20 1 1 1
node 21 1 1 1
node 22 1 1 1
node 23 1 1 1
node 24 1 1 1
node 25 1 1 1
node 26 1 1 1
node 27 1 1 1
node 28 1 1 1
node 29 1 1 1
node 30 1 1 1
node 31 1 1 1
node 32 1 1 1
node 33 1 1 1
node 34 1 1 1
node 35 1 1 1
node 36 1 1 1
node 37 1 1 1
node 38 1 1 1
node 39 1 1 1
node 40 1 1 3
node 41 1 0 2
node 42 1 0 2
node 43 1 0 2
node 44 1 0 2
node 45 1 0 2
gene 1 1 41 1.83394 0 1 1.83394 1
gene 1 1 42 -1.6725 0 2 -1.6725 1
gene 1 1 43 0.406416 0 3 0.406416 1
gene 1 1 44 3.80813 0 4 3.80813 1
gene 1 1 45 -3.00287 0 5 -3.00287 1
gene 1 2 41 1.56079 0 6 1.56079 1
gene 1 2 42 4.1609 0 7 4.1609 1
gene 1 2 43 -3.23967 0 8 -3.23967 1
gene 1 2 44 -3.32477 0 9 -3.32477 1
gene 1 2 45 -2.68054 0 10 -2.68054 1
gene 1 3 41 -1.10184 0 11 -1.10184 1
gene 1 3 42 3.87518 0 12 3.87518 1
gene 1 3 43 2.99976 0 13 2.99976 1
gene 1 3 44 -1.68827 0 14 -1.68827 1
gene 1 3 45 -0.576723 0 15 -0.576723 1
gene 1 4 41 -1.49458 0 16 -1.49458 1
gene 1 4 42 3.95711 0 17 3.95711 1
gene 1 4 43 -4.19588 0 18 -4.19588 1
gene 1 4 44 0.868675 0 19 0.868675 1
gene 1 4 45 -1.68873 0 20 -1.68873 1
gene 1 5 41 0.61069 0 21 0.61069 1
gene 1 5 42 4.93374 0 22 4.93374 1
gene 1 5 43 0.37483 0 23 0.37483 1
gene 1 5 44 3.50643 0 24 3.50643 1
gene 1 5 45 1.19159 0 25 1.19159 1
gene 1 6 41 1.57393 0 26 1.57393 1
gene 1 6 42 1.43038 0 27 1.43038 1
gene 1 6 43 -2.94864 0 28 -2.94864 1
gene 1 6 44 0.0752327 0 29 0.0752327 1
gene 1 6 45 -0.337073 0 30 -0.337073 1
gene 1 7 41 -4.71762 0 31 -4.71762 1
gene 1 7 42 1.20847 0 32 1.20847 1
gene 1 7 43 -4.86093 0 33 -4.86093 1
gene 1 7 44 -2.4758 0 34 -2.4758 1
gene 1 7 45 1.57173 0 35 1.57173 1
gene 1 8 41 0.927146 0 36 0.927146 1
gene 1 8 42 -2.69212 0 37 -2.69212 1
gene 1 8 43 -5 0 38 -5 1
gene 1 8 44 2.68288 0 39 2.68288 1
gene 1 8 45 -2.01083 0 40 -2.01083 1
gene 1 9 41 -0.125906 0 41 -0.125906 1
gene 1 9 42 -3.10081 0 42 -3.10081 1
gene 1 9 43 -3.11993 0 43 -3.11993 1
gene 1 9 44 -0.670461 0 44 -0.670461 1
gene 1 9 45 -2.99057 0 45 -2.99057 1
gene 1 10 41 -0.47549 0 46 -0.47549 1
gene 1 10 42 0.192288 0 47 0.192288 1
gene 1 10 43 3.28281 0 48 3.28281 1
gene 1 10 44 -3.72323 0 49 -3.72323 1
gene 1 10 45 3.46519 0 50 3.46519 1
gene 1 11 41 -3.31827 0 51 -3.31827 1
gene 1 11 42 0.36395 0 52 0.36395 1
gene 1 11 43 -0.337073 0 53 -0.337073 1
gene 1 11 44 -5 0 54 -5 1
gene 1 11 45 -1.83385 0 55 -1.83385 1
gene 1 12 41 2.64567 0 56 2.64567 1
gene 1 12 42 1.63962 0 57 1.63962 1
gene 1 12 43 -3.24354 0 58 -3.24354 1
gene 1 12 44 4.10449 0 59 4.10449 1
gene 1 12 45 -0.0540145 0 60 -0.0540145 1
gene 1 13 41 -0.0977715 0 61 -0.0977715 1
gene 1 13 42 -0.0801533 0 62 -0.0801533 1
gene 1 13 43 -0.756101 0 63 -0.756101 1
gene 1 13 44 -2.49529 0 64 -2.49529 1
gene 1 13 45 2.06479 0 65 2.06479 1
gene 1 14 41 -5 0 66 -5 1
gene 1 14 42 5 0 67 5 1
gene 1 14 43 4.62393 0 68 4.62393 1
gene 1 14 44 3.09095 0 69 3.09095 1
gene 1 14 45 0.64046 0 70 0.64046 1
gene 1 15 41 -3.45044 0 71 -3.45044 1
gene 1 15 42 -0.035411 0 72 -0.035411 1
gene 1 15 43 1.6415 0 73 1.6415 1
gene 1 15 44 2.70766 0 74 2.70766 1
gene 1 15 45 4.93787 0 75 4.93787 1
gene 1 16 41 1.13029 0 76 1.13029 1
gene 1 16 42 -4.55857 0 77 -4.55857 1
gene 1 16 43 -0.570479 0 78 -0.570479 1
gene 1 16 44 0.793377 0 79 0.793377 1
gene 1 16 45 -3.47162 0 80 -3.47162 1
gene 1 17 41 -3.417 0 81 -3.417 1
gene 1 17 42 1.29117 0 82 1.29117 1
gene 1 17 43 -2.17955 0 83 -2.17955 1
gene 1 17 44 2.17319 0 84 2.17319 1
gene 1 17 45 -2.56089 0 85 -2.56089 1
gene 1 18 41 -1.00016 0 86 -1.00016 1
gene 1 18 42 2.77178 0 87 2.77178 1
gene 1 18 43 0.100021 0 88 0.100021 1
gene 1 18 44 3.7135 0 89 3.7135 1
gene 1 18 45 -3.38235 0 90 -3.38235 1
gene 1 19 41 -4.69413 0 91 -4.69413 1
gene 1 19 42 2.58558 0 92 2.58558 1
gene 1 19 43 -0.986822 0 93 -0.986822 1
gene 1 19 44 1.20661 0 94 1.20661 1
gene 1 19 45 3.36888 0 95 3.36888 1
gene 1 20 41 -1.15736 0 96 -1.15736 1
gene 1 20 42 0.770152 0 97 0.770152 1
gene 1 20 43 -0.115125 0 98 -0.115125 1
gene 1 20 44 -4.65336 0 99 -4.65336 1
gene 1 20 45 5 0 100 5 1
gene 1 21 41 2.61391 0 101 2.61391 1
gene 1 21 42 -1.52044 0 102 -1.52044 1
gene 1 21 43 -1.59758 0 103 -1.59758 1
gene 1 21 44 0.210059 0 104 0.210059 1
gene 1 21 45 -0.581146 0 105 -0.581146 1
gene 1 22 41 1.61206 0 106 1.61206 1
gene 1 22 42 1.5047 0 107 1.5047 1
gene 1 22 43 2.5093 0 108 2.5093 1
gene 1 22 44 -3.18005 0 109 -3.18005 1
gene 1 22 45 -0.0945241 0 110 -0.0945241 1
gene 1 23 41 -1.80799 0 111 -1.80799 1
gene 1 23 42 -0.297802 0 112 -0.297802 1
gene 1 23 43 2.27753 0 113 2.27753 1
gene 1 23 44 -2.32729 0 114 -2.32729 1
gene 1 23 45 1.6455 0 115 1.6455 1
gene 1 24 41 -1.35825 0 116 -1.35825 1
gene 1 24 42 4.3368 0 117 4.3368 1
gene 1 24 43 -1.30314 0 118 -1.30314 1
gene 1 24 44 1.76505 0 119 1.76505 1
gene 1 24 45 3.11928 0 120 3.11928 1
gene 1 25 41 1.97811 0 121 1.97811 1
gene 1 25 42 -4.64929 0 122 -4.64929 1
gene 1 25 43 4.21168 0 123 4.21168 1
gene 1 25 44 0.610954 0 124 0.610954 1
gene 1 25 45 0.0813903 0 125 0.0813903 1
gene 1 26 41 -0.473915 0 126 -0.473915 1
gene 1 26 42 -2.08757 0 127 -2.08757 1
gene 1 26 43 2.68039 0 128 2.68039 1
gene 1 26 44 5 0 129 5 1
gene 1 26 45 2.79763 0 130 2.79763 1
gene 1 27 41 1.55761 0 131 1.55761 1
gene 1 27 42 -3.64227 0 132 -3.64227 1
gene 1 27 43 -0.0515738 0 133 -0.0515738 1
gene 1 27 44 -0.90347 0 134 -0.90347 1
gene 1 27 45 0.0735218 0 135 0.0735218 1
gene 1 28 41 -2.36319 0 136 -2.36319 1
gene 1 28 42 -3.09148 0 137 -3.09148 1
gene 1 28 43 -0.381358 0 138 -0.381358 1
gene 1 28 44 -3.80373 0 139 -3.80373 1
gene 1 28 45 -2.534 0 140 -2.534 1
gene 1 29 41 2.94616 0 141 2.94616 1
gene 1 29 42 -2.2622 0 142 -2.2622 1
gene 1 29 43 1.32033 0 143 1.32033 1
gene 1 29 44 0.0474539 0 144 0.0474539 1
gene 1 29 45 1.17575 0 145 1.17575 1
gene 1 30 41 0.124708 0 146 0.124708 1
gene 1 30 42 -1.89417 0 147 -1.89417 1
gene 1 30 43 -3.95203 0 148 -3.95203 1
gene 1 30 44 1.1793 0 149 1.1793 1
gene 1 30 45 -1.01577 0 150 -1.01577 1
gene 1 31 41 0.39516 0 151 0.39516 1
gene 1 31 42 2.73742 0 152 2.73742 1
gene 1 31 43 -0.804622 0 153 -0.804622 1
gene 1 31 44 2.08542 0 154 2.08542 1
gene 1 31 45 4.00731 0 155 4.00731 1
gene 1 32 41 0.825881 0 156 0.825881 1
gene 1 32 42 -3.16117 0 157 -3.16117 1
gene 1 32 43 -3.14252 0 158 -3.14252 1
gene 1 32 44 -2.29794 0 159 -2.29794 1
gene 1 32 45 -0.503 0 160 -0.503 1
gene 1 33 41 2.5576 0 161 2.5576 1
gene 1 33 42 0.536333 0 162 0.536333 1
gene 1 33 43 -0.689393 0 163 -0.689393 1
gene 1 33 44 0.434935 0 164 0.434935 1
gene 1 33 45 1.87452 0 165 1.87452 1
gene 1 34 41 1.20177 0 166 1.20177 1
gene 1 34 42 0.193311 0 167 0.193311 1
gene 1 34 43 -0.184182 0 168 -0.184182 1
gene 1 34 44 0.689583 0 169 0.689583 1
gene 1 34 45 0.886006 0 170 0.886006 1
gene 1 35 41 -0.0928543 0 171 -0.0928543 1
gene 1 35 42 -1.47216 0 172 -1.47216 1
gene 1 35 43 -0.470164 0 173 -0.470164 1
gene 1 35 44 0.403439 0 174 0.403439 1
gene 1 35 45 1.5824 0 175 1.5824 1
gene 1 36 41 0.311019 0 176 0.311019 1
gene 1 36 42 -0.343845 0 177 -0.343845 1
gene 1 36 43 0.408994 0 178 0.408994 1
gene 1 36 44 -0.494229 0 179 -0.494229 1
gene 1 36 45 0.519582 0 180 0.519582 1
gene 1 37 41 -0.605114 0 181 -0.605114 1
gene 1 37 42 0.682766 0 182 0.682766 1
gene 1 37 43 0.405402 0 183 0.405402 1
gene 1 37 44 -0.360033 0 184 -0.360033 1
gene 1 37 45 0.199771 0 185 0.199771 1
gene 1 38 41 0.263025 0 186 0.263025 1
gene 1 38 42 -1.97441 0 187 -1.97441 1
gene 1 38 43 -0.76743 0 188 -0.76743 1
gene 1 38 44 0.189608 0 189 0.189608 1
gene 1 38 45 2.09239 0 190 2.09239 1
gene 1 39 41 0.783754 0 191 0.783754 1
gene 1 39 42 -0.53679 0 192 -0.53679 1
gene 1 39 43 0.959982 0 193 0.959982 1
gene 1 39 44 0.113984 0 194 0.113984 1
gene 1 39 45 1.42801 0 195 1.42801 1
gene 1 40 41 -0.111308 0 196 -0.111308 1
gene 1 40 42 -3.42917 0 197 -3.42917 1
gene 1 40 43 0.830857 0 198 0.830857 1
gene 1 40 44 0.671402 0 199 0.671402 1
gene 1 40 45 2.93216 0 200 2.93216 1
genomeend 4


