/* Organism #3 Fitness: 11066.278000 Time: 0 */
genomestart 3
trait 1 0.591176 0.000000 1.000000 0.000000 0.834883 0.000000 0.070143 0.000000 
node 1 1 1 1
node 2 1 1 1
node 3 1 1 1
node 4 1 1 1
node 5 1 1 1
node 6 1 1 1
node 7 1 1 1
node 8 1 1 1
node 9 1 1 1
node 10 1 1 1
node 11 1 1 1
node 12 1 1 1
node 13 1 1 1
node 14 1 1 1
node 15 1 1 1
node 16 1 1 1
node 17 1 1 1
node 18 1 1 1
node 19 1 1 1
node 20 1 1 1
node 21 1 1 1
node 22 1 1 1
node 23 1 1 1
node 24 1 1 1
node 25 1 1 1
node 26 1 1 1
node 27 1 1 1
node 28 1 1 1
node 29 1 1 1
node 30 1 1 1
node 31 1 1 1
node 32 1 1 1
node 33 1 1 1
node 34 1 1 1
node 35 1 1 1
node 36 1 1 1
node 37 1 1 1
node 38 1 1 1
node 39 1 1 1
node 40 1 1 3
node 41 1 0 2
node 42 1 0 2
node 43 1 0 2
node 44 1 0 2
node 45 1 0 2
gene 1 1 41 -4.01953 0 1 -4.01953 1
gene 1 1 42 -0.454643 0 2 -0.454643 1
gene 1 1 43 -4.17582 0 3 -4.17582 1
gene 1 1 44 -1.64303 0 4 -1.64303 1
gene 1 1 45 -1.33837 0 5 -1.33837 1
gene 1 2 41 -1.5175 0 6 -1.5175 1
gene 1 2 42 3.51414 0 7 3.51414 1
gene 1 2 43 -0.597921 0 8 -0.597921 1
gene 1 2 44 4.09356 0 9 4.09356 1
gene 1 2 45 0.802493 0 10 0.802493 1
gene 1 3 41 0.504418 0 11 0.504418 1
gene 1 3 42 1.32932 0 12 1.32932 1
gene 1 3 43 1.39469 0 13 1.39469 1
gene 1 3 44 -0.917184 0 14 -0.917184 1
gene 1 3 45 -0.136297 0 15 -0.136297 1
gene 1 4 41 -2.21251 0 16 -2.21251 1
gene 1 4 42 3.22728 0 17 3.22728 1
gene 1 4 43 0.621283 0 18 0.621283 1
gene 1 4 44 -0.501034 0 19 -0.501034 1
gene 1 4 45 0.955278 0 20 0.955278 1
gene 1 5 41 4.03271 0 21 4.03271 1
gene 1 5 42 0.691749 0 22 0.691749 1
gene 1 5 43 -0.347224 0 23 -0.347224 1
gene 1 5 44 3.59891 0 24 3.59891 1
gene 1 5 45 1.22436 0 25 1.22436 1
gene 1 6 41 0.577011 0 26 0.577011 1
gene 1 6 42 0.207122 0 27 0.207122 1
gene 1 6 43 -1.68884 0 28 -1.68884 1
gene 1 6 44 -0.757025 0 29 -0.757025 1
gene 1 6 45 0.945534 0 30 0.945534 1
gene 1 7 41 1.84698 0 31 1.84698 1
gene 1 7 42 -0.164741 0 32 -0.164741 1
gene 1 7 43 0.783315 0 33 0.783315 1
gene 1 7 44 1.62133 0 34 1.62133 1
gene 1 7 45 -1.33628 0 35 -1.33628 1
gene 1 8 41 2.20909 0 36 2.20909 1
gene 1 8 42 -4.11068 0 37 -4.11068 1
gene 1 8 43 0.850835 0 38 0.850835 1
gene 1 8 44 0.134343 0 39 0.134343 1
gene 1 8 45 1.22812 0 40 1.22812 1
gene 1 9 41 -3.16754 0 41 -3.16754 1
gene 1 9 42 0.77716 0 42 0.77716 1
gene 1 9 43 -2.4464 0 43 -2.4464 1
gene 1 9 44 0.253032 0 44 0.253032 1
gene 1 9 45 4.07698 0 45 4.07698 1
gene 1 10 41 -1.30619 0 46 -1.30619 1
gene 1 10 42 -0.900972 0 47 -0.900972 1
gene 1 10 43 -0.272874 0 48 -0.272874 1
gene 1 10 44 -2.07736 0 49 -2.07736 1
gene 1 10 45 -0.95392 0 50 -0.95392 1
gene 1 11 41 2.22323 0 51 2.22323 1
gene 1 11 42 0.935241 0 52 0.935241 1
gene 1 11 43 -0.0833692 0 53 -0.0833692 1
gene 1 11 44 -0.111639 0 54 -0.111639 1
gene 1 11 45 -2.84485 0 55 -2.84485 1
gene 1 12 41 1.46899 0 56 1.46899 1
gene 1 12 42 1.53462 0 57 1.53462 1
gene 1 12 43 1.6633 0 58 1.6633 1
gene 1 12 44 2.25095 0 59 2.25095 1
gene 1 12 45 -0.0103644 0 60 -0.0103644 1
gene 1 13 41 0.673484 0 61 0.673484 1
gene 1 13 42 -0.263735 0 62 -0.263735 1
gene 1 13 43 -2.4182 0 63 -2.4182 1
gene 1 13 44 -0.419719 0 64 -0.419719 1
gene 1 13 45 -0.35338 0 65 -0.35338 1
gene 1 14 41 -0.228165 0 66 -0.228165 1
gene 1 14 42 -0.230711 0 67 -0.230711 1
gene 1 14 43 0.259049 0 68 0.259049 1
gene 1 14 44 0.700595 0 69 0.700595 1
gene 1 14 45 -4.14632 0 70 -4.14632 1
gene 1 15 41 -1.36585 0 71 -1.36585 1
gene 1 15 42 3.4749 0 72 3.4749 1
gene 1 15 43 1.72984 0 73 1.72984 1
gene 1 15 44 0.489776 0 74 0.489776 1
gene 1 15 45 -3.74928 0 75 -3.74928 1
gene 1 16 41 0.595375 0 76 0.595375 1
gene 1 16 42 5 0 77 5 1
gene 1 16 43 1.10544 0 78 1.10544 1
gene 1 16 44 0.568234 0 79 0.568234 1
gene 1 16 45 0.154115 0 80 0.154115 1
gene 1 17 41 1.07367 0 81 1.07367 1
gene 1 17 42 -0.948169 0 82 -0.948169 1
gene 1 17 43 0.659542 0 83 0.659542 1
gene 1 17 44 -2.41976 0 84 -2.41976 1
gene 1 17 45 0.63577 0 85 0.63577 1
gene 1 18 41 3.37655 0 86 3.37655 1
gene 1 18 42 -2.12776 0 87 -2.12776 1
gene 1 18 43 -1.00869 0 88 -1.00869 1
gene 1 18 44 1.56279 0 89 1.56279 1
gene 1 18 45 1.55775 0 90 1.55775 1
gene 1 19 41 1.84366 0 91 1.84366 1
gene 1 19 42 -4.12953 0 92 -4.12953 1
gene 1 19 43 -2.1236 0 93 -2.1236 1
gene 1 19 44 3.16966 0 94 3.16966 1
gene 1 19 45 0.532123 0 95 0.532123 1
gene 1 20 41 0.975497 0 96 0.975497 1
gene 1 20 42 0.976489 0 97 0.976489 1
gene 1 20 43 -1.43482 0 98 -1.43482 1
gene 1 20 44 -0.168797 0 99 -0.168797 1
gene 1 20 45 -1.30051 0 100 -1.30051 1
gene 1 21 41 -3.45094 0 101 -3.45094 1
gene 1 21 42 -0.304446 0 102 -0.304446 1
gene 1 21 43 -1.32239 0 103 -1.32239 1
gene 1 21 44 0.303931 0 104 0.303931 1
gene 1 21 45 4.13141 0 105 4.13141 1
gene 1 22 41 0.714717 0 106 0.714717 1
gene 1 22 42 -4.10888 0 107 -4.10888 1
gene 1 22 43 -2.56536 0 108 -2.56536 1
gene 1 22 44 3.23474 0 109 3.23474 1
gene 1 22 45 -3.40541 0 110 -3.40541 1
gene 1 23 41 1.67974 0 111 1.67974 1
gene 1 23 42 -2.00746 0 112 -2.00746 1
gene 1 23 43 0.728186 0 113 0.728186 1
gene 1 23 44 1.34854 0 114 1.34854 1
gene 1 23 45 -0.864574 0 115 -0.864574 1
gene 1 24 41 -1.07708 0 116 -1.07708 1
gene 1 24 42 0.640839 0 117 0.640839 1
gene 1 24 43 -0.71142 0 118 -0.71142 1
gene 1 24 44 0.366506 0 119 0.366506 1
gene 1 24 45 1.21832 0 120 1.21832 1
gene 1 25 41 -3.04396 0 121 -3.04396 1
gene 1 25 42 0.263605 0 122 0.263605 1
gene 1 25 43 2.91453 0 123 2.91453 1
gene 1 25 44 -3.90869 0 124 -3.90869 1
gene 1 25 45 0.871723 0 125 0.871723 1
gene 1 26 41 4.21379 0 126 4.21379 1
gene 1 26 42 4.11067 0 127 4.11067 1
gene 1 26 43 -0.638597 0 128 -0.638597 1
gene 1 26 44 2.85848 0 129 2.85848 1
gene 1 26 45 1.80738 0 130 1.80738 1
gene 1 27 41 -0.241667 0 131 -0.241667 1
gene 1 27 42 -0.795258 0 132 -0.795258 1
gene 1 27 43 -3.58791 0 133 -3.58791 1
gene 1 27 44 -0.685466 0 134 -0.685466 1
gene 1 27 45 0.526882 0 135 0.526882 1
gene 1 28 41 -1.46468 0 136 -1.46468 1
gene 1 28 42 2.384 0 137 2.384 1
gene 1 28 43 -0.590054 0 138 -0.590054 1
gene 1 28 44 0.17459 0 139 0.17459 1
gene 1 28 45 -1.54612 0 140 -1.54612 1
gene 1 29 41 1.95007 0 141 1.95007 1
gene 1 29 42 -0.69821 0 142 -0.69821 1
gene 1 29 43 -4.42943 0 143 -4.42943 1
gene 1 29 44 0.463443 0 144 0.463443 1
gene 1 29 45 2.07944 0 145 2.07944 1
gene 1 30 41 -0.195643 0 146 -0.195643 1
gene 1 30 42 -1.43226 0 147 -1.43226 1
gene 1 30 43 -1.49279 0 148 -1.49279 1
gene 1 30 44 -2.58422 0 149 -2.58422 1
gene 1 30 45 1.71604 0 150 1.71604 1
gene 1 31 41 -0.707273 0 151 -0.707273 1
gene 1 31 42 -4.53068 0 152 -4.53068 1
gene 1 31 43 0.813728 0 153 0.813728 1
gene 1 31 44 1.91005 0 154 1.91005 1
gene 1 31 45 -0.726736 0 155 -0.726736 1
gene 1 32 41 -0.897324 0 156 -0.897324 1
gene 1 32 42 2.80772 0 157 2.80772 1
gene 1 32 43 4.06485 0 158 4.06485 1
gene 1 32 44 -0.0361166 0 159 -0.0361166 1
gene 1 32 45 1.13906 0 160 1.13906 1
gene 1 33 41 4.39967 0 161 4.39967 1
gene 1 33 42 1.84864 0 162 1.84864 1
gene 1 33 43 0.299561 0 163 0.299561 1
gene 1 33 44 0.529544 0 164 0.529544 1
gene 1 33 45 0.0396577 0 165 0.0396577 1
gene 1 34 41 -0.660103 0 166 -0.660103 1
gene 1 34 42 2.48744 0 167 2.48744 1
gene 1 34 43 1.71005 0 168 1.71005 1
gene 1 34 44 1.61429 0 169 1.61429 1
gene 1 34 45 0.258962 0 170 0.258962 1
gene 1 35 41 0.189642 0 171 0.189642 1
gene 1 35 42 -0.0413689 0 172 -0.0413689 1
gene 1 35 43 -1.47574 0 173 -1.47574 1
gene 1 35 44 -0.141984 0 174 -0.141984 1
gene 1 35 45 1.35845 0 175 1.35845 1
gene 1 36 41 1.36543 0 176 1.36543 1
gene 1 36 42 -1.30068 0 177 -1.30068 1
gene 1 36 43 0.925559 0 178 0.925559 1
gene 1 36 44 -1.25905 0 179 -1.25905 1
gene 1 36 45 -0.1695 0 180 -0.1695 1
gene 1 37 41 0.926322 0 181 0.926322 1
gene 1 37 42 -0.382662 0 182 -0.382662 1
gene 1 37 43 0.155348 0 183 0.155348 1
gene 1 37 44 0.853869 0 184 0.853869 1
gene 1 37 45 0.0340621 0 185 0.0340621 1
gene 1 38 41 0.522546 0 186 0.522546 1
gene 1 38 42 2.51081 0 187 2.51081 1
gene 1 38 43 1.91364 0 188 1.91364 1
gene 1 38 44 1.0424 0 189 1.0424 1
gene 1 38 45 -0.626624 0 190 -0.626624 1
gene 1 39 41 1.17301 0 191 1.17301 1
gene 1 39 42 0.271301 0 192 0.271301 1
gene 1 39 43 -4.64302 0 193 -4.64302 1
gene 1 39 44 0.111704 0 194 0.111704 1
gene 1 39 45 1.03287 0 195 1.03287 1
gene 1 40 41 -5 0 196 -5 1
gene 1 40 42 0.569275 0 197 0.569275 1
gene 1 40 43 0.320237 0 198 0.320237 1
gene 1 40 44 -2.03751 0 199 -2.03751 1
gene 1 40 45 0.716606 0 200 0.716606 1
genomeend 3


