/* Organism #40 Fitness: 7558.914000 Time: 0 */
genomestart 40
trait 1 0.478929 0.016758 0.000000 0.158929 0.000000 1.000000 0.714626 0.061689 
node 1 1 1 1
node 2 1 1 1
node 3 1 1 1
node 4 1 1 1
node 5 1 1 1
node 6 1 1 1
node 7 1 1 1
node 8 1 1 1
node 9 1 1 1
node 10 1 1 1
node 11 1 1 1
node 12 1 1 1
node 13 1 1 1
node 14 1 1 1
node 15 1 1 1
node 16 1 1 1
node 17 1 1 1
node 18 1 1 1
node 19 1 1 1
node 20 1 1 1
node 21 1 1 1
node 22 1 1 1
node 23 1 1 1
node 24 1 1 1
node 25 1 1 1
node 26 1 1 1
node 27 1 1 1
node 28 1 1 1
node 29 1 1 1
node 30 1 1 1
node 31 1 1 1
node 32 1 1 1
node 33 1 1 1
node 34 1 1 1
node 35 1 1 1
node 36 1 1 1
node 37 1 1 1
node 38 1 1 1
node 39 1 1 1
node 40 1 1 3
node 41 1 0 2
node 42 1 0 2
node 43 1 0 2
node 44 1 0 2
node 45 1 0 2
gene 1 1 41 -4.97677 0 1 -4.97677 1
gene 1 1 42 -3.43365 0 2 -3.43365 1
gene 1 1 43 1.54801 0 3 1.54801 1
gene 1 1 44 -1.85369 0 4 -1.85369 1
gene 1 1 45 4.13943 0 5 4.13943 1
gene 1 2 41 -2.02722 0 6 -2.02722 1
gene 1 2 42 2.07826 0 7 2.07826 1
gene 1 2 43 1.29797 0 8 1.29797 1
gene 1 2 44 0.941595 0 9 0.941595 1
gene 1 2 45 4.908 0 10 4.908 1
gene 1 3 41 -0.587953 0 11 -0.587953 1
gene 1 3 42 1.03489 0 12 1.03489 1
gene 1 3 43 2.41154 0 13 2.41154 1
gene 1 3 44 -0.815899 0 14 -0.815899 1
gene 1 3 45 -0.0954043 0 15 -0.0954043 1
gene 1 4 41 4.22686 0 16 4.22686 1
gene 1 4 42 2.35202 0 17 2.35202 1
gene 1 4 43 -2.88107 0 18 -2.88107 1
gene 1 4 44 -5 0 19 -5 1
gene 1 4 45 1.61185 0 20 1.61185 1
gene 1 5 41 1.07301 0 21 1.07301 1
gene 1 5 42 0.640181 0 22 0.640181 1
gene 1 5 43 -3.18556 0 23 -3.18556 1
gene 1 5 44 2.2125 0 24 2.2125 1
gene 1 5 45 -0.00930862 0 25 -0.00930862 1
gene 1 6 41 1.28287 0 26 1.28287 1
gene 1 6 42 -5 0 27 -5 1
gene 1 6 43 -1.40666 0 28 -1.40666 1
gene 1 6 44 0.808223 0 29 0.808223 1
gene 1 6 45 -0.809428 0 30 -0.809428 1
gene 1 7 41 2.74763 0 31 2.74763 1
gene 1 7 42 0.483125 0 32 0.483125 1
gene 1 7 43 -1.94679 0 33 -1.94679 1
gene 1 7 44 4.82908 0 34 4.82908 1
gene 1 7 45 -1.26171 0 35 -1.26171 1
gene 1 8 41 1.9473 0 36 1.9473 1
gene 1 8 42 -3.64714 0 37 -3.64714 1
gene 1 8 43 5 0 38 5 1
gene 1 8 44 -5 0 39 -5 1
gene 1 8 45 -1.76293 0 40 -1.76293 1
gene 1 9 41 -1.25698 0 41 -1.25698 1
gene 1 9 42 -0.657105 0 42 -0.657105 1
gene 1 9 43 -1.66829 0 43 -1.66829 1
gene 1 9 44 -2.67 0 44 -2.67 1
gene 1 9 45 1.04993 0 45 1.04993 1
gene 1 10 41 -0.886949 0 46 -0.886949 1
gene 1 10 42 -0.905089 0 47 -0.905089 1
gene 1 10 43 4.43757 0 48 4.43757 1
gene 1 10 44 1.22606 0 49 1.22606 1
gene 1 10 45 0.0414956 0 50 0.0414956 1
gene 1 11 41 -4.64178 0 51 -4.64178 1
gene 1 11 42 1.74115 0 52 1.74115 1
gene 1 11 43 0.621463 0 53 0.621463 1
gene 1 11 44 1.27499 0 54 1.27499 1
gene 1 11 45 2.44322 0 55 2.44322 1
gene 1 12 41 3.78739 0 56 3.78739 1
gene 1 12 42 -1.58268 0 57 -1.58268 1
gene 1 12 43 1.31559 0 58 1.31559 1
gene 1 12 44 -2.67124 0 59 -2.67124 1
gene 1 12 45 -1.36051 0 60 -1.36051 1
gene 1 13 41 1.30401 0 61 1.30401 1
gene 1 13 42 -0.167576 0 62 -0.167576 1
gene 1 13 43 -0.629928 0 63 -0.629928 1
gene 1 13 44 4.24155 0 64 4.24155 1
gene 1 13 45 -5 0 65 -5 1
gene 1 14 41 -0.223693 0 66 -0.223693 1
gene 1 14 42 -2.11303 0 67 -2.11303 1
gene 1 14 43 -2.10501 0 68 -2.10501 1
gene 1 14 44 -1.94723 0 69 -1.94723 1
gene 1 14 45 0.892721 0 70 0.892721 1
gene 1 15 41 0.963943 0 71 0.963943 1
gene 1 15 42 -0.271168 0 72 -0.271168 1
gene 1 15 43 -0.31741 0 73 -0.31741 1
gene 1 15 44 -0.523084 0 74 -0.523084 1
gene 1 15 45 -2.42568 0 75 -2.42568 1
gene 1 16 41 -1.41752 0 76 -1.41752 1
gene 1 16 42 -4.68126 0 77 -4.68126 1
gene 1 16 43 1.40999 0 78 1.40999 1
gene 1 16 44 -0.0873505 0 79 -0.0873505 1
gene 1 16 45 3.55266 0 80 3.55266 1
gene 1 17 41 -4.66698 0 81 -4.66698 1
gene 1 17 42 -2.09452 0 82 -2.09452 1
gene 1 17 43 -0.885345 0 83 -0.885345 1
gene 1 17 44 -0.716201 0 84 -0.716201 1
gene 1 17 45 -1.67953 0 85 -1.67953 1
gene 1 18 41 -3.93952 0 86 -3.93952 1
gene 1 18 42 -2.50224 0 87 -2.50224 1
gene 1 18 43 -2.35907 0 88 -2.35907 1
gene 1 18 44 -0.307025 0 89 -0.307025 1
gene 1 18 45 0.443647 0 90 0.443647 1
gene 1 19 41 -5 0 91 -5 1
gene 1 19 42 -3.05292 0 92 -3.05292 1
gene 1 19 43 1.41638 0 93 1.41638 1
gene 1 19 44 -0.324389 0 94 -0.324389 1
gene 1 19 45 3.16942 0 95 3.16942 1
gene 1 20 41 -0.682094 0 96 -0.682094 1
gene 1 20 42 -1.39614 0 97 -1.39614 1
gene 1 20 43 -1.25856 0 98 -1.25856 1
gene 1 20 44 1.61798 0 99 1.61798 1
gene 1 20 45 -0.0279142 0 100 -0.0279142 1
gene 1 21 41 -2.69237 0 101 -2.69237 1
gene 1 21 42 -0.938531 0 102 -0.938531 1
gene 1 21 43 1.24659 0 103 1.24659 1
gene 1 21 44 3.10139 0 104 3.10139 1
gene 1 21 45 -0.112928 0 105 -0.112928 1
gene 1 22 41 -0.808027 0 106 -0.808027 1
gene 1 22 42 0.635558 0 107 0.635558 1
gene 1 22 43 -0.274888 0 108 -0.274888 1
gene 1 22 44 -1.3158 0 109 -1.3158 1
gene 1 22 45 -0.850101 0 110 -0.850101 1
gene 1 23 41 1.39181 0 111 1.39181 1
gene 1 23 42 -4.84247 0 112 -4.84247 1
gene 1 23 43 0.488479 0 113 0.488479 1
gene 1 23 44 2.86628 0 114 2.86628 1
gene 1 23 45 -1.45015 0 115 -1.45015 1
gene 1 24 41 2.69318 0 116 2.69318 1
gene 1 24 42 -4.77966 0 117 -4.77966 1
gene 1 24 43 -2.84291 0 118 -2.84291 1
gene 1 24 44 0.905163 0 119 0.905163 1
gene 1 24 45 -2.56527 0 120 -2.56527 1
gene 1 25 41 0.397391 0 121 0.397391 1
gene 1 25 42 -2.15475 0 122 -2.15475 1
gene 1 25 43 2.53293 0 123 2.53293 1
gene 1 25 44 -0.737782 0 124 -0.737782 1
gene 1 25 45 3.37275 0 125 3.37275 1
gene 1 26 41 3.58949 0 126 3.58949 1
gene 1 26 42 4.31467 0 127 4.31467 1
gene 1 26 43 -1.13469 0 128 -1.13469 1
gene 1 26 44 -0.201511 0 129 -0.201511 1
gene 1 26 45 4.44694 0 130 4.44694 1
gene 1 27 41 -0.696026 0 131 -0.696026 1
gene 1 27 42 0.164948 0 132 0.164948 1
gene 1 27 43 -0.829849 0 133 -0.829849 1
gene 1 27 44 -0.765841 0 134 -0.765841 1
gene 1 27 45 -2.15722 0 135 -2.15722 1
gene 1 28 41 -2.33277 0 136 -2.33277 1
gene 1 28 42 -4.99714 0 137 -4.99714 1
gene 1 28 43 -0.465076 0 138 -0.465076 1
gene 1 28 44 -4.60638 0 139 -4.60638 1
gene 1 28 45 -2.99451 0 140 -2.99451 1
gene 1 29 41 -1.54876 0 141 -1.54876 1
gene 1 29 42 -0.30299 0 142 -0.30299 1
gene 1 29 43 0.653685 0 143 0.653685 1
gene 1 29 44 -2.22308 0 144 -2.22308 1
gene 1 29 45 1.22629 0 145 1.22629 1
gene 1 30 41 -0.415666 0 146 -0.415666 1
gene 1 30 42 -1.70707 0 147 -1.70707 1
gene 1 30 43 0.522139 0 148 0.522139 1
gene 1 30 44 -0.230603 0 149 -0.230603 1
gene 1 30 45 0.546475 0 150 0.546475 1
gene 1 31 41 2.39759 0 151 2.39759 1
gene 1 31 42 0.216053 0 152 0.216053 1
gene 1 31 43 -1.22825 0 153 -1.22825 1
gene 1 31 44 -0.0145154 0 154 -0.0145154 1
gene 1 31 45 -1.5655 0 155 -1.5655 1
gene 1 32 41 0.373267 0 156 0.373267 1
gene 1 32 42 0.178556 0 157 0.178556 1
gene 1 32 43 0.909314 0 158 0.909314 1
gene 1 32 44 2.40518 0 159 2.40518 1
gene 1 32 45 -1.76176 0 160 -1.76176 1
gene 1 33 41 0.548549 0 161 0.548549 1
gene 1 33 42 -0.248469 0 162 -0.248469 1
gene 1 33 43 0.0544898 0 163 0.0544898 1
gene 1 33 44 -1.02017 0 164 -1.02017 1
gene 1 33 45 0.0284553 0 165 0.0284553 1
gene 1 34 41 -0.00265139 0 166 -0.00265139 1
gene 1 34 42 -0.126734 0 167 -0.126734 1
gene 1 34 43 -1.79491 0 168 -1.79491 1
gene 1 34 44 0.8863 0 169 0.8863 1
gene 1 34 45 0.154959 0 170 0.154959 1
gene 1 35 41 -0.0172821 0 171 -0.0172821 1
gene 1 35 42 0.505895 0 172 0.505895 1
gene 1 35 43 0.55085 0 173 0.55085 1
gene 1 35 44 -0.799719 0 174 -0.799719 1
gene 1 35 45 0.614505 0 175 0.614505 1
gene 1 36 41 -0.915652 0 176 -0.915652 1
gene 1 36 42 0.915035 0 177 0.915035 1
gene 1 36 43 -1.43024 0 178 -1.43024 1
gene 1 36 44 -1.09502 0 179 -1.09502 1
gene 1 36 45 0.508748 0 180 0.508748 1
gene 1 37 41 0.875244 0 181 0.875244 1
gene 1 37 42 0.886796 0 182 0.886796 1
gene 1 37 43 0.279703 0 183 0.279703 1
gene 1 37 44 3.29384 0 184 3.29384 1
gene 1 37 45 -0.706654 0 185 -0.706654 1
gene 1 38 41 -1.61571 0 186 -1.61571 1
gene 1 38 42 -0.674096 0 187 -0.674096 1
gene 1 38 43 0.660563 0 188 0.660563 1
gene 1 38 44 -0.977658 0 189 -0.977658 1
gene 1 38 45 0.0522129 0 190 0.0522129 1
gene 1 39 41 -0.0694902 0 191 -0.0694902 1
gene 1 39 42 0.161555 0 192 0.161555 1
gene 1 39 43 0.342134 0 193 0.342134 1
gene 1 39 44 1.43071 0 194 1.43071 1
gene 1 39 45 0.805071 0 195 0.805071 1
gene 1 40 41 1.45073 0 196 1.45073 1
gene 1 40 42 1.06925 0 197 1.06925 1
gene 1 40 43 0.359945 0 198 0.359945 1
gene 1 40 44 -0.00726528 0 199 -0.00726528 1
gene 1 40 45 -2.21815 0 200 -2.21815 1
genomeend 40


