/* Organism #0 Fitness: 10666.186000 Time: 0 */
genomestart 0
trait 1 0.000000 0.458312 0.400243 1.000000 0.000000 0.186121 0.406608 0.153284 
node 1 1 1 1
node 2 1 1 1
node 3 1 1 1
node 4 1 1 1
node 5 1 1 1
node 6 1 1 1
node 7 1 1 1
node 8 1 1 1
node 9 1 1 1
node 10 1 1 1
node 11 1 1 1
node 12 1 1 1
node 13 1 1 1
node 14 1 1 1
node 15 1 1 1
node 16 1 1 1
node 17 1 1 1
node 18 1 1 1
node 19 1 1 1
node 20 1 1 1
node 21 1 1 1
node 22 1 1 1
node 23 1 1 1
node 24 1 1 1
node 25 1 1 1
node 26 1 1 1
node 27 1 1 1
node 28 1 1 1
node 29 1 1 1
node 30 1 1 1
node 31 1 1 1
node 32 1 1 1
node 33 1 1 1
node 34 1 1 1
node 35 1 1 1
node 36 1 1 1
node 37 1 1 1
node 38 1 1 1
node 39 1 1 1
node 40 1 1 3
node 41 1 0 2
node 42 1 0 2
node 43 1 0 2
node 44 1 0 2
node 45 1 0 2
gene 1 1 41 -3.4155 0 1 -3.4155 1
gene 1 1 42 -3.44659 0 2 -3.44659 1
gene 1 1 43 -0.802655 0 3 -0.802655 1
gene 1 1 44 -4.6249 0 4 -4.6249 1
gene 1 1 45 -3.80784 0 5 -3.80784 1
gene 1 2 41 -1.49279 0 6 -1.49279 1
gene 1 2 42 4.46516 0 7 4.46516 1
gene 1 2 43 -2.92411 0 8 -2.92411 1
gene 1 2 44 -1.59873 0 9 -1.59873 1
gene 1 2 45 -2.99996 0 10 -2.99996 1
gene 1 3 41 0.456505 0 11 0.456505 1
gene 1 3 42 1.74489 0 12 1.74489 1
gene 1 3 43 2.18377 0 13 2.18377 1
gene 1 3 44 -0.737419 0 14 -0.737419 1
gene 1 3 45 -5 0 15 -5 1
gene 1 4 41 3.08938 0 16 3.08938 1
gene 1 4 42 3.90466 0 17 3.90466 1
gene 1 4 43 -0.818803 0 18 -0.818803 1
gene 1 4 44 -1.21343 0 19 -1.21343 1
gene 1 4 45 -4.67803 0 20 -4.67803 1
gene 1 5 41 2.07669 0 21 2.07669 1
gene 1 5 42 4.35549 0 22 4.35549 1
gene 1 5 43 -0.961942 0 23 -0.961942 1
gene 1 5 44 4.23806 0 24 4.23806 1
gene 1 5 45 1.14712 0 25 1.14712 1
gene 1 6 41 1.13013 0 26 1.13013 1
gene 1 6 42 -1.85424 0 27 -1.85424 1
gene 1 6 43 0.59472 0 28 0.59472 1
gene 1 6 44 -1.68268 0 29 -1.68268 1
gene 1 6 45 2.2626 0 30 2.2626 1
gene 1 7 41 -3.93209 0 31 -3.93209 1
gene 1 7 42 -1.79467 0 32 -1.79467 1
gene 1 7 43 0.15781 0 33 0.15781 1
gene 1 7 44 0.0823111 0 34 0.0823111 1
gene 1 7 45 -3.22599 0 35 -3.22599 1
gene 1 8 41 0.90375 0 36 0.90375 1
gene 1 8 42 -0.491316 0 37 -0.491316 1
gene 1 8 43 1.79978 0 38 1.79978 1
gene 1 8 44 -4.06896 0 39 -4.06896 1
gene 1 8 45 2.06843 0 40 2.06843 1
gene 1 9 41 -5 0 41 -5 1
gene 1 9 42 -3.67608 0 42 -3.67608 1
gene 1 9 43 2.21646 0 43 2.21646 1
gene 1 9 44 -0.804215 0 44 -0.804215 1
gene 1 9 45 0.552638 0 45 0.552638 1
gene 1 10 41 -0.412727 0 46 -0.412727 1
gene 1 10 42 -0.804251 0 47 -0.804251 1
gene 1 10 43 -1.37831 0 48 -1.37831 1
gene 1 10 44 -0.70612 0 49 -0.70612 1
gene 1 10 45 0.275661 0 50 0.275661 1
gene 1 11 41 0.757364 0 51 0.757364 1
gene 1 11 42 4.2991 0 52 4.2991 1
gene 1 11 43 -0.96641 0 53 -0.96641 1
gene 1 11 44 -2.36147 0 54 -2.36147 1
gene 1 11 45 -3.74077 0 55 -3.74077 1
gene 1 12 41 -0.607574 0 56 -0.607574 1
gene 1 12 42 4.20672 0 57 4.20672 1
gene 1 12 43 3.56511 0 58 3.56511 1
gene 1 12 44 1.71454 0 59 1.71454 1
gene 1 12 45 0.779351 0 60 0.779351 1
gene 1 13 41 5 0 61 5 1
gene 1 13 42 1.2204 0 62 1.2204 1
gene 1 13 43 -0.369645 0 63 -0.369645 1
gene 1 13 44 -0.0256978 0 64 -0.0256978 1
gene 1 13 45 1.74092 0 65 1.74092 1
gene 1 14 41 2.25193 0 66 2.25193 1
gene 1 14 42 -3.1774 0 67 -3.1774 1
gene 1 14 43 3.21669 0 68 3.21669 1
gene 1 14 44 2.10356 0 69 2.10356 1
gene 1 14 45 4.87881 0 70 4.87881 1
gene 1 15 41 -2.43261 0 71 -2.43261 1
gene 1 15 42 1.13166 0 72 1.13166 1
gene 1 15 43 -3.63131 0 73 -3.63131 1
gene 1 15 44 -0.128917 0 74 -0.128917 1
gene 1 15 45 -4.45769 0 75 -4.45769 1
gene 1 16 41 3.85376 0 76 3.85376 1
gene 1 16 42 1.33419 0 77 1.33419 1
gene 1 16 43 2.69708 0 78 2.69708 1
gene 1 16 44 3.92332 0 79 3.92332 1
gene 1 16 45 2.7239 0 80 2.7239 1
gene 1 17 41 -5 0 81 -5 1
gene 1 17 42 3.5486 0 82 3.5486 1
gene 1 17 43 -2.81015 0 83 -2.81015 1
gene 1 17 44 -4.29605 0 84 -4.29605 1
gene 1 17 45 1.91836 0 85 1.91836 1
gene 1 18 41 -4.76396 0 86 -4.76396 1
gene 1 18 42 2.41465 0 87 2.41465 1
gene 1 18 43 -2.88295 0 88 -2.88295 1
gene 1 18 44 -2.26254 0 89 -2.26254 1
gene 1 18 45 0.312478 0 90 0.312478 1
gene 1 19 41 -1.82543 0 91 -1.82543 1
gene 1 19 42 0.698976 0 92 0.698976 1
gene 1 19 43 -2.65735 0 93 -2.65735 1
gene 1 19 44 -2.15207 0 94 -2.15207 1
gene 1 19 45 0.692625 0 95 0.692625 1
gene 1 20 41 -1.27805 0 96 -1.27805 1
gene 1 20 42 0.107859 0 97 0.107859 1
gene 1 20 43 1.92036 0 98 1.92036 1
gene 1 20 44 -1.66865 0 99 -1.66865 1
gene 1 20 45 3.96812 0 100 3.96812 1
gene 1 21 41 1.50516 0 101 1.50516 1
gene 1 21 42 -1.98252 0 102 -1.98252 1
gene 1 21 43 -0.1461 0 103 -0.1461 1
gene 1 21 44 -2.48835 0 104 -2.48835 1
gene 1 21 45 1.33739 0 105 1.33739 1
gene 1 22 41 2.33626 0 106 2.33626 1
gene 1 22 42 0.871638 0 107 0.871638 1
gene 1 22 43 -4.28679 0 108 -4.28679 1
gene 1 22 44 3.73174 0 109 3.73174 1
gene 1 22 45 0.965561 0 110 0.965561 1
gene 1 23 41 -1.71023 0 111 -1.71023 1
gene 1 23 42 -4.10555 0 112 -4.10555 1
gene 1 23 43 0.709049 0 113 0.709049 1
gene 1 23 44 -3.94577 0 114 -3.94577 1
gene 1 23 45 4.92275 0 115 4.92275 1
gene 1 24 41 1.32329 0 116 1.32329 1
gene 1 24 42 1.29143 0 117 1.29143 1
gene 1 24 43 -0.864154 0 118 -0.864154 1
gene 1 24 44 0.426997 0 119 0.426997 1
gene 1 24 45 4.0288 0 120 4.0288 1
gene 1 25 41 0.696372 0 121 0.696372 1
gene 1 25 42 -4.79101 0 122 -4.79101 1
gene 1 25 43 -0.268447 0 123 -0.268447 1
gene 1 25 44 -0.990322 0 124 -0.990322 1
gene 1 25 45 -4.49244 0 125 -4.49244 1
gene 1 26 41 0.282417 0 126 0.282417 1
gene 1 26 42 -4.13965 0 127 -4.13965 1
gene 1 26 43 -5 0 128 -5 1
gene 1 26 44 2.95264 0 129 2.95264 1
gene 1 26 45 0.870676 0 130 0.870676 1
gene 1 27 41 2.93364 0 131 2.93364 1
gene 1 27 42 -5 0 132 -5 1
gene 1 27 43 -3.49655 0 133 -3.49655 1
gene 1 27 44 4.59297 0 134 4.59297 1
gene 1 27 45 3.05053 0 135 3.05053 1
gene 1 28 41 1.88467 0 136 1.88467 1
gene 1 28 42 -2.94001 0 137 -2.94001 1
gene 1 28 43 1.09926 0 138 1.09926 1
gene 1 28 44 4.44564 0 139 4.44564 1
gene 1 28 45 -5 0 140 -5 1
gene 1 29 41 -0.694116 0 141 -0.694116 1
gene 1 29 42 -0.304798 0 142 -0.304798 1
gene 1 29 43 3.261 0 143 3.261 1
gene 1 29 44 2.1153 0 144 2.1153 1
gene 1 29 45 2.38887 0 145 2.38887 1
gene 1 30 41 3.49217 0 146 3.49217 1
gene 1 30 42 0.211775 0 147 0.211775 1
gene 1 30 43 -0.160713 0 148 -0.160713 1
gene 1 30 44 0.29696 0 149 0.29696 1
gene 1 30 45 -5 0 150 -5 1
gene 1 31 41 2.97252 0 151 2.97252 1
gene 1 31 42 -5 0 152 -5 1
gene 1 31 43 -2.51923 0 153 -2.51923 1
gene 1 31 44 -1.06121 0 154 -1.06121 1
gene 1 31 45 1.36002 0 155 1.36002 1
gene 1 32 41 -3.76747 0 156 -3.76747 1
gene 1 32 42 0.785617 0 157 0.785617 1
gene 1 32 43 -2.42148 0 158 -2.42148 1
gene 1 32 44 1.64621 0 159 1.64621 1
gene 1 32 45 1.03296 0 160 1.03296 1
gene 1 33 41 -1.87824 0 161 -1.87824 1
gene 1 33 42 -0.153933 0 162 -0.153933 1
gene 1 33 43 -0.470996 0 163 -0.470996 1
gene 1 33 44 0.906315 0 164 0.906315 1
gene 1 33 45 -0.306609 0 165 -0.306609 1
gene 1 34 41 1.48567 0 166 1.48567 1
gene 1 34 42 1.22648 0 167 1.22648 1
gene 1 34 43 1.01005 0 168 1.01005 1
gene 1 34 44 -3.15994 0 169 -3.15994 1
gene 1 34 45 3.04486 0 170 3.04486 1
gene 1 35 41 0.472873 0 171 0.472873 1
gene 1 35 42 0.153243 0 172 0.153243 1
gene 1 35 43 -0.797051 0 173 -0.797051 1
gene 1 35 44 -0.426868 0 174 -0.426868 1
gene 1 35 45 -0.322073 0 175 -0.322073 1
gene 1 36 41 0.574566 0 176 0.574566 1
gene 1 36 42 -0.0842025 0 177 -0.0842025 1
gene 1 36 43 -0.236278 0 178 -0.236278 1
gene 1 36 44 -0.619496 0 179 -0.619496 1
gene 1 36 45 -1.85577 0 180 -1.85577 1
gene 1 37 41 -0.209071 0 181 -0.209071 1
gene 1 37 42 -2.12976 0 182 -2.12976 1
gene 1 37 43 0.316929 0 183 0.316929 1
gene 1 37 44 0.786252 0 184 0.786252 1
gene 1 37 45 0.19559 0 185 0.19559 1
gene 1 38 41 -0.365481 0 186 -0.365481 1
gene 1 38 42 0.105079 0 187 0.105079 1
gene 1 38 43 -0.0212199 0 188 -0.0212199 1
gene 1 38 44 0.732551 0 189 0.732551 1
gene 1 38 45 -1.46203 0 190 -1.46203 1
gene 1 39 41 1.53998 0 191 1.53998 1
gene 1 39 42 0.506995 0 192 0.506995 1
gene 1 39 43 -0.609445 0 193 -0.609445 1
gene 1 39 44 0.227116 0 194 0.227116 1
gene 1 39 45 0.32043 0 195 0.32043 1
gene 1 40 41 0.397932 0 196 0.397932 1
gene 1 40 42 -5 0 197 -5 1
gene 1 40 43 0.794734 0 198 0.794734 1
gene 1 40 44 -0.873769 0 199 -0.873769 1
gene 1 40 45 -0.0726535 0 200 -0.0726535 1
genomeend 0


