/* Organism #1 Fitness: 10647.480000 Time: 0 */
genomestart 1
trait 1 0.621090 1.000000 1.000000 0.000000 0.000000 1.000000 0.000000 0.000000 
node 1 1 1 1
node 2 1 1 1
node 3 1 1 1
node 4 1 1 1
node 5 1 1 1
node 6 1 1 1
node 7 1 1 1
node 8 1 1 1
node 9 1 1 1
node 10 1 1 1
node 11 1 1 1
node 12 1 1 1
node 13 1 1 1
node 14 1 1 1
node 15 1 1 1
node 16 1 1 1
node 17 1 1 1
node 18 1 1 1
node 19 1 1 1
node 20 1 1 1
node 21 1 1 1
node 22 1 1 1
node 23 1 1 1
node 24 1 1 1
node 25 1 1 1
node 26 1 1 1
node 27 1 1 1
node 28 1 1 1
node 29 1 1 1
node 30 1 1 1
node 31 1 1 1
node 32 1 1 1
node 33 1 1 1
node 34 1 1 1
node 35 1 1 1
node 36 1 1 1
node 37 1 1 1
node 38 1 1 1
node 39 1 1 1
node 40 1 1 3
node 41 1 0 2
node 42 1 0 2
node 43 1 0 2
node 44 1 0 2
node 45 1 0 2
gene 1 1 41 0.370497 0 1 0.370497 1
gene 1 1 42 -1.15776 0 2 -1.15776 1
gene 1 1 43 -0.203022 0 3 -0.203022 1
gene 1 1 44 -0.318031 0 4 -0.318031 1
gene 1 1 45 0.147269 0 5 0.147269 1
gene 1 2 41 1.38959 0 6 1.38959 1
gene 1 2 42 -1.54926 0 7 -1.54926 1
gene 1 2 43 0.022931 0 8 0.022931 1
gene 1 2 44 -1.95459 0 9 -1.95459 1
gene 1 2 45 -2.00069 0 10 -2.00069 1
gene 1 3 41 3.61192 0 11 3.61192 1
gene 1 3 42 4.94107 0 12 4.94107 1
gene 1 3 43 -0.22858 0 13 -0.22858 1
gene 1 3 44 1.04093 0 14 1.04093 1
gene 1 3 45 -0.937824 0 15 -0.937824 1
gene 1 4 41 0.848091 0 16 0.848091 1
gene 1 4 42 3.27412 0 17 3.27412 1
gene 1 4 43 -0.986416 0 18 -0.986416 1
gene 1 4 44 0.929416 0 19 0.929416 1
gene 1 4 45 3.21645 0 20 3.21645 1
gene 1 5 41 1.89201 0 21 1.89201 1
gene 1 5 42 2.5271 0 22 2.5271 1
gene 1 5 43 0.929082 0 23 0.929082 1
gene 1 5 44 -3.80632 0 24 -3.80632 1
gene 1 5 45 -4.00183 0 25 -4.00183 1
gene 1 6 41 0.137876 0 26 0.137876 1
gene 1 6 42 -1.69262 0 27 -1.69262 1
gene 1 6 43 -2.54168 0 28 -2.54168 1
gene 1 6 44 2.88871 0 29 2.88871 1
gene 1 6 45 0.356347 0 30 0.356347 1
gene 1 7 41 -1.83779 0 31 -1.83779 1
gene 1 7 42 -1.84255 0 32 -1.84255 1
gene 1 7 43 -3.36485 0 33 -3.36485 1
gene 1 7 44 -3.45404 0 34 -3.45404 1
gene 1 7 45 -0.590477 0 35 -0.590477 1
gene 1 8 41 -0.0580085 0 36 -0.0580085 1
gene 1 8 42 -1.42607 0 37 -1.42607 1
gene 1 8 43 4.47877 0 38 4.47877 1
gene 1 8 44 3.46225 0 39 3.46225 1
gene 1 8 45 0.687009 0 40 0.687009 1
gene 1 9 41 1.39076 0 41 1.39076 1
gene 1 9 42 -5 0 42 -5 1
gene 1 9 43 1.65558 0 43 1.65558 1
gene 1 9 44 2.72995 0 44 2.72995 1
gene 1 9 45 -3.69737 0 45 -3.69737 1
gene 1 10 41 -0.938379 0 46 -0.938379 1
gene 1 10 42 -0.470061 0 47 -0.470061 1
gene 1 10 43 -3.46635 0 48 -3.46635 1
gene 1 10 44 -1.12636 0 49 -1.12636 1
gene 1 10 45 1.10211 0 50 1.10211 1
gene 1 11 41 -1.40826 0 51 -1.40826 1
gene 1 11 42 0.751565 0 52 0.751565 1
gene 1 11 43 -1.48019 0 53 -1.48019 1
gene 1 11 44 -2.47819 0 54 -2.47819 1
gene 1 11 45 -1.95986 0 55 -1.95986 1
gene 1 12 41 5 0 56 5 1
gene 1 12 42 0.812618 0 57 0.812618 1
gene 1 12 43 -3.30342 0 58 -3.30342 1
gene 1 12 44 -0.235124 0 59 -0.235124 1
gene 1 12 45 -0.83084 0 60 -0.83084 1
gene 1 13 41 -2.13712 0 61 -2.13712 1
gene 1 13 42 -0.23739 0 62 -0.23739 1
gene 1 13 43 1.00217 0 63 1.00217 1
gene 1 13 44 -0.834338 0 64 -0.834338 1
gene 1 13 45 -1.3416 0 65 -1.3416 1
gene 1 14 41 -0.434823 0 66 -0.434823 1
gene 1 14 42 2.53986 0 67 2.53986 1
gene 1 14 43 -0.288411 0 68 -0.288411 1
gene 1 14 44 -3.25327 0 69 -3.25327 1
gene 1 14 45 1.17332 0 70 1.17332 1
gene 1 15 41 0.626574 0 71 0.626574 1
gene 1 15 42 2.18675 0 72 2.18675 1
gene 1 15 43 -0.0971769 0 73 -0.0971769 1
gene 1 15 44 1.77657 0 74 1.77657 1
gene 1 15 45 0.96116 0 75 0.96116 1
gene 1 16 41 0.496832 0 76 0.496832 1
gene 1 16 42 2.78857 0 77 2.78857 1
gene 1 16 43 -1.3447 0 78 -1.3447 1
gene 1 16 44 1.59879 0 79 1.59879 1
gene 1 16 45 0.784956 0 80 0.784956 1
gene 1 17 41 -4.66647 0 81 -4.66647 1
gene 1 17 42 -1.84483 0 82 -1.84483 1
gene 1 17 43 0.0276678 0 83 0.0276678 1
gene 1 17 44 -2.22096 0 84 -2.22096 1
gene 1 17 45 0.395924 0 85 0.395924 1
gene 1 18 41 -4.68377 0 86 -4.68377 1
gene 1 18 42 4.55152 0 87 4.55152 1
gene 1 18 43 -2.59793 0 88 -2.59793 1
gene 1 18 44 0.261372 0 89 0.261372 1
gene 1 18 45 3.15727 0 90 3.15727 1
gene 1 19 41 -5 0 91 -5 1
gene 1 19 42 3.57863 0 92 3.57863 1
gene 1 19 43 -5 0 93 -5 1
gene 1 19 44 -2.7139 0 94 -2.7139 1
gene 1 19 45 1.29273 0 95 1.29273 1
gene 1 20 41 0.61725 0 96 0.61725 1
gene 1 20 42 -1.44008 0 97 -1.44008 1
gene 1 20 43 0.183047 0 98 0.183047 1
gene 1 20 44 1.55915 0 99 1.55915 1
gene 1 20 45 -0.846592 0 100 -0.846592 1
gene 1 21 41 0.0977727 0 101 0.0977727 1
gene 1 21 42 4.222 0 102 4.222 1
gene 1 21 43 -0.141774 0 103 -0.141774 1
gene 1 21 44 2.5856 0 104 2.5856 1
gene 1 21 45 -0.161906 0 105 -0.161906 1
gene 1 22 41 -3.10635 0 106 -3.10635 1
gene 1 22 42 -4.45093 0 107 -4.45093 1
gene 1 22 43 0.41372 0 108 0.41372 1
gene 1 22 44 -3.27691 0 109 -3.27691 1
gene 1 22 45 -0.804925 0 110 -0.804925 1
gene 1 23 41 0.923636 0 111 0.923636 1
gene 1 23 42 -0.129792 0 112 -0.129792 1
gene 1 23 43 0.27514 0 113 0.27514 1
gene 1 23 44 0.506514 0 114 0.506514 1
gene 1 23 45 0.542111 0 115 0.542111 1
gene 1 24 41 0.506767 0 116 0.506767 1
gene 1 24 42 0.0528742 0 117 0.0528742 1
gene 1 24 43 -0.884911 0 118 -0.884911 1
gene 1 24 44 3.47249 0 119 3.47249 1
gene 1 24 45 1.02825 0 120 1.02825 1
gene 1 25 41 2.41197 0 121 2.41197 1
gene 1 25 42 -4.23398 0 122 -4.23398 1
gene 1 25 43 2.22317 0 123 2.22317 1
gene 1 25 44 0.701675 0 124 0.701675 1
gene 1 25 45 -2.3526 0 125 -2.3526 1
gene 1 26 41 2.47599 0 126 2.47599 1
gene 1 26 42 1.49736 0 127 1.49736 1
gene 1 26 43 -1.25893 0 128 -1.25893 1
gene 1 26 44 0.572965 0 129 0.572965 1
gene 1 26 45 2.25993 0 130 2.25993 1
gene 1 27 41 -0.54526 0 131 -0.54526 1
gene 1 27 42 -1.4039 0 132 -1.4039 1
gene 1 27 43 -4.49084 0 133 -4.49084 1
gene 1 27 44 -1.34964 0 134 -1.34964 1
gene 1 27 45 0.845933 0 135 0.845933 1
gene 1 28 41 2.64278 0 136 2.64278 1
gene 1 28 42 -3.20434 0 137 -3.20434 1
gene 1 28 43 -5 0 138 -5 1
gene 1 28 44 1.03968 0 139 1.03968 1
gene 1 28 45 4.28344 0 140 4.28344 1
gene 1 29 41 0.641809 0 141 0.641809 1
gene 1 29 42 -4.20197 0 142 -4.20197 1
gene 1 29 43 -2.17239 0 143 -2.17239 1
gene 1 29 44 0.309962 0 144 0.309962 1
gene 1 29 45 1.41516 0 145 1.41516 1
gene 1 30 41 1.62701 0 146 1.62701 1
gene 1 30 42 2.563 0 147 2.563 1
gene 1 30 43 -2.90153 0 148 -2.90153 1
gene 1 30 44 0.703454 0 149 0.703454 1
gene 1 30 45 -0.0488886 0 150 -0.0488886 1
gene 1 31 41 -2.80511 0 151 -2.80511 1
gene 1 31 42 0.155101 0 152 0.155101 1
gene 1 31 43 1.33769 0 153 1.33769 1
gene 1 31 44 0.69829 0 154 0.69829 1
gene 1 31 45 1.70701 0 155 1.70701 1
gene 1 32 41 -0.74788 0 156 -0.74788 1
gene 1 32 42 -0.451489 0 157 -0.451489 1
gene 1 32 43 -0.800368 0 158 -0.800368 1
gene 1 32 44 -0.284358 0 159 -0.284358 1
gene 1 32 45 -0.27916 0 160 -0.27916 1
gene 1 33 41 4.12158 0 161 4.12158 1
gene 1 33 42 0.268771 0 162 0.268771 1
gene 1 33 43 -0.52897 0 163 -0.52897 1
gene 1 33 44 0.509844 0 164 0.509844 1
gene 1 33 45 0.759272 0 165 0.759272 1
gene 1 34 41 -1.63927 0 166 -1.63927 1
gene 1 34 42 -0.290083 0 167 -0.290083 1
gene 1 34 43 -0.363699 0 168 -0.363699 1
gene 1 34 44 0.111335 0 169 0.111335 1
gene 1 34 45 0.149017 0 170 0.149017 1
gene 1 35 41 -0.293733 0 171 -0.293733 1
gene 1 35 42 0.0272647 0 172 0.0272647 1
gene 1 35 43 0.0600798 0 173 0.0600798 1
gene 1 35 44 -0.256496 0 174 -0.256496 1
gene 1 35 45 -0.700979 0 175 -0.700979 1
gene 1 36 41 0.202908 0 176 0.202908 1
gene 1 36 42 -1.53029 0 177 -1.53029 1
gene 1 36 43 -0.0950161 0 178 -0.0950161 1
gene 1 36 44 0.958757 0 179 0.958757 1
gene 1 36 45 -0.0680533 0 180 -0.0680533 1
gene 1 37 41 3.05688 0 181 3.05688 1
gene 1 37 42 3.84157 0 182 3.84157 1
gene 1 37 43 0.731181 0 183 0.731181 1
gene 1 37 44 0.56625 0 184 0.56625 1
gene 1 37 45 2.92713 0 185 2.92713 1
gene 1 38 41 0.892084 0 186 0.892084 1
gene 1 38 42 -1.46736 0 187 -1.46736 1
gene 1 38 43 -1.84863 0 188 -1.84863 1
gene 1 38 44 -0.119336 0 189 -0.119336 1
gene 1 38 45 -0.126731 0 190 -0.126731 1
gene 1 39 41 0.769536 0 191 0.769536 1
gene 1 39 42 1.42107 0 192 1.42107 1
gene 1 39 43 -1.78979 0 193 -1.78979 1
gene 1 39 44 1.19859 0 194 1.19859 1
gene 1 39 45 0.0430549 0 195 0.0430549 1
gene 1 40 41 -0.938336 0 196 -0.938336 1
gene 1 40 42 -4.9847 0 197 -4.9847 1
gene 1 40 43 0.0793234 0 198 0.0793234 1
gene 1 40 44 -2.4193 0 199 -2.4193 1
gene 1 40 45 1.35932 0 200 1.35932 1
genomeend 1


