/* Organism #0 Fitness: 16787.742000 Time: 0 */
genomestart 0
trait 1 0.100000 0.000000 0.000000 0.000000 0.000000 0.000000 0.000000 0.000000 
node 1 1 1 1
node 2 1 1 1
node 3 1 1 1
node 4 1 1 1
node 5 1 1 1
node 6 1 1 1
node 7 1 1 1
node 8 1 1 1
node 9 1 1 1
node 10 1 1 1
node 11 1 1 1
node 12 1 1 1
node 13 1 1 1
node 14 1 1 1
node 15 1 1 1
node 16 1 1 1
node 17 1 1 1
node 18 1 1 1
node 19 1 1 1
node 20 1 1 1
node 21 1 1 1
node 22 1 1 1
node 23 1 1 1
node 24 1 1 1
node 25 1 1 1
node 26 1 1 1
node 27 1 1 1
node 28 1 1 3
node 29 1 0 2
node 30 1 0 2
node 31 1 0 2
node 32 1 0 2
node 33 1 0 2
gene 1 1 29 -0.86132 0 1 -0.86132 1
gene 1 1 30 -4.5795 0 2 -4.5795 1
gene 1 1 31 0.704348 0 3 0.704348 1
gene 1 1 32 -0.777776 0 4 -0.777776 1
gene 1 1 33 2.25359 0 5 2.25359 1
gene 1 2 29 1.44276 0 6 1.44276 1
gene 1 2 30 -3.45472 0 7 -3.45472 1
gene 1 2 31 1.0444 0 8 1.0444 1
gene 1 2 32 -2.94174 0 9 -2.94174 1
gene 1 2 33 0.125026 0 10 0.125026 1
gene 1 3 29 -1.02433 0 11 -1.02433 1
gene 1 3 30 -1.07198 0 12 -1.07198 1
gene 1 3 31 -0.0492003 0 13 -0.0492003 1
gene 1 3 32 -4.79109 0 14 -4.79109 1
gene 1 3 33 0.74534 0 15 0.74534 1
gene 1 4 29 -0.870051 0 16 -0.870051 1
gene 1 4 30 1.23213 0 17 1.23213 1
gene 1 4 31 0.251107 0 18 0.251107 1
gene 1 4 32 -3.32413 0 19 -3.32413 1
gene 1 4 33 -0.915642 0 20 -0.915642 1
gene 1 5 29 -1.22767 0 21 -1.22767 1
gene 1 5 30 -0.460258 0 22 -0.460258 1
gene 1 5 31 -2.96539 0 23 -2.96539 1
gene 1 5 32 -0.248133 0 24 -0.248133 1
gene 1 5 33 2.97143 0 25 2.97143 1
gene 1 6 29 -0.388823 0 26 -0.388823 1
gene 1 6 30 0.723311 0 27 0.723311 1
gene 1 6 31 0.0634675 0 28 0.0634675 1
gene 1 6 32 2.38853 0 29 2.38853 1
gene 1 6 33 -1.19122 0 30 -1.19122 1
gene 1 7 29 -3.38434 0 31 -3.38434 1
gene 1 7 30 0.471904 0 32 0.471904 1
gene 1 7 31 -3.15742 0 33 -3.15742 1
gene 1 7 32 -1.65162 0 34 -1.65162 1
gene 1 7 33 0.931384 0 35 0.931384 1
gene 1 8 29 1.27807 0 36 1.27807 1
gene 1 8 30 0.0414988 0 37 0.0414988 1
gene 1 8 31 0.262741 0 38 0.262741 1
gene 1 8 32 -0.496745 0 39 -0.496745 1
gene 1 8 33 1.61852 0 40 1.61852 1
gene 1 9 29 -3.14602 0 41 -3.14602 1
gene 1 9 30 4.49309 0 42 4.49309 1
gene 1 9 31 2.53487 0 43 2.53487 1
gene 1 9 32 -1.40279 0 44 -1.40279 1
gene 1 9 33 -3.77663 0 45 -3.77663 1
gene 1 10 29 -4.54092 0 46 -4.54092 1
gene 1 10 30 -0.0816311 0 47 -0.0816311 1
gene 1 10 31 -0.904743 0 48 -0.904743 1
gene 1 10 32 -2.10821 0 49 -2.10821 1
gene 1 10 33 -0.630692 0 50 -0.630692 1
gene 1 11 29 -3.3921 0 51 -3.3921 1
gene 1 11 30 0.357332 0 52 0.357332 1
gene 1 11 31 1.53722 0 53 1.53722 1
gene 1 11 32 0.0646624 0 54 0.0646624 1
gene 1 11 33 1.116 0 55 1.116 1
gene 1 12 29 1.05917 0 56 1.05917 1
gene 1 12 30 -0.027026 0 57 -0.027026 1
gene 1 12 31 1.22909 0 58 1.22909 1
gene 1 12 32 0.410002 0 59 0.410002 1
gene 1 12 33 0.609465 0 60 0.609465 1
gene 1 13 29 -0.426328 0 61 -0.426328 1
gene 1 13 30 -0.0736869 0 62 -0.0736869 1
gene 1 13 31 1.37449 0 63 1.37449 1
gene 1 13 32 2.41488 0 64 2.41488 1
gene 1 13 33 1.79124 0 65 1.79124 1
gene 1 14 29 3.53691 0 66 3.53691 1
gene 1 14 30 -4.78839 0 67 -4.78839 1
gene 1 14 31 -2.10526 0 68 -2.10526 1
gene 1 14 32 0.267721 0 69 0.267721 1
gene 1 14 33 4.42797 0 70 4.42797 1
gene 1 15 29 0.695582 0 71 0.695582 1
gene 1 15 30 -1.34052 0 72 -1.34052 1
gene 1 15 31 1.83942 0 73 1.83942 1
gene 1 15 32 -2.77613 0 74 -2.77613 1
gene 1 15 33 3.88873 0 75 3.88873 1
gene 1 16 29 -0.0328509 0 76 -0.0328509 1
gene 1 16 30 -0.917199 0 77 -0.917199 1
gene 1 16 31 -5 0 78 -5 1
gene 1 16 32 -1.26771 0 79 -1.26771 1
gene 1 16 33 -0.598327 0 80 -0.598327 1
gene 1 17 29 0.672371 0 81 0.672371 1
gene 1 17 30 0.326575 0 82 0.326575 1
gene 1 17 31 1.41155 0 83 1.41155 1
gene 1 17 32 -1.07893 0 84 -1.07893 1
gene 1 17 33 -1.6017 0 85 -1.6017 1
gene 1 18 29 1.02055 0 86 1.02055 1
gene 1 18 30 2.01725 0 87 2.01725 1
gene 1 18 31 -2.6374 0 88 -2.6374 1
gene 1 18 32 2.21102 0 89 2.21102 1
gene 1 18 33 1.57981 0 90 1.57981 1
gene 1 19 29 -1.53385 0 91 -1.53385 1
gene 1 19 30 -0.294725 0 92 -0.294725 1
gene 1 19 31 -5 0 93 -5 1
gene 1 19 32 3.49729 0 94 3.49729 1
gene 1 19 33 -2.33386 0 95 -2.33386 1
gene 1 20 29 0.53515 0 96 0.53515 1
gene 1 20 30 0.518084 0 97 0.518084 1
gene 1 20 31 -1.20757 0 98 -1.20757 1
gene 1 20 32 -0.24916 0 99 -0.24916 1
gene 1 20 33 3.6606 0 100 3.6606 1
gene 1 21 29 0.173546 0 101 0.173546 1
gene 1 21 30 0.967771 0 102 0.967771 1
gene 1 21 31 -0.273552 0 103 -0.273552 1
gene 1 21 32 0.483149 0 104 0.483149 1
gene 1 21 33 1.24501 0 105 1.24501 1
gene 1 22 29 -1.93536 0 106 -1.93536 1
gene 1 22 30 0.511995 0 107 0.511995 1
gene 1 22 31 1.84167 0 108 1.84167 1
gene 1 22 32 0.68153 0 109 0.68153 1
gene 1 22 33 1.7396 0 110 1.7396 1
gene 1 23 29 3.70113 0 111 3.70113 1
gene 1 23 30 -1.49769 0 112 -1.49769 1
gene 1 23 31 -0.245558 0 113 -0.245558 1
gene 1 23 32 -1.03367 0 114 -1.03367 1
gene 1 23 33 0.363396 0 115 0.363396 1
gene 1 24 29 0.277875 0 116 0.277875 1
gene 1 24 30 -0.402727 0 117 -0.402727 1
gene 1 24 31 -0.462788 0 118 -0.462788 1
gene 1 24 32 -0.842901 0 119 -0.842901 1
gene 1 24 33 -0.55815 0 120 -0.55815 1
gene 1 25 29 -1.20242 0 121 -1.20242 1
gene 1 25 30 -0.634777 0 122 -0.634777 1
gene 1 25 31 0.880389 0 123 0.880389 1
gene 1 25 32 -0.978237 0 124 -0.978237 1
gene 1 25 33 0.773466 0 125 0.773466 1
gene 1 26 29 2.40976 0 126 2.40976 1
gene 1 26 30 -0.437344 0 127 -0.437344 1
gene 1 26 31 1.37915 0 128 1.37915 1
gene 1 26 32 0.609579 0 129 0.609579 1
gene 1 26 33 -1.24392 0 130 -1.24392 1
gene 1 27 29 -0.00163657 0 131 -0.00163657 1
gene 1 27 30 -0.478932 0 132 -0.478932 1
gene 1 27 31 -0.910595 0 133 -0.910595 1
gene 1 27 32 -2.23677 0 134 -2.23677 1
gene 1 27 33 -3.89755 0 135 -3.89755 1
gene 1 28 29 0.272265 0 136 0.272265 1
gene 1 28 30 0.506203 0 137 0.506203 1
gene 1 28 31 -1.69395 0 138 -1.69395 1
gene 1 28 32 -0.315367 0 139 -0.315367 1
gene 1 28 33 0.4897 0 140 0.4897 1
genomeend 0


