/* Organism #1 Fitness: 17009.822000 Time: 0 */
genomestart 1
trait 1 0.919337 0.361891 0.103364 0.000000 0.838469 0.392375 0.345130 0.000000 
node 1 1 1 1
node 2 1 1 1
node 3 1 1 1
node 4 1 1 1
node 5 1 1 1
node 6 1 1 1
node 7 1 1 1
node 8 1 1 1
node 9 1 1 1
node 10 1 1 1
node 11 1 1 1
node 12 1 1 1
node 13 1 1 1
node 14 1 1 1
node 15 1 1 1
node 16 1 1 1
node 17 1 1 1
node 18 1 1 1
node 19 1 1 1
node 20 1 1 1
node 21 1 1 1
node 22 1 1 1
node 23 1 1 1
node 24 1 1 1
node 25 1 1 1
node 26 1 1 1
node 27 1 1 1
node 28 1 1 3
node 29 1 0 2
node 30 1 0 2
node 31 1 0 2
node 32 1 0 2
node 33 1 0 2
gene 1 1 29 -0.143944 0 1 -0.143944 1
gene 1 1 30 -0.300573 0 2 -0.300573 1
gene 1 1 31 -0.674623 0 3 -0.674623 1
gene 1 1 32 -1.86972 0 4 -1.86972 1
gene 1 1 33 -0.0779699 0 5 -0.0779699 1
gene 1 2 29 -0.688267 0 6 -0.688267 1
gene 1 2 30 5 0 7 5 1
gene 1 2 31 0.143153 0 8 0.143153 1
gene 1 2 32 -0.354207 0 9 -0.354207 1
gene 1 2 33 1.85012 0 10 1.85012 1
gene 1 3 29 -3.92426 0 11 -3.92426 1
gene 1 3 30 0.485924 0 12 0.485924 1
gene 1 3 31 1.55348 0 13 1.55348 1
gene 1 3 32 -4.43354 0 14 -4.43354 1
gene 1 3 33 1.06606 0 15 1.06606 1
gene 1 4 29 -0.21197 0 16 -0.21197 1
gene 1 4 30 3.74298 0 17 3.74298 1
gene 1 4 31 -0.965007 0 18 -0.965007 1
gene 1 4 32 -0.248944 0 19 -0.248944 1
gene 1 4 33 0.0344148 0 20 0.0344148 1
gene 1 5 29 0.0245788 0 21 0.0245788 1
gene 1 5 30 -1.31667 0 22 -1.31667 1
gene 1 5 31 1.684 0 23 1.684 1
gene 1 5 32 5 0 24 5 1
gene 1 5 33 4.48817 0 25 4.48817 1
gene 1 6 29 3.2442 0 26 3.2442 1
gene 1 6 30 -0.933331 0 27 -0.933331 1
gene 1 6 31 -0.942273 0 28 -0.942273 1
gene 1 6 32 1.25026 0 29 1.25026 1
gene 1 6 33 1.55072 0 30 1.55072 1
gene 1 7 29 5 0 31 5 1
gene 1 7 30 -0.287152 0 32 -0.287152 1
gene 1 7 31 -0.859962 0 33 -0.859962 1
gene 1 7 32 -0.917355 0 34 -0.917355 1
gene 1 7 33 -1.56942 0 35 -1.56942 1
gene 1 8 29 0.482921 0 36 0.482921 1
gene 1 8 30 2.32655 0 37 2.32655 1
gene 1 8 31 0.244831 0 38 0.244831 1
gene 1 8 32 -0.711138 0 39 -0.711138 1
gene 1 8 33 -0.519193 0 40 -0.519193 1
gene 1 9 29 3.1991 0 41 3.1991 1
gene 1 9 30 -4.01734 0 42 -4.01734 1
gene 1 9 31 1.90106 0 43 1.90106 1
gene 1 9 32 3.35432 0 44 3.35432 1
gene 1 9 33 -0.547625 0 45 -0.547625 1
gene 1 10 29 1.82222 0 46 1.82222 1
gene 1 10 30 -4.49724 0 47 -4.49724 1
gene 1 10 31 -1.03375 0 48 -1.03375 1
gene 1 10 32 1.70041 0 49 1.70041 1
gene 1 10 33 -0.535047 0 50 -0.535047 1
gene 1 11 29 4.77693 0 51 4.77693 1
gene 1 11 30 -3.27075 0 52 -3.27075 1
gene 1 11 31 0.68471 0 53 0.68471 1
gene 1 11 32 -1.03499 0 54 -1.03499 1
gene 1 11 33 0.847313 0 55 0.847313 1
gene 1 12 29 1.76848 0 56 1.76848 1
gene 1 12 30 -0.581651 0 57 -0.581651 1
gene 1 12 31 1.86249 0 58 1.86249 1
gene 1 12 32 -0.976548 0 59 -0.976548 1
gene 1 12 33 -0.706674 0 60 -0.706674 1
gene 1 13 29 -1.73124 0 61 -1.73124 1
gene 1 13 30 1.39624 0 62 1.39624 1
gene 1 13 31 0.505281 0 63 0.505281 1
gene 1 13 32 1.02792 0 64 1.02792 1
gene 1 13 33 1.67527 0 65 1.67527 1
gene 1 14 29 -0.752779 0 66 -0.752779 1
gene 1 14 30 4.40451 0 67 4.40451 1
gene 1 14 31 -2.17907 0 68 -2.17907 1
gene 1 14 32 -2.99309 0 69 -2.99309 1
gene 1 14 33 0.998247 0 70 0.998247 1
gene 1 15 29 -2.79346 0 71 -2.79346 1
gene 1 15 30 0.264416 0 72 0.264416 1
gene 1 15 31 -2.41782 0 73 -2.41782 1
gene 1 15 32 -1.34013 0 74 -1.34013 1
gene 1 15 33 0.327235 0 75 0.327235 1
gene 1 16 29 -0.617295 0 76 -0.617295 1
gene 1 16 30 0.935661 0 77 0.935661 1
gene 1 16 31 3.64582 0 78 3.64582 1
gene 1 16 32 2.01347 0 79 2.01347 1
gene 1 16 33 -2.58286 0 80 -2.58286 1
gene 1 17 29 2.24994 0 81 2.24994 1
gene 1 17 30 -0.40456 0 82 -0.40456 1
gene 1 17 31 1.57167 0 83 1.57167 1
gene 1 17 32 0.744535 0 84 0.744535 1
gene 1 17 33 -1.12226 0 85 -1.12226 1
gene 1 18 29 -1.24624 0 86 -1.24624 1
gene 1 18 30 -3.70594 0 87 -3.70594 1
gene 1 18 31 -4.15766 0 88 -4.15766 1
gene 1 18 32 -1.26557 0 89 -1.26557 1
gene 1 18 33 1.8105 0 90 1.8105 1
gene 1 19 29 0.788982 0 91 0.788982 1
gene 1 19 30 2.46251 0 92 2.46251 1
gene 1 19 31 -2.59381 0 93 -2.59381 1
gene 1 19 32 -1.1957 0 94 -1.1957 1
gene 1 19 33 3.87007 0 95 3.87007 1
gene 1 20 29 0.479572 0 96 0.479572 1
gene 1 20 30 0.125534 0 97 0.125534 1
gene 1 20 31 -1.08168 0 98 -1.08168 1
gene 1 20 32 -1.11066 0 99 -1.11066 1
gene 1 20 33 -0.889548 0 100 -0.889548 1
gene 1 21 29 2.38199 0 101 2.38199 1
gene 1 21 30 -2.9123 0 102 -2.9123 1
gene 1 21 31 -2.13449 0 103 -2.13449 1
gene 1 21 32 2.58285 0 104 2.58285 1
gene 1 21 33 0.840538 0 105 0.840538 1
gene 1 22 29 1.01228 0 106 1.01228 1
gene 1 22 30 2.29257 0 107 2.29257 1
gene 1 22 31 -3.9508 0 108 -3.9508 1
gene 1 22 32 -1.93376 0 109 -1.93376 1
gene 1 22 33 3.02039 0 110 3.02039 1
gene 1 23 29 -0.712914 0 111 -0.712914 1
gene 1 23 30 0.39252 0 112 0.39252 1
gene 1 23 31 3.12285 0 113 3.12285 1
gene 1 23 32 -2.31369 0 114 -2.31369 1
gene 1 23 33 -0.0985793 0 115 -0.0985793 1
gene 1 24 29 -0.975466 0 116 -0.975466 1
gene 1 24 30 -0.345747 0 117 -0.345747 1
gene 1 24 31 -0.514702 0 118 -0.514702 1
gene 1 24 32 0.0479481 0 119 0.0479481 1
gene 1 24 33 0.19591 0 120 0.19591 1
gene 1 25 29 2.64088 0 121 2.64088 1
gene 1 25 30 3.79431 0 122 3.79431 1
gene 1 25 31 0.634862 0 123 0.634862 1
gene 1 25 32 -0.94796 0 124 -0.94796 1
gene 1 25 33 -0.418191 0 125 -0.418191 1
gene 1 26 29 -1.13526 0 126 -1.13526 1
gene 1 26 30 -0.549988 0 127 -0.549988 1
gene 1 26 31 -0.102502 0 128 -0.102502 1
gene 1 26 32 0.413378 0 129 0.413378 1
gene 1 26 33 -0.234071 0 130 -0.234071 1
gene 1 27 29 -0.601949 0 131 -0.601949 1
gene 1 27 30 -0.958315 0 132 -0.958315 1
gene 1 27 31 0.154207 0 133 0.154207 1
gene 1 27 32 0.532734 0 134 0.532734 1
gene 1 27 33 0.614929 0 135 0.614929 1
gene 1 28 29 -1.31141 0 136 -1.31141 1
gene 1 28 30 0.00044911 0 137 0.00044911 1
gene 1 28 31 -4.11154 0 138 -4.11154 1
gene 1 28 32 -0.436189 0 139 -0.436189 1
gene 1 28 33 -1.32661 0 140 -1.32661 1
genomeend 1


