/* Organism #1 Fitness: 17109.402000 Time: 0 */
genomestart 1
trait 1 0.100000 0.000000 0.000000 0.000000 0.000000 0.000000 0.000000 0.000000 
node 1 1 1 1
node 2 1 1 1
node 3 1 1 1
node 4 1 1 1
node 5 1 1 1
node 6 1 1 1
node 7 1 1 1
node 8 1 1 1
node 9 1 1 1
node 10 1 1 1
node 11 1 1 1
node 12 1 1 1
node 13 1 1 1
node 14 1 1 1
node 15 1 1 1
node 16 1 1 1
node 17 1 1 1
node 18 1 1 1
node 19 1 1 1
node 20 1 1 1
node 21 1 1 1
node 22 1 1 1
node 23 1 1 1
node 24 1 1 1
node 25 1 1 1
node 26 1 1 1
node 27 1 1 1
node 28 1 1 3
node 29 1 0 2
node 30 1 0 2
node 31 1 0 2
node 32 1 0 2
node 33 1 0 2
gene 1 1 29 4.1455 0 1 4.1455 1
gene 1 1 30 -1.38332 0 2 -1.38332 1
gene 1 1 31 0.290388 0 3 0.290388 1
gene 1 1 32 -3.15359 0 4 -3.15359 1
gene 1 1 33 1.43644 0 5 1.43644 1
gene 1 2 29 1.41425 0 6 1.41425 1
gene 1 2 30 -4.97116 0 7 -4.97116 1
gene 1 2 31 2.67979 0 8 2.67979 1
gene 1 2 32 -0.398048 0 9 -0.398048 1
gene 1 2 33 -3.28718 0 10 -3.28718 1
gene 1 3 29 -0.649226 0 11 -0.649226 1
gene 1 3 30 -0.498468 0 12 -0.498468 1
gene 1 3 31 -1.62932 0 13 -1.62932 1
gene 1 3 32 -1.65286 0 14 -1.65286 1
gene 1 3 33 2.3833 0 15 2.3833 1
gene 1 4 29 0.269088 0 16 0.269088 1
gene 1 4 30 -1.82957 0 17 -1.82957 1
gene 1 4 31 -0.348676 0 18 -0.348676 1
gene 1 4 32 3.74774 0 19 3.74774 1
gene 1 4 33 2.40067 0 20 2.40067 1
gene 1 5 29 -1.83121 0 21 -1.83121 1
gene 1 5 30 3.17387 0 22 3.17387 1
gene 1 5 31 1.15144 0 23 1.15144 1
gene 1 5 32 0.605036 0 24 0.605036 1
gene 1 5 33 -0.1158 0 25 -0.1158 1
gene 1 6 29 4.55981 0 26 4.55981 1
gene 1 6 30 -1.79579 0 27 -1.79579 1
gene 1 6 31 -0.114024 0 28 -0.114024 1
gene 1 6 32 -3.22796 0 29 -3.22796 1
gene 1 6 33 -0.321728 0 30 -0.321728 1
gene 1 7 29 -4.6488 0 31 -4.6488 1
gene 1 7 30 1.32095 0 32 1.32095 1
gene 1 7 31 2.89672 0 33 2.89672 1
gene 1 7 32 0.825819 0 34 0.825819 1
gene 1 7 33 1.95681 0 35 1.95681 1
gene 1 8 29 1.28592 0 36 1.28592 1
gene 1 8 30 -0.805209 0 37 -0.805209 1
gene 1 8 31 -0.457636 0 38 -0.457636 1
gene 1 8 32 1.39731 0 39 1.39731 1
gene 1 8 33 -0.0512326 0 40 -0.0512326 1
gene 1 9 29 -2.55121 0 41 -2.55121 1
gene 1 9 30 3.69621 0 42 3.69621 1
gene 1 9 31 -1.98416 0 43 -1.98416 1
gene 1 9 32 1.52889 0 44 1.52889 1
gene 1 9 33 -2.0139 0 45 -2.0139 1
gene 1 10 29 -3.3785 0 46 -3.3785 1
gene 1 10 30 1.63616 0 47 1.63616 1
gene 1 10 31 -2.53405 0 48 -2.53405 1
gene 1 10 32 2.53575 0 49 2.53575 1
gene 1 10 33 3.82152 0 50 3.82152 1
gene 1 11 29 -5 0 51 -5 1
gene 1 11 30 -1.05738 0 52 -1.05738 1
gene 1 11 31 -1.10353 0 53 -1.10353 1
gene 1 11 32 -0.151205 0 54 -0.151205 1
gene 1 11 33 -0.474987 0 55 -0.474987 1
gene 1 12 29 0.288763 0 56 0.288763 1
gene 1 12 30 2.99412 0 57 2.99412 1
gene 1 12 31 -0.834625 0 58 -0.834625 1
gene 1 12 32 -2.11485 0 59 -2.11485 1
gene 1 12 33 -0.388679 0 60 -0.388679 1
gene 1 13 29 -3.76287 0 61 -3.76287 1
gene 1 13 30 -2.17444 0 62 -2.17444 1
gene 1 13 31 -1.28593 0 63 -1.28593 1
gene 1 13 32 -0.84284 0 64 -0.84284 1
gene 1 13 33 -4.91985 0 65 -4.91985 1
gene 1 14 29 0.535396 0 66 0.535396 1
gene 1 14 30 -1.70178 0 67 -1.70178 1
gene 1 14 31 1.18623 0 68 1.18623 1
gene 1 14 32 -0.969031 0 69 -0.969031 1
gene 1 14 33 -0.0632457 0 70 -0.0632457 1
gene 1 15 29 1.11532 0 71 1.11532 1
gene 1 15 30 -4.20409 0 72 -4.20409 1
gene 1 15 31 -3.55629 0 73 -3.55629 1
gene 1 15 32 -5 0 74 -5 1
gene 1 15 33 1.14324 0 75 1.14324 1
gene 1 16 29 0.248064 0 76 0.248064 1
gene 1 16 30 -2.33351 0 77 -2.33351 1
gene 1 16 31 -3.70772 0 78 -3.70772 1
gene 1 16 32 0.170714 0 79 0.170714 1
gene 1 16 33 -2.24958 0 80 -2.24958 1
gene 1 17 29 -0.426753 0 81 -0.426753 1
gene 1 17 30 3.577 0 82 3.577 1
gene 1 17 31 -1.12521 0 83 -1.12521 1
gene 1 17 32 -2.15692 0 84 -2.15692 1
gene 1 17 33 -3.48408 0 85 -3.48408 1
gene 1 18 29 2.45439 0 86 2.45439 1
gene 1 18 30 1.72413 0 87 1.72413 1
gene 1 18 31 -0.839105 0 88 -0.839105 1
gene 1 18 32 -3.52105 0 89 -3.52105 1
gene 1 18 33 -0.0102029 0 90 -0.0102029 1
gene 1 19 29 -1.86396 0 91 -1.86396 1
gene 1 19 30 -0.661668 0 92 -0.661668 1
gene 1 19 31 -0.139309 0 93 -0.139309 1
gene 1 19 32 3.1688 0 94 3.1688 1
gene 1 19 33 -0.271551 0 95 -0.271551 1
gene 1 20 29 2.92279 0 96 2.92279 1
gene 1 20 30 3.13451 0 97 3.13451 1
gene 1 20 31 -3.76105 0 98 -3.76105 1
gene 1 20 32 1.51193 0 99 1.51193 1
gene 1 20 33 -3.09292 0 100 -3.09292 1
gene 1 21 29 -0.117411 0 101 -0.117411 1
gene 1 21 30 -0.714117 0 102 -0.714117 1
gene 1 21 31 -4.52107 0 103 -4.52107 1
gene 1 21 32 -4.73575 0 104 -4.73575 1
gene 1 21 33 -0.833505 0 105 -0.833505 1
gene 1 22 29 -2.9885 0 106 -2.9885 1
gene 1 22 30 1.24346 0 107 1.24346 1
gene 1 22 31 1.49653 0 108 1.49653 1
gene 1 22 32 4.34181 0 109 4.34181 1
gene 1 22 33 -1.35661 0 110 -1.35661 1
gene 1 23 29 -0.183584 0 111 -0.183584 1
gene 1 23 30 1.24969 0 112 1.24969 1
gene 1 23 31 3.21683 0 113 3.21683 1
gene 1 23 32 -0.487818 0 114 -0.487818 1
gene 1 23 33 0.478143 0 115 0.478143 1
gene 1 24 29 -0.497833 0 116 -0.497833 1
gene 1 24 30 -0.658268 0 117 -0.658268 1
gene 1 24 31 -1.20912 0 118 -1.20912 1
gene 1 24 32 0.8307 0 119 0.8307 1
gene 1 24 33 -0.44517 0 120 -0.44517 1
gene 1 25 29 -3.77392 0 121 -3.77392 1
gene 1 25 30 -3.40034 0 122 -3.40034 1
gene 1 25 31 -0.00255549 0 123 -0.00255549 1
gene 1 25 32 0.00265984 0 124 0.00265984 1
gene 1 25 33 5 0 125 5 1
gene 1 26 29 0.512839 0 126 0.512839 1
gene 1 26 30 0.117615 0 127 0.117615 1
gene 1 26 31 0.104908 0 128 0.104908 1
gene 1 26 32 -0.026424 0 129 -0.026424 1
gene 1 26 33 -1.31309 0 130 -1.31309 1
gene 1 27 29 -2.3922 0 131 -2.3922 1
gene 1 27 30 -1.39311 0 132 -1.39311 1
gene 1 27 31 -2.04406 0 133 -2.04406 1
gene 1 27 32 0.434563 0 134 0.434563 1
gene 1 27 33 1.14489 0 135 1.14489 1
gene 1 28 29 1.12903 0 136 1.12903 1
gene 1 28 30 -0.16617 0 137 -0.16617 1
gene 1 28 31 0.0418576 0 138 0.0418576 1
gene 1 28 32 0.0128578 0 139 0.0128578 1
gene 1 28 33 -0.587238 0 140 -0.587238 1
genomeend 1


