/* Organism #6 Fitness: 16755.290000 Time: 0 */
genomestart 6
trait 1 0.953294 0.000000 0.675676 0.000000 0.000000 0.000000 0.000000 0.288885 
node 1 1 1 1
node 2 1 1 1
node 3 1 1 1
node 4 1 1 1
node 5 1 1 1
node 6 1 1 1
node 7 1 1 1
node 8 1 1 1
node 9 1 1 1
node 10 1 1 1
node 11 1 1 1
node 12 1 1 1
node 13 1 1 1
node 14 1 1 1
node 15 1 1 1
node 16 1 1 1
node 17 1 1 1
node 18 1 1 1
node 19 1 1 1
node 20 1 1 1
node 21 1 1 1
node 22 1 1 1
node 23 1 1 1
node 24 1 1 1
node 25 1 1 1
node 26 1 1 1
node 27 1 1 1
node 28 1 1 3
node 29 1 0 2
node 30 1 0 2
node 31 1 0 2
node 32 1 0 2
node 33 1 0 2
gene 1 1 29 -3.10827 0 1 -3.10827 1
gene 1 1 30 -0.277848 0 2 -0.277848 1
gene 1 1 31 1.08868 0 3 1.08868 1
gene 1 1 32 -2.63439 0 4 -2.63439 1
gene 1 1 33 1.47615 0 5 1.47615 1
gene 1 2 29 1.61202 0 6 1.61202 1
gene 1 2 30 1.73129 0 7 1.73129 1
gene 1 2 31 1.7849 0 8 1.7849 1
gene 1 2 32 -5 0 9 -5 1
gene 1 2 33 0.659789 0 10 0.659789 1
gene 1 3 29 -1.21999 0 11 -1.21999 1
gene 1 3 30 1.46319 0 12 1.46319 1
gene 1 3 31 1.11849 0 13 1.11849 1
gene 1 3 32 -0.117991 0 14 -0.117991 1
gene 1 3 33 -2.0825 0 15 -2.0825 1
gene 1 4 29 0.461196 0 16 0.461196 1
gene 1 4 30 -0.77855 0 17 -0.77855 1
gene 1 4 31 0.252711 0 18 0.252711 1
gene 1 4 32 0.117893 0 19 0.117893 1
gene 1 4 33 1.62914 0 20 1.62914 1
gene 1 5 29 1.42468 0 21 1.42468 1
gene 1 5 30 -3.55759 0 22 -3.55759 1
gene 1 5 31 2.21242 0 23 2.21242 1
gene 1 5 32 3.15851 0 24 3.15851 1
gene 1 5 33 0.537935 0 25 0.537935 1
gene 1 6 29 0.532177 0 26 0.532177 1
gene 1 6 30 -0.448436 0 27 -0.448436 1
gene 1 6 31 1.67429 0 28 1.67429 1
gene 1 6 32 0.0306811 0 29 0.0306811 1
gene 1 6 33 -0.726877 0 30 -0.726877 1
gene 1 7 29 0.347128 0 31 0.347128 1
gene 1 7 30 0.997413 0 32 0.997413 1
gene 1 7 31 -0.261745 0 33 -0.261745 1
gene 1 7 32 -4.39155 0 34 -4.39155 1
gene 1 7 33 -1.6121 0 35 -1.6121 1
gene 1 8 29 -0.784267 0 36 -0.784267 1
gene 1 8 30 -1.15991 0 37 -1.15991 1
gene 1 8 31 3.99448 0 38 3.99448 1
gene 1 8 32 -4.1312 0 39 -4.1312 1
gene 1 8 33 1.25033 0 40 1.25033 1
gene 1 9 29 3.76684 0 41 3.76684 1
gene 1 9 30 -1.78865 0 42 -1.78865 1
gene 1 9 31 -2.50084 0 43 -2.50084 1
gene 1 9 32 -1.2795 0 44 -1.2795 1
gene 1 9 33 0.940198 0 45 0.940198 1
gene 1 10 29 -0.915216 0 46 -0.915216 1
gene 1 10 30 1.27382 0 47 1.27382 1
gene 1 10 31 2.89851 0 48 2.89851 1
gene 1 10 32 -0.461582 0 49 -0.461582 1
gene 1 10 33 -0.746856 0 50 -0.746856 1
gene 1 11 29 3.65477 0 51 3.65477 1
gene 1 11 30 -1.36838 0 52 -1.36838 1
gene 1 11 31 -2.19616 0 53 -2.19616 1
gene 1 11 32 -1.43046 0 54 -1.43046 1
gene 1 11 33 -2.40658 0 55 -2.40658 1
gene 1 12 29 -0.449353 0 56 -0.449353 1
gene 1 12 30 -1.13748 0 57 -1.13748 1
gene 1 12 31 -3.13271 0 58 -3.13271 1
gene 1 12 32 -1.23274 0 59 -1.23274 1
gene 1 12 33 2.38704 0 60 2.38704 1
gene 1 13 29 -2.75219 0 61 -2.75219 1
gene 1 13 30 5 0 62 5 1
gene 1 13 31 0.377621 0 63 0.377621 1
gene 1 13 32 1.71342 0 64 1.71342 1
gene 1 13 33 -1.40735 0 65 -1.40735 1
gene 1 14 29 -1.29519 0 66 -1.29519 1
gene 1 14 30 2.91157 0 67 2.91157 1
gene 1 14 31 -0.140926 0 68 -0.140926 1
gene 1 14 32 1.98746 0 69 1.98746 1
gene 1 14 33 0.96757 0 70 0.96757 1
gene 1 15 29 -0.371837 0 71 -0.371837 1
gene 1 15 30 -0.0980898 0 72 -0.0980898 1
gene 1 15 31 0.422956 0 73 0.422956 1
gene 1 15 32 0.65795 0 74 0.65795 1
gene 1 15 33 -0.0262367 0 75 -0.0262367 1
gene 1 16 29 -1.8707 0 76 -1.8707 1
gene 1 16 30 1.55195 0 77 1.55195 1
gene 1 16 31 2.63185 0 78 2.63185 1
gene 1 16 32 -3.52992 0 79 -3.52992 1
gene 1 16 33 -0.0208317 0 80 -0.0208317 1
gene 1 17 29 -0.5797 0 81 -0.5797 1
gene 1 17 30 0.697319 0 82 0.697319 1
gene 1 17 31 3.7475 0 83 3.7475 1
gene 1 17 32 -0.668251 0 84 -0.668251 1
gene 1 17 33 -0.11809 0 85 -0.11809 1
gene 1 18 29 1.10044 0 86 1.10044 1
gene 1 18 30 -0.135091 0 87 -0.135091 1
gene 1 18 31 -2.83667 0 88 -2.83667 1
gene 1 18 32 1.60894 0 89 1.60894 1
gene 1 18 33 -1.23596 0 90 -1.23596 1
gene 1 19 29 -2.01547 0 91 -2.01547 1
gene 1 19 30 -3.83742 0 92 -3.83742 1
gene 1 19 31 -0.749263 0 93 -0.749263 1
gene 1 19 32 -0.487323 0 94 -0.487323 1
gene 1 19 33 1.53416 0 95 1.53416 1
gene 1 20 29 -2.01048 0 96 -2.01048 1
gene 1 20 30 -1.01143 0 97 -1.01143 1
gene 1 20 31 0.275891 0 98 0.275891 1
gene 1 20 32 -1.79741 0 99 -1.79741 1
gene 1 20 33 -0.568751 0 100 -0.568751 1
gene 1 21 29 0.456384 0 101 0.456384 1
gene 1 21 30 3.37547 0 102 3.37547 1
gene 1 21 31 -4.35124 0 103 -4.35124 1
gene 1 21 32 4.48492 0 104 4.48492 1
gene 1 21 33 -1.04303 0 105 -1.04303 1
gene 1 22 29 1.39948 0 106 1.39948 1
gene 1 22 30 0.686308 0 107 0.686308 1
gene 1 22 31 -0.745274 0 108 -0.745274 1
gene 1 22 32 3.1426 0 109 3.1426 1
gene 1 22 33 1.23025 0 110 1.23025 1
gene 1 23 29 -1.26162 0 111 -1.26162 1
gene 1 23 30 -0.763759 0 112 -0.763759 1
gene 1 23 31 -0.0416285 0 113 -0.0416285 1
gene 1 23 32 -1.11742 0 114 -1.11742 1
gene 1 23 33 1.07237 0 115 1.07237 1
gene 1 24 29 0.440576 0 116 0.440576 1
gene 1 24 30 -2.66291 0 117 -2.66291 1
gene 1 24 31 -1.29488 0 118 -1.29488 1
gene 1 24 32 -0.869131 0 119 -0.869131 1
gene 1 24 33 0.221499 0 120 0.221499 1
gene 1 25 29 4.30447 0 121 4.30447 1
gene 1 25 30 0.092914 0 122 0.092914 1
gene 1 25 31 0.951675 0 123 0.951675 1
gene 1 25 32 0.79236 0 124 0.79236 1
gene 1 25 33 -0.223481 0 125 -0.223481 1
gene 1 26 29 -0.647479 0 126 -0.647479 1
gene 1 26 30 -1.81413 0 127 -1.81413 1
gene 1 26 31 0.689724 0 128 0.689724 1
gene 1 26 32 -1.50412 0 129 -1.50412 1
gene 1 26 33 0.00682045 0 130 0.00682045 1
gene 1 27 29 1.31553 0 131 1.31553 1
gene 1 27 30 -0.500751 0 132 -0.500751 1
gene 1 27 31 -1.02376 0 133 -1.02376 1
gene 1 27 32 -0.608793 0 134 -0.608793 1
gene 1 27 33 -1.33023 0 135 -1.33023 1
gene 1 28 29 0.690299 0 136 0.690299 1
gene 1 28 30 0.356912 0 137 0.356912 1
gene 1 28 31 -3.66343 0 138 -3.66343 1
gene 1 28 32 -2.26048 0 139 -2.26048 1
gene 1 28 33 -0.045183 0 140 -0.045183 1
genomeend 6


