/* Organism #1 Fitness: 17492.902000 Time: 0 */
genomestart 1
trait 1 0.000000 0.000000 0.000000 1.000000 0.000000 0.195883 0.124263 0.000000 
node 1 1 1 1
node 2 1 1 1
node 3 1 1 1
node 4 1 1 1
node 5 1 1 1
node 6 1 1 1
node 7 1 1 1
node 8 1 1 1
node 9 1 1 1
node 10 1 1 1
node 11 1 1 1
node 12 1 1 1
node 13 1 1 1
node 14 1 1 1
node 15 1 1 1
node 16 1 1 1
node 17 1 1 1
node 18 1 1 1
node 19 1 1 1
node 20 1 1 1
node 21 1 1 1
node 22 1 1 1
node 23 1 1 1
node 24 1 1 1
node 25 1 1 1
node 26 1 1 1
node 27 1 1 1
node 28 1 1 1
node 29 1 1 1
node 30 1 1 1
node 31 1 1 1
node 32 1 1 1
node 33 1 1 1
node 34 1 1 1
node 35 1 1 3
node 36 1 0 2
node 37 1 0 2
node 38 1 0 2
node 39 1 0 2
gene 1 1 36 -0.37408 0 1 -0.37408 1
gene 1 1 37 -4.91244 0 2 -4.91244 1
gene 1 1 38 1.39681 0 3 1.39681 1
gene 1 1 39 -1.29115 0 4 -1.29115 1
gene 1 2 36 0.741817 0 5 0.741817 1
gene 1 2 37 1.05331 0 6 1.05331 1
gene 1 2 38 -3.09197 0 7 -3.09197 1
gene 1 2 39 -3.2393 0 8 -3.2393 1
gene 1 3 36 -1.13375 0 9 -1.13375 1
gene 1 3 37 -1.07928 0 10 -1.07928 1
gene 1 3 38 -3.8335 0 11 -3.8335 1
gene 1 3 39 -1.36608 0 12 -1.36608 1
gene 1 4 36 3.8642 0 13 3.8642 1
gene 1 4 37 5 0 14 5 1
gene 1 4 38 1.43592 0 15 1.43592 1
gene 1 4 39 0.602284 0 16 0.602284 1
gene 1 5 36 -0.430124 0 17 -0.430124 1
gene 1 5 37 1.28451 0 18 1.28451 1
gene 1 5 38 -3.322 0 19 -3.322 1
gene 1 5 39 0.00638707 0 20 0.00638707 1
gene 1 6 36 1.04736 0 21 1.04736 1
gene 1 6 37 -2.86304 0 22 -2.86304 1
gene 1 6 38 -0.867011 0 23 -0.867011 1
gene 1 6 39 -0.105962 0 24 -0.105962 1
gene 1 7 36 -5 0 25 -5 1
gene 1 7 37 -1.12263 0 26 -1.12263 1
gene 1 7 38 -0.463129 0 27 -0.463129 1
gene 1 7 39 0.292484 0 28 0.292484 1
gene 1 8 36 -3.85281 0 29 -3.85281 1
gene 1 8 37 1.02192 0 30 1.02192 1
gene 1 8 38 -2.34922 0 31 -2.34922 1
gene 1 8 39 -1.99757 0 32 -1.99757 1
gene 1 9 36 3.94309 0 33 3.94309 1
gene 1 9 37 -2.44015 0 34 -2.44015 1
gene 1 9 38 -4.93732 0 35 -4.93732 1
gene 1 9 39 -2.14159 0 36 -2.14159 1
gene 1 10 36 -2.47818 0 37 -2.47818 1
gene 1 10 37 -0.846834 0 38 -0.846834 1
gene 1 10 38 4.3764 0 39 4.3764 1
gene 1 10 39 -3.65368 0 40 -3.65368 1
gene 1 11 36 3.71843 0 41 3.71843 1
gene 1 11 37 -5 0 42 -5 1
gene 1 11 38 -2.52904 0 43 -2.52904 1
gene 1 11 39 2.63768 0 44 2.63768 1
gene 1 12 36 1.41802 0 45 1.41802 1
gene 1 12 37 0.210006 0 46 0.210006 1
gene 1 12 38 0.229242 0 47 0.229242 1
gene 1 12 39 -3.0034 0 48 -3.0034 1
gene 1 13 36 -5 0 49 -5 1
gene 1 13 37 4.45716 0 50 4.45716 1
gene 1 13 38 -0.994107 0 51 -0.994107 1
gene 1 13 39 0.982066 0 52 0.982066 1
gene 1 14 36 4.23115 0 53 4.23115 1
gene 1 14 37 2.06972 0 54 2.06972 1
gene 1 14 38 0.0961 0 55 0.0961 1
gene 1 14 39 -2.0429 0 56 -2.0429 1
gene 1 15 36 3.82648 0 57 3.82648 1
gene 1 15 37 -1.46146 0 58 -1.46146 1
gene 1 15 38 0.293931 0 59 0.293931 1
gene 1 15 39 -4.38671 0 60 -4.38671 1
gene 1 16 36 4.44826 0 61 4.44826 1
gene 1 16 37 -0.639774 0 62 -0.639774 1
gene 1 16 38 -0.640137 0 63 -0.640137 1
gene 1 16 39 -0.523317 0 64 -0.523317 1
gene 1 17 36 -1.21331 0 65 -1.21331 1
gene 1 17 37 2.18061 0 66 2.18061 1
gene 1 17 38 -3.69914 0 67 -3.69914 1
gene 1 17 39 3.22402 0 68 3.22402 1
gene 1 18 36 -4.37323 0 69 -4.37323 1
gene 1 18 37 -3.53792 0 70 -3.53792 1
gene 1 18 38 0.984966 0 71 0.984966 1
gene 1 18 39 0.422503 0 72 0.422503 1
gene 1 19 36 -0.103969 0 73 -0.103969 1
gene 1 19 37 0.340986 0 74 0.340986 1
gene 1 19 38 -1.44166 0 75 -1.44166 1
gene 1 19 39 4.97843 0 76 4.97843 1
gene 1 20 36 0.0285454 0 77 0.0285454 1
gene 1 20 37 0.777304 0 78 0.777304 1
gene 1 20 38 0.253133 0 79 0.253133 1
gene 1 20 39 0.904483 0 80 0.904483 1
gene 1 21 36 0.743968 0 81 0.743968 1
gene 1 21 37 -2.40532 0 82 -2.40532 1
gene 1 21 38 -3.74139 0 83 -3.74139 1
gene 1 21 39 -0.205468 0 84 -0.205468 1
gene 1 22 36 -0.301821 0 85 -0.301821 1
gene 1 22 37 -1.87154 0 86 -1.87154 1
gene 1 22 38 0.659263 0 87 0.659263 1
gene 1 22 39 -3.82667 0 88 -3.82667 1
gene 1 23 36 -0.552911 0 89 -0.552911 1
gene 1 23 37 -4.03419 0 90 -4.03419 1
gene 1 23 38 2.53748 0 91 2.53748 1
gene 1 23 39 0.40229 0 92 0.40229 1
gene 1 24 36 -0.28682 0 93 -0.28682 1
gene 1 24 37 4.34983 0 94 4.34983 1
gene 1 24 38 2.84535 0 95 2.84535 1
gene 1 24 39 2.4611 0 96 2.4611 1
gene 1 25 36 5 0 97 5 1
gene 1 25 37 3.89513 0 98 3.89513 1
gene 1 25 38 1.70839 0 99 1.70839 1
gene 1 25 39 -3.67268 0 100 -3.67268 1
gene 1 26 36 -2.024 0 101 -2.024 1
gene 1 26 37 3.1859 0 102 3.1859 1
gene 1 26 38 -0.309937 0 103 -0.309937 1
gene 1 26 39 -3.68149 0 104 -3.68149 1
gene 1 27 36 2.90705 0 105 2.90705 1
gene 1 27 37 -0.287405 0 106 -0.287405 1
gene 1 27 38 -0.466221 0 107 -0.466221 1
gene 1 27 39 1.11933 0 108 1.11933 1
gene 1 28 36 0.814448 0 109 0.814448 1
gene 1 28 37 -2.9923 0 110 -2.9923 1
gene 1 28 38 2.72781 0 111 2.72781 1
gene 1 28 39 0.0337702 0 112 0.0337702 1
gene 1 29 36 -0.421747 0 113 -0.421747 1
gene 1 29 37 2.25812 0 114 2.25812 1
gene 1 29 38 -0.386054 0 115 -0.386054 1
gene 1 29 39 -1.16386 0 116 -1.16386 1
gene 1 30 36 0.379207 0 117 0.379207 1
gene 1 30 37 -1.31704 0 118 -1.31704 1
gene 1 30 38 0.977789 0 119 0.977789 1
gene 1 30 39 -0.0440473 0 120 -0.0440473 1
gene 1 31 36 0.780385 0 121 0.780385 1
gene 1 31 37 0.485056 0 122 0.485056 1
gene 1 31 38 -1.50528 0 123 -1.50528 1
gene 1 31 39 0.299571 0 124 0.299571 1
gene 1 32 36 -0.339478 0 125 -0.339478 1
gene 1 32 37 0.0523383 0 126 0.0523383 1
gene 1 32 38 1.97479 0 127 1.97479 1
gene 1 32 39 -0.729936 0 128 -0.729936 1
gene 1 33 36 0.731948 0 129 0.731948 1
gene 1 33 37 -0.206116 0 130 -0.206116 1
gene 1 33 38 -0.845803 0 131 -0.845803 1
gene 1 33 39 0.100957 0 132 0.100957 1
gene 1 34 36 -0.66663 0 133 -0.66663 1
gene 1 34 37 0.838429 0 134 0.838429 1
gene 1 34 38 1.09192 0 135 1.09192 1
gene 1 34 39 0.562906 0 136 0.562906 1
gene 1 35 36 0.722345 0 137 0.722345 1
gene 1 35 37 -0.949906 0 138 -0.949906 1
gene 1 35 38 -5 0 139 -5 1
gene 1 35 39 -0.538076 0 140 -0.538076 1
genomeend 1


