/* Organism #1 Fitness: 17193.450000 Time: 0 */
genomestart 1
trait 1 0.100000 0.003919 0.000000 0.101885 0.131062 1.000000 0.000000 0.000000 
node 1 1 1 1
node 2 1 1 1
node 3 1 1 1
node 4 1 1 1
node 5 1 1 1
node 6 1 1 1
node 7 1 1 1
node 8 1 1 1
node 9 1 1 1
node 10 1 1 1
node 11 1 1 1
node 12 1 1 1
node 13 1 1 1
node 14 1 1 1
node 15 1 1 1
node 16 1 1 1
node 17 1 1 1
node 18 1 1 1
node 19 1 1 1
node 20 1 1 1
node 21 1 1 1
node 22 1 1 1
node 23 1 1 1
node 24 1 1 1
node 25 1 1 1
node 26 1 1 1
node 27 1 1 1
node 28 1 1 1
node 29 1 1 1
node 30 1 1 1
node 31 1 1 1
node 32 1 1 1
node 33 1 1 1
node 34 1 1 1
node 35 1 1 3
node 36 1 0 2
node 37 1 0 2
node 38 1 0 2
node 39 1 0 2
gene 1 1 36 3.87033 0 1 3.87033 1
gene 1 1 37 -4.70313 0 2 -4.70313 1
gene 1 1 38 0.382837 0 3 0.382837 1
gene 1 1 39 -2.31028 0 4 -2.31028 1
gene 1 2 36 1.67669 0 5 1.67669 1
gene 1 2 37 -3.01842 0 6 -3.01842 1
gene 1 2 38 -0.627475 0 7 -0.627475 1
gene 1 2 39 -3.08008 0 8 -3.08008 1
gene 1 3 36 1.01593 0 9 1.01593 1
gene 1 3 37 3.62826 0 10 3.62826 1
gene 1 3 38 0.841173 0 11 0.841173 1
gene 1 3 39 2.42326 0 12 2.42326 1
gene 1 4 36 2.84075 0 13 2.84075 1
gene 1 4 37 2.54699 0 14 2.54699 1
gene 1 4 38 -0.793505 0 15 -0.793505 1
gene 1 4 39 3.48618 0 16 3.48618 1
gene 1 5 36 0.857055 0 17 0.857055 1
gene 1 5 37 0.520188 0 18 0.520188 1
gene 1 5 38 4.27899 0 19 4.27899 1
gene 1 5 39 -2.21084 0 20 -2.21084 1
gene 1 6 36 -2.52967 0 21 -2.52967 1
gene 1 6 37 -2.26989 0 22 -2.26989 1
gene 1 6 38 2.36484 0 23 2.36484 1
gene 1 6 39 -2.59122 0 24 -2.59122 1
gene 1 7 36 -2.10893 0 25 -2.10893 1
gene 1 7 37 2.98395 0 26 2.98395 1
gene 1 7 38 -0.0822659 0 27 -0.0822659 1
gene 1 7 39 1.05557 0 28 1.05557 1
gene 1 8 36 1.85288 0 29 1.85288 1
gene 1 8 37 -2.2354 0 30 -2.2354 1
gene 1 8 38 -1.08939 0 31 -1.08939 1
gene 1 8 39 0.375991 0 32 0.375991 1
gene 1 9 36 -0.266585 0 33 -0.266585 1
gene 1 9 37 4.78234 0 34 4.78234 1
gene 1 9 38 0.683891 0 35 0.683891 1
gene 1 9 39 0.486837 0 36 0.486837 1
gene 1 10 36 -1.86185 0 37 -1.86185 1
gene 1 10 37 0.118107 0 38 0.118107 1
gene 1 10 38 2.92342 0 39 2.92342 1
gene 1 10 39 -1.80386 0 40 -1.80386 1
gene 1 11 36 4.0195 0 41 4.0195 1
gene 1 11 37 0.462329 0 42 0.462329 1
gene 1 11 38 -0.366646 0 43 -0.366646 1
gene 1 11 39 2.83629 0 44 2.83629 1
gene 1 12 36 4.57602 0 45 4.57602 1
gene 1 12 37 -2.54614 0 46 -2.54614 1
gene 1 12 38 -0.144837 0 47 -0.144837 1
gene 1 12 39 -1.6055 0 48 -1.6055 1
gene 1 13 36 1.55682 0 49 1.55682 1
gene 1 13 37 -2.70616 0 50 -2.70616 1
gene 1 13 38 -4.12898 0 51 -4.12898 1
gene 1 13 39 -4.32507 0 52 -4.32507 1
gene 1 14 36 -3.06246 0 53 -3.06246 1
gene 1 14 37 -0.0950957 0 54 -0.0950957 1
gene 1 14 38 1.87536 0 55 1.87536 1
gene 1 14 39 -0.662301 0 56 -0.662301 1
gene 1 15 36 -4.86692 0 57 -4.86692 1
gene 1 15 37 -1.68412 0 58 -1.68412 1
gene 1 15 38 -1.6616 0 59 -1.6616 1
gene 1 15 39 0.978853 0 60 0.978853 1
gene 1 16 36 2.26762 0 61 2.26762 1
gene 1 16 37 2.1277 0 62 2.1277 1
gene 1 16 38 -1.55673 0 63 -1.55673 1
gene 1 16 39 -2.07044 0 64 -2.07044 1
gene 1 17 36 0.0850895 0 65 0.0850895 1
gene 1 17 37 -0.956803 0 66 -0.956803 1
gene 1 17 38 -2.23816 0 67 -2.23816 1
gene 1 17 39 1.22766 0 68 1.22766 1
gene 1 18 36 3.06781 0 69 3.06781 1
gene 1 18 37 2.78809 0 70 2.78809 1
gene 1 18 38 -5 0 71 -5 1
gene 1 18 39 0.464244 0 72 0.464244 1
gene 1 19 36 -1.49872 0 73 -1.49872 1
gene 1 19 37 -1.70917 0 74 -1.70917 1
gene 1 19 38 0.604416 0 75 0.604416 1
gene 1 19 39 -5 0 76 -5 1
gene 1 20 36 1.90238 0 77 1.90238 1
gene 1 20 37 2.47576 0 78 2.47576 1
gene 1 20 38 -4.20628 0 79 -4.20628 1
gene 1 20 39 0.847038 0 80 0.847038 1
gene 1 21 36 -3.83158 0 81 -3.83158 1
gene 1 21 37 0.493139 0 82 0.493139 1
gene 1 21 38 -4.91307 0 83 -4.91307 1
gene 1 21 39 3.86009 0 84 3.86009 1
gene 1 22 36 -2.61912 0 85 -2.61912 1
gene 1 22 37 -1.02349 0 86 -1.02349 1
gene 1 22 38 -1.46763 0 87 -1.46763 1
gene 1 22 39 0.695796 0 88 0.695796 1
gene 1 23 36 -1.62377 0 89 -1.62377 1
gene 1 23 37 1.26584 0 90 1.26584 1
gene 1 23 38 -0.69907 0 91 -0.69907 1
gene 1 23 39 -2.09324 0 92 -2.09324 1
gene 1 24 36 0.675365 0 93 0.675365 1
gene 1 24 37 -0.842185 0 94 -0.842185 1
gene 1 24 38 3.13128 0 95 3.13128 1
gene 1 24 39 0.802238 0 96 0.802238 1
gene 1 25 36 -4.32211 0 97 -4.32211 1
gene 1 25 37 4.01827 0 98 4.01827 1
gene 1 25 38 1.12392 0 99 1.12392 1
gene 1 25 39 -1.84261 0 100 -1.84261 1
gene 1 26 36 -2.97769 0 101 -2.97769 1
gene 1 26 37 -2.45806 0 102 -2.45806 1
gene 1 26 38 0.182439 0 103 0.182439 1
gene 1 26 39 -1.34088 0 104 -1.34088 1
gene 1 27 36 1.87941 0 105 1.87941 1
gene 1 27 37 1.98508 0 106 1.98508 1
gene 1 27 38 0.377617 0 107 0.377617 1
gene 1 27 39 -0.930206 0 108 -0.930206 1
gene 1 28 36 -3.20627 0 109 -3.20627 1
gene 1 28 37 0.108912 0 110 0.108912 1
gene 1 28 38 2.57096 0 111 2.57096 1
gene 1 28 39 -0.302444 0 112 -0.302444 1
gene 1 29 36 -0.245304 0 113 -0.245304 1
gene 1 29 37 -0.331945 0 114 -0.331945 1
gene 1 29 38 -0.996175 0 115 -0.996175 1
gene 1 29 39 -0.147346 0 116 -0.147346 1
gene 1 30 36 -0.201853 0 117 -0.201853 1
gene 1 30 37 -0.0641788 0 118 -0.0641788 1
gene 1 30 38 -4.13627 0 119 -4.13627 1
gene 1 30 39 -0.530356 0 120 -0.530356 1
gene 1 31 36 0.223264 0 121 0.223264 1
gene 1 31 37 -0.486965 0 122 -0.486965 1
gene 1 31 38 -0.572935 0 123 -0.572935 1
gene 1 31 39 2.00348 0 124 2.00348 1
gene 1 32 36 0.552094 0 125 0.552094 1
gene 1 32 37 -0.516654 0 126 -0.516654 1
gene 1 32 38 1.09213 0 127 1.09213 1
gene 1 32 39 -0.781761 0 128 -0.781761 1
gene 1 33 36 0.147367 0 129 0.147367 1
gene 1 33 37 0.0278832 0 130 0.0278832 1
gene 1 33 38 0.882384 0 131 0.882384 1
gene 1 33 39 0.416091 0 132 0.416091 1
gene 1 34 36 -0.639174 0 133 -0.639174 1
gene 1 34 37 0.25483 0 134 0.25483 1
gene 1 34 38 0.111211 0 135 0.111211 1
gene 1 34 39 -1.14147 0 136 -1.14147 1
gene 1 35 36 1.73543 0 137 1.73543 1
gene 1 35 37 -0.52779 0 138 -0.52779 1
gene 1 35 38 0.949938 0 139 0.949938 1
gene 1 35 39 0.865721 0 140 0.865721 1
genomeend 1


