/* Organism #0 Fitness: 17077.724000 Time: 0 */
genomestart 0
trait 1 0.100000 0.000000 0.000000 0.000000 0.000000 0.000000 0.000000 0.000000 
node 1 1 1 1
node 2 1 1 1
node 3 1 1 1
node 4 1 1 1
node 5 1 1 1
node 6 1 1 1
node 7 1 1 1
node 8 1 1 1
node 9 1 1 1
node 10 1 1 1
node 11 1 1 1
node 12 1 1 1
node 13 1 1 1
node 14 1 1 1
node 15 1 1 1
node 16 1 1 1
node 17 1 1 1
node 18 1 1 1
node 19 1 1 1
node 20 1 1 1
node 21 1 1 1
node 22 1 1 1
node 23 1 1 1
node 24 1 1 1
node 25 1 1 1
node 26 1 1 3
node 27 1 0 2
node 28 1 0 2
node 29 1 0 2
gene 1 1 27 -0.10764 0 1 -0.10764 1
gene 1 1 28 -3.00172 0 2 -3.00172 1
gene 1 1 29 -4.69386 0 3 -4.69386 1
gene 1 2 27 2.87906 0 4 2.87906 1
gene 1 2 28 -0.999946 0 5 -0.999946 1
gene 1 2 29 -1.2777 0 6 -1.2777 1
gene 1 3 27 -4.98556 0 7 -4.98556 1
gene 1 3 28 4.0894 0 8 4.0894 1
gene 1 3 29 -1.83157 0 9 -1.83157 1
gene 1 4 27 2.53685 0 10 2.53685 1
gene 1 4 28 4.55988 0 11 4.55988 1
gene 1 4 29 -0.72735 0 12 -0.72735 1
gene 1 5 27 -0.732021 0 13 -0.732021 1
gene 1 5 28 0.741777 0 14 0.741777 1
gene 1 5 29 -2.39817 0 15 -2.39817 1
gene 1 6 27 1.38795 0 16 1.38795 1
gene 1 6 28 3.83488 0 17 3.83488 1
gene 1 6 29 -2.96623 0 18 -2.96623 1
gene 1 7 27 0.746458 0 19 0.746458 1
gene 1 7 28 -2.20165 0 20 -2.20165 1
gene 1 7 29 -1.15177 0 21 -1.15177 1
gene 1 8 27 3.00146 0 22 3.00146 1
gene 1 8 28 -3.86157 0 23 -3.86157 1
gene 1 8 29 1.13213 0 24 1.13213 1
gene 1 9 27 -2.76688 0 25 -2.76688 1
gene 1 9 28 -2.53245 0 26 -2.53245 1
gene 1 9 29 1.15396 0 27 1.15396 1
gene 1 10 27 -1.68646 0 28 -1.68646 1
gene 1 10 28 -3.40626 0 29 -3.40626 1
gene 1 10 29 -0.848743 0 30 -0.848743 1
gene 1 11 27 0.0804621 0 31 0.0804621 1
gene 1 11 28 -1.28286 0 32 -1.28286 1
gene 1 11 29 -1.53009 0 33 -1.53009 1
gene 1 12 27 -0.381364 0 34 -0.381364 1
gene 1 12 28 -0.683046 0 35 -0.683046 1
gene 1 12 29 1.24815 0 36 1.24815 1
gene 1 13 27 -1.1047 0 37 -1.1047 1
gene 1 13 28 1.3565 0 38 1.3565 1
gene 1 13 29 -0.799218 0 39 -0.799218 1
gene 1 14 27 1.36401 0 40 1.36401 1
gene 1 14 28 0.257421 0 41 0.257421 1
gene 1 14 29 1.97459 0 42 1.97459 1
gene 1 15 27 2.92132 0 43 2.92132 1
gene 1 15 28 1.0968 0 44 1.0968 1
gene 1 15 29 0.126039 0 45 0.126039 1
gene 1 16 27 -3.03584 0 46 -3.03584 1
gene 1 16 28 0.667909 0 47 0.667909 1
gene 1 16 29 1.38507 0 48 1.38507 1
gene 1 17 27 -4.07572 0 49 -4.07572 1
gene 1 17 28 1.49355 0 50 1.49355 1
gene 1 17 29 -5 0 51 -5 1
gene 1 18 27 1.00553 0 52 1.00553 1
gene 1 18 28 -1.36939 0 53 -1.36939 1
gene 1 18 29 -3.9196 0 54 -3.9196 1
gene 1 19 27 0.140656 0 55 0.140656 1
gene 1 19 28 -1.57263 0 56 -1.57263 1
gene 1 19 29 0.495382 0 57 0.495382 1
gene 1 20 27 -2.99998 0 58 -2.99998 1
gene 1 20 28 0.169421 0 59 0.169421 1
gene 1 20 29 1.68022 0 60 1.68022 1
gene 1 21 27 1.12728 0 61 1.12728 1
gene 1 21 28 3.74554 0 62 3.74554 1
gene 1 21 29 3.19469 0 63 3.19469 1
gene 1 22 27 -1.55226 0 64 -1.55226 1
gene 1 22 28 1.18612 0 65 1.18612 1
gene 1 22 29 0.495479 0 66 0.495479 1
gene 1 23 27 -0.424089 0 67 -0.424089 1
gene 1 23 28 0.402486 0 68 0.402486 1
gene 1 23 29 -0.298498 0 69 -0.298498 1
gene 1 24 27 -0.662264 0 70 -0.662264 1
gene 1 24 28 0.206504 0 71 0.206504 1
gene 1 24 29 -0.17396 0 72 -0.17396 1
gene 1 25 27 2.21355 0 73 2.21355 1
gene 1 25 28 0.610757 0 74 0.610757 1
gene 1 25 29 0.700296 0 75 0.700296 1
gene 1 26 27 -1.12232 0 76 -1.12232 1
gene 1 26 28 -0.549899 0 77 -0.549899 1
gene 1 26 29 0.131309 0 78 0.131309 1
genomeend 0


