/* Organism #1 Fitness: 16065.390000 Time: 0 */
genomestart 1
trait 1 0.581002 0.045515 0.000000 0.000000 0.378538 0.703673 0.919181 0.169808 
node 1 1 1 1
node 2 1 1 1
node 3 1 1 1
node 4 1 1 1
node 5 1 1 1
node 6 1 1 1
node 7 1 1 1
node 8 1 1 1
node 9 1 1 1
node 10 1 1 1
node 11 1 1 1
node 12 1 1 1
node 13 1 1 1
node 14 1 1 1
node 15 1 1 1
node 16 1 1 1
node 17 1 1 1
node 18 1 1 1
node 19 1 1 1
node 20 1 1 1
node 21 1 1 1
node 22 1 1 1
node 23 1 1 1
node 24 1 1 1
node 25 1 1 1
node 26 1 1 3
node 27 1 0 2
node 28 1 0 2
node 29 1 0 2
gene 1 1 27 -2.23619 0 1 -2.23619 1
gene 1 1 28 1.72083 0 2 1.72083 1
gene 1 1 29 -1.00266 0 3 -1.00266 1
gene 1 2 27 -4.36091 0 4 -4.36091 1
gene 1 2 28 3.50815 0 5 3.50815 1
gene 1 2 29 -0.541837 0 6 -0.541837 1
gene 1 3 27 -0.585727 0 7 -0.585727 1
gene 1 3 28 2.48322 0 8 2.48322 1
gene 1 3 29 -2.64014 0 9 -2.64014 1
gene 1 4 27 0.835627 0 10 0.835627 1
gene 1 4 28 0.097812 0 11 0.097812 1
gene 1 4 29 2.00074 0 12 2.00074 1
gene 1 5 27 -0.575386 0 13 -0.575386 1
gene 1 5 28 0.9283 0 14 0.9283 1
gene 1 5 29 3.15332 0 15 3.15332 1
gene 1 6 27 -1.39846 0 16 -1.39846 1
gene 1 6 28 1.34363 0 17 1.34363 1
gene 1 6 29 -0.384264 0 18 -0.384264 1
gene 1 7 27 -0.0285766 0 19 -0.0285766 1
gene 1 7 28 -3.7975 0 20 -3.7975 1
gene 1 7 29 1.12002 0 21 1.12002 1
gene 1 8 27 -4.83607 0 22 -4.83607 1
gene 1 8 28 -2.99301 0 23 -2.99301 1
gene 1 8 29 -1.10773 0 24 -1.10773 1
gene 1 9 27 -4.56289 0 25 -4.56289 1
gene 1 9 28 5 0 26 5 1
gene 1 9 29 0.450591 0 27 0.450591 1
gene 1 10 27 -4.42698 0 28 -4.42698 1
gene 1 10 28 0.939097 0 29 0.939097 1
gene 1 10 29 2.5899 0 30 2.5899 1
gene 1 11 27 2.43425 0 31 2.43425 1
gene 1 11 28 -1.29588 0 32 -1.29588 1
gene 1 11 29 0.344826 0 33 0.344826 1
gene 1 12 27 4.594 0 34 4.594 1
gene 1 12 28 -4.1687 0 35 -4.1687 1
gene 1 12 29 2.2648 0 36 2.2648 1
gene 1 13 27 5 0 37 5 1
gene 1 13 28 0.0820986 0 38 0.0820986 1
gene 1 13 29 2.12767 0 39 2.12767 1
gene 1 14 27 -4.37762 0 40 -4.37762 1
gene 1 14 28 2.15351 0 41 2.15351 1
gene 1 14 29 1.30848 0 42 1.30848 1
gene 1 15 27 -4.44011 0 43 -4.44011 1
gene 1 15 28 5 0 44 5 1
gene 1 15 29 4.12132 0 45 4.12132 1
gene 1 16 27 -3.86226 0 46 -3.86226 1
gene 1 16 28 4.33782 0 47 4.33782 1
gene 1 16 29 1.54527 0 48 1.54527 1
gene 1 17 27 0.334396 0 49 0.334396 1
gene 1 17 28 -4.09962 0 50 -4.09962 1
gene 1 17 29 4.87091 0 51 4.87091 1
gene 1 18 27 -4.89574 0 52 -4.89574 1
gene 1 18 28 -3.10815 0 53 -3.10815 1
gene 1 18 29 -1.04783 0 54 -1.04783 1
gene 1 19 27 -2.05355 0 55 -2.05355 1
gene 1 19 28 -0.826087 0 56 -0.826087 1
gene 1 19 29 -4.21301 0 57 -4.21301 1
gene 1 20 27 1.39668 0 58 1.39668 1
gene 1 20 28 -0.145644 0 59 -0.145644 1
gene 1 20 29 -2.69996 0 60 -2.69996 1
gene 1 21 27 -2.52908 0 61 -2.52908 1
gene 1 21 28 1.24672 0 62 1.24672 1
gene 1 21 29 2.14723 0 63 2.14723 1
gene 1 22 27 0.919505 0 64 0.919505 1
gene 1 22 28 -1.01605 0 65 -1.01605 1
gene 1 22 29 0.320336 0 66 0.320336 1
gene 1 23 27 0.0400215 0 67 0.0400215 1
gene 1 23 28 1.2646 0 68 1.2646 1
gene 1 23 29 -0.502516 0 69 -0.502516 1
gene 1 24 27 -0.931858 0 70 -0.931858 1
gene 1 24 28 0.196647 0 71 0.196647 1
gene 1 24 29 1.68037 0 72 1.68037 1
gene 1 25 27 0.159543 0 73 0.159543 1
gene 1 25 28 -0.683531 0 74 -0.683531 1
gene 1 25 29 -0.417112 0 75 -0.417112 1
gene 1 26 27 -0.677461 0 76 -0.677461 1
gene 1 26 28 0.876734 0 77 0.876734 1
gene 1 26 29 -1.93725 0 78 -1.93725 1
genomeend 1


