/* Organism #64 Fitness: 13263.956000 Time: 0 */
genomestart 64
trait 1 0.661983 1.000000 0.379637 0.000000 1.000000 0.000000 0.228163 0.022441 
node 1 1 1 1
node 2 1 1 1
node 3 1 1 1
node 4 1 1 1
node 5 1 1 1
node 6 1 1 1
node 7 1 1 1
node 8 1 1 1
node 9 1 1 1
node 10 1 1 1
node 11 1 1 1
node 12 1 1 1
node 13 1 1 1
node 14 1 1 1
node 15 1 1 1
node 16 1 1 1
node 17 1 1 1
node 18 1 1 1
node 19 1 1 1
node 20 1 1 1
node 21 1 1 1
node 22 1 1 1
node 23 1 1 1
node 24 1 1 1
node 25 1 1 1
node 26 1 1 3
node 27 1 0 2
node 28 1 0 2
node 29 1 0 2
gene 1 1 27 2.39979 0 1 2.39979 1
gene 1 1 28 -0.36964 0 2 -0.36964 1
gene 1 1 29 1.06653 0 3 1.06653 1
gene 1 2 27 -0.520605 0 4 -0.520605 1
gene 1 2 28 -2.17517 0 5 -2.17517 1
gene 1 2 29 -1.38399 0 6 -1.38399 1
gene 1 3 27 -0.737276 0 7 -0.737276 1
gene 1 3 28 -1.20428 0 8 -1.20428 1
gene 1 3 29 1.93498 0 9 1.93498 1
gene 1 4 27 1.32551 0 10 1.32551 1
gene 1 4 28 0.855215 0 11 0.855215 1
gene 1 4 29 -0.86402 0 12 -0.86402 1
gene 1 5 27 0.00610741 0 13 0.00610741 1
gene 1 5 28 -4.27145 0 14 -4.27145 1
gene 1 5 29 -2.08821 0 15 -2.08821 1
gene 1 6 27 0.694685 0 16 0.694685 1
gene 1 6 28 -0.961928 0 17 -0.961928 1
gene 1 6 29 -1.96362 0 18 -1.96362 1
gene 1 7 27 -1.43767 0 19 -1.43767 1
gene 1 7 28 3.08699 0 20 3.08699 1
gene 1 7 29 0.805596 0 21 0.805596 1
gene 1 8 27 -1.14139 0 22 -1.14139 1
gene 1 8 28 -2.85803 0 23 -2.85803 1
gene 1 8 29 -0.880965 0 24 -0.880965 1
gene 1 9 27 -0.744283 0 25 -0.744283 1
gene 1 9 28 -1.94585 0 26 -1.94585 1
gene 1 9 29 -1.28536 0 27 -1.28536 1
gene 1 10 27 -3.15161 0 28 -3.15161 1
gene 1 10 28 1.37336 0 29 1.37336 1
gene 1 10 29 0.563336 0 30 0.563336 1
gene 1 11 27 1.88926 0 31 1.88926 1
gene 1 11 28 4.53761 0 32 4.53761 1
gene 1 11 29 0.897213 0 33 0.897213 1
gene 1 12 27 4.09964 0 34 4.09964 1
gene 1 12 28 1.4279 0 35 1.4279 1
gene 1 12 29 0.699097 0 36 0.699097 1
gene 1 13 27 -0.700079 0 37 -0.700079 1
gene 1 13 28 -0.77819 0 38 -0.77819 1
gene 1 13 29 1.31529 0 39 1.31529 1
gene 1 14 27 -1.35602 0 40 -1.35602 1
gene 1 14 28 -3.14239 0 41 -3.14239 1
gene 1 14 29 2.607 0 42 2.607 1
gene 1 15 27 1.12872 0 43 1.12872 1
gene 1 15 28 -2.56751 0 44 -2.56751 1
gene 1 15 29 0.501909 0 45 0.501909 1
gene 1 16 27 -1.07489 0 46 -1.07489 1
gene 1 16 28 4.46657 0 47 4.46657 1
gene 1 16 29 -2.92793 0 48 -2.92793 1
gene 1 17 27 0.857625 0 49 0.857625 1
gene 1 17 28 2.90784 0 50 2.90784 1
gene 1 17 29 -0.233728 0 51 -0.233728 1
gene 1 18 27 -0.0452526 0 52 -0.0452526 1
gene 1 18 28 0.163374 0 53 0.163374 1
gene 1 18 29 -0.5381 0 54 -0.5381 1
gene 1 19 27 2.95949 0 55 2.95949 1
gene 1 19 28 0.450485 0 56 0.450485 1
gene 1 19 29 1.32331 0 57 1.32331 1
gene 1 20 27 -0.191789 0 58 -0.191789 1
gene 1 20 28 -0.85726 0 59 -0.85726 1
gene 1 20 29 1.51794 0 60 1.51794 1
gene 1 21 27 -0.603068 0 61 -0.603068 1
gene 1 21 28 1.51241 0 62 1.51241 1
gene 1 21 29 0.751261 0 63 0.751261 1
gene 1 22 27 -0.967587 0 64 -0.967587 1
gene 1 22 28 -0.778103 0 65 -0.778103 1
gene 1 22 29 1.64246 0 66 1.64246 1
gene 1 23 27 -0.964478 0 67 -0.964478 1
gene 1 23 28 -0.428275 0 68 -0.428275 1
gene 1 23 29 0.283946 0 69 0.283946 1
gene 1 24 27 -0.39296 0 70 -0.39296 1
gene 1 24 28 0.648875 0 71 0.648875 1
gene 1 24 29 0.798719 0 72 0.798719 1
gene 1 25 27 -0.201848 0 73 -0.201848 1
gene 1 25 28 -0.800219 0 74 -0.800219 1
gene 1 25 29 0.388147 0 75 0.388147 1
gene 1 26 27 0.0095237 0 76 0.0095237 1
gene 1 26 28 -0.125864 0 77 -0.125864 1
gene 1 26 29 -2.56713 0 78 -2.56713 1
genomeend 64


