/* Organism #0 Fitness: 16591.296000 Time: 0 */
genomestart 0
trait 1 0.427958 0.000000 0.819704 1.000000 0.457323 0.791737 0.771997 0.893133 
node 1 1 1 1
node 2 1 1 1
node 3 1 1 1
node 4 1 1 1
node 5 1 1 1
node 6 1 1 1
node 7 1 1 1
node 8 1 1 1
node 9 1 1 1
node 10 1 1 1
node 11 1 1 1
node 12 1 1 1
node 13 1 1 1
node 14 1 1 1
node 15 1 1 1
node 16 1 1 1
node 17 1 1 1
node 18 1 1 1
node 19 1 1 1
node 20 1 1 1
node 21 1 1 1
node 22 1 1 1
node 23 1 1 1
node 24 1 1 1
node 25 1 1 1
node 26 1 1 3
node 27 1 0 2
node 28 1 0 2
node 29 1 0 2
gene 1 1 27 -3.22799 0 1 -3.22799 1
gene 1 1 28 -4.75282 0 2 -4.75282 1
gene 1 1 29 -0.387406 0 3 -0.387406 1
gene 1 2 27 0.344276 0 4 0.344276 1
gene 1 2 28 -4.98377 0 5 -4.98377 1
gene 1 2 29 -4.44612 0 6 -4.44612 1
gene 1 3 27 2.05693 0 7 2.05693 1
gene 1 3 28 -0.164587 0 8 -0.164587 1
gene 1 3 29 -5 0 9 -5 1
gene 1 4 27 1.78678 0 10 1.78678 1
gene 1 4 28 3.24198 0 11 3.24198 1
gene 1 4 29 -0.113109 0 12 -0.113109 1
gene 1 5 27 4.38658 0 13 4.38658 1
gene 1 5 28 -3.27351 0 14 -3.27351 1
gene 1 5 29 -4.24602 0 15 -4.24602 1
gene 1 6 27 1.2086 0 16 1.2086 1
gene 1 6 28 2.61894 0 17 2.61894 1
gene 1 6 29 0.387011 0 18 0.387011 1
gene 1 7 27 4.49041 0 19 4.49041 1
gene 1 7 28 4.2384 0 20 4.2384 1
gene 1 7 29 -4.84002 0 21 -4.84002 1
gene 1 8 27 5 0 22 5 1
gene 1 8 28 -2.85593 0 23 -2.85593 1
gene 1 8 29 -2.71265 0 24 -2.71265 1
gene 1 9 27 1.1762 0 25 1.1762 1
gene 1 9 28 -2.80976 0 26 -2.80976 1
gene 1 9 29 -4.45017 0 27 -4.45017 1
gene 1 10 27 4.56995 0 28 4.56995 1
gene 1 10 28 -1.75685 0 29 -1.75685 1
gene 1 10 29 -5 0 30 -5 1
gene 1 11 27 4.94541 0 31 4.94541 1
gene 1 11 28 -3.83003 0 32 -3.83003 1
gene 1 11 29 -5 0 33 -5 1
gene 1 12 27 0.546188 0 34 0.546188 1
gene 1 12 28 4.26362 0 35 4.26362 1
gene 1 12 29 3.41108 0 36 3.41108 1
gene 1 13 27 -1.88226 0 37 -1.88226 1
gene 1 13 28 2.42986 0 38 2.42986 1
gene 1 13 29 5 0 39 5 1
gene 1 14 27 2.86625 0 40 2.86625 1
gene 1 14 28 2.35821 0 41 2.35821 1
gene 1 14 29 4.23519 0 42 4.23519 1
gene 1 15 27 2.91772 0 43 2.91772 1
gene 1 15 28 -4.58866 0 44 -4.58866 1
gene 1 15 29 -1.94627 0 45 -1.94627 1
gene 1 16 27 -2.06659 0 46 -2.06659 1
gene 1 16 28 -3.96766 0 47 -3.96766 1
gene 1 16 29 3.48462 0 48 3.48462 1
gene 1 17 27 -1.32766 0 49 -1.32766 1
gene 1 17 28 -2.42099 0 50 -2.42099 1
gene 1 17 29 0.331389 0 51 0.331389 1
gene 1 18 27 -2.85037 0 52 -2.85037 1
gene 1 18 28 0.684313 0 53 0.684313 1
gene 1 18 29 -1.42413 0 54 -1.42413 1
gene 1 19 27 -2.8982 0 55 -2.8982 1
gene 1 19 28 -3.90274 0 56 -3.90274 1
gene 1 19 29 -4.32971 0 57 -4.32971 1
gene 1 20 27 0.808505 0 58 0.808505 1
gene 1 20 28 1.72473 0 59 1.72473 1
gene 1 20 29 -4.00471 0 60 -4.00471 1
gene 1 21 27 0.684281 0 61 0.684281 1
gene 1 21 28 -1.20856 0 62 -1.20856 1
gene 1 21 29 3.10994 0 63 3.10994 1
gene 1 22 27 0.936407 0 64 0.936407 1
gene 1 22 28 -0.453374 0 65 -0.453374 1
gene 1 22 29 -0.789222 0 66 -0.789222 1
gene 1 23 27 0.434249 0 67 0.434249 1
gene 1 23 28 -1.17698 0 68 -1.17698 1
gene 1 23 29 -1.23638 0 69 -1.23638 1
gene 1 24 27 0.39182 0 70 0.39182 1
gene 1 24 28 0.967862 0 71 0.967862 1
gene 1 24 29 0.0872054 0 72 0.0872054 1
gene 1 25 27 -0.40445 0 73 -0.40445 1
gene 1 25 28 -0.769185 0 74 -0.769185 1
gene 1 25 29 0.236908 0 75 0.236908 1
gene 1 26 27 -0.0436479 0 76 -0.0436479 1
gene 1 26 28 -1.56595 0 77 -1.56595 1
gene 1 26 29 0.666713 0 78 0.666713 1
genomeend 0


