/* Organism #3 Fitness: 13422.074000 Time: 0 */
genomestart 3
trait 1 0.406528 0.000000 0.000000 0.000000 0.476961 0.903621 0.000000 0.000000 
node 1 1 1 1
node 2 1 1 1
node 3 1 1 1
node 4 1 1 1
node 5 1 1 1
node 6 1 1 1
node 7 1 1 1
node 8 1 1 1
node 9 1 1 1
node 10 1 1 1
node 11 1 1 1
node 12 1 1 1
node 13 1 1 1
node 14 1 1 1
node 15 1 1 1
node 16 1 1 1
node 17 1 1 1
node 18 1 1 1
node 19 1 1 1
node 20 1 1 1
node 21 1 1 1
node 22 1 1 1
node 23 1 1 1
node 24 1 1 1
node 25 1 1 1
node 26 1 1 3
node 27 1 0 2
node 28 1 0 2
node 29 1 0 2
gene 1 1 27 0.403673 0 1 0.403673 1
gene 1 1 28 -0.81693 0 2 -0.81693 1
gene 1 1 29 -0.181921 0 3 -0.181921 1
gene 1 2 27 1.81136 0 4 1.81136 1
gene 1 2 28 0.858548 0 5 0.858548 1
gene 1 2 29 0.728527 0 6 0.728527 1
gene 1 3 27 -0.135409 0 7 -0.135409 1
gene 1 3 28 -0.776267 0 8 -0.776267 1
gene 1 3 29 0.685562 0 9 0.685562 1
gene 1 4 27 2.58684 0 10 2.58684 1
gene 1 4 28 1.06442 0 11 1.06442 1
gene 1 4 29 1.95061 0 12 1.95061 1
gene 1 5 27 -1.02742 0 13 -1.02742 1
gene 1 5 28 -1.41711 0 14 -1.41711 1
gene 1 5 29 -0.282331 0 15 -0.282331 1
gene 1 6 27 1.33088 0 16 1.33088 1
gene 1 6 28 4.59246 0 17 4.59246 1
gene 1 6 29 -1.59233 0 18 -1.59233 1
gene 1 7 27 -1.25419 0 19 -1.25419 1
gene 1 7 28 -2.51849 0 20 -2.51849 1
gene 1 7 29 -1.30069 0 21 -1.30069 1
gene 1 8 27 0.209235 0 22 0.209235 1
gene 1 8 28 -1.60256 0 23 -1.60256 1
gene 1 8 29 1.5882 0 24 1.5882 1
gene 1 9 27 0.151688 0 25 0.151688 1
gene 1 9 28 -3.93168 0 26 -3.93168 1
gene 1 9 29 -3.57475 0 27 -3.57475 1
gene 1 10 27 -0.309033 0 28 -0.309033 1
gene 1 10 28 0.234324 0 29 0.234324 1
gene 1 10 29 3.70098 0 30 3.70098 1
gene 1 11 27 -4.74607 0 31 -4.74607 1
gene 1 11 28 0.825997 0 32 0.825997 1
gene 1 11 29 -0.282868 0 33 -0.282868 1
gene 1 12 27 -0.612184 0 34 -0.612184 1
gene 1 12 28 0.583111 0 35 0.583111 1
gene 1 12 29 -4.09336 0 36 -4.09336 1
gene 1 13 27 -0.573183 0 37 -0.573183 1
gene 1 13 28 0.22308 0 38 0.22308 1
gene 1 13 29 -1.90663 0 39 -1.90663 1
gene 1 14 27 0.366939 0 40 0.366939 1
gene 1 14 28 2.79634 0 41 2.79634 1
gene 1 14 29 -0.378057 0 42 -0.378057 1
gene 1 15 27 5 0 43 5 1
gene 1 15 28 0.166042 0 44 0.166042 1
gene 1 15 29 -0.204259 0 45 -0.204259 1
gene 1 16 27 -2.89966 0 46 -2.89966 1
gene 1 16 28 -1.27757 0 47 -1.27757 1
gene 1 16 29 3.27329 0 48 3.27329 1
gene 1 17 27 0.836646 0 49 0.836646 1
gene 1 17 28 -0.0228621 0 50 -0.0228621 1
gene 1 17 29 1.72074 0 51 1.72074 1
gene 1 18 27 1.03752 0 52 1.03752 1
gene 1 18 28 2.07418 0 53 2.07418 1
gene 1 18 29 -0.149634 0 54 -0.149634 1
gene 1 19 27 0.0536766 0 55 0.0536766 1
gene 1 19 28 2.66044 0 56 2.66044 1
gene 1 19 29 -1.1953 0 57 -1.1953 1
gene 1 20 27 -0.610075 0 58 -0.610075 1
gene 1 20 28 0.465972 0 59 0.465972 1
gene 1 20 29 0.916313 0 60 0.916313 1
gene 1 21 27 0.072487 0 61 0.072487 1
gene 1 21 28 -0.383305 0 62 -0.383305 1
gene 1 21 29 0.393032 0 63 0.393032 1
gene 1 22 27 0.474038 0 64 0.474038 1
gene 1 22 28 0.903053 0 65 0.903053 1
gene 1 22 29 1.23491 0 66 1.23491 1
gene 1 23 27 0.15924 0 67 0.15924 1
gene 1 23 28 2.22572 0 68 2.22572 1
gene 1 23 29 -4.66224 0 69 -4.66224 1
gene 1 24 27 0.572779 0 70 0.572779 1
gene 1 24 28 0.101458 0 71 0.101458 1
gene 1 24 29 -0.0376953 0 72 -0.0376953 1
gene 1 25 27 0.407547 0 73 0.407547 1
gene 1 25 28 -0.509814 0 74 -0.509814 1
gene 1 25 29 -0.83266 0 75 -0.83266 1
gene 1 26 27 -0.503879 0 76 -0.503879 1
gene 1 26 28 -1.64712 0 77 -1.64712 1
gene 1 26 29 -0.22733 0 78 -0.22733 1
genomeend 3


