/* Organism #6 Fitness: 13760.978000 Time: 0 */
genomestart 6
trait 1 1.000000 0.000000 0.628785 0.108108 0.000000 0.209961 0.000000 0.000000 
node 1 1 1 1
node 2 1 1 1
node 3 1 1 1
node 4 1 1 1
node 5 1 1 1
node 6 1 1 1
node 7 1 1 1
node 8 1 1 1
node 9 1 1 1
node 10 1 1 1
node 11 1 1 1
node 12 1 1 1
node 13 1 1 1
node 14 1 1 1
node 15 1 1 1
node 16 1 1 1
node 17 1 1 1
node 18 1 1 1
node 19 1 1 1
node 20 1 1 1
node 21 1 1 1
node 22 1 1 1
node 23 1 1 1
node 24 1 1 1
node 25 1 1 1
node 26 1 1 1
node 27 1 1 1
node 28 1 1 1
node 29 1 1 1
node 30 1 1 3
node 31 1 0 2
node 32 1 0 2
node 33 1 0 2
gene 1 1 31 1.1243 0 1 1.1243 1
gene 1 1 32 1.35126 0 2 1.35126 1
gene 1 1 33 2.98058 0 3 2.98058 1
gene 1 2 31 -2.70739 0 4 -2.70739 1
gene 1 2 32 -3.19121 0 5 -3.19121 1
gene 1 2 33 2.25379 0 6 2.25379 1
gene 1 3 31 0.574664 0 7 0.574664 1
gene 1 3 32 0.0167673 0 8 0.0167673 1
gene 1 3 33 -1.69656 0 9 -1.69656 1
gene 1 4 31 2.0653 0 10 2.0653 1
gene 1 4 32 -0.549674 0 11 -0.549674 1
gene 1 4 33 2.48732 0 12 2.48732 1
gene 1 5 31 2.46004 0 13 2.46004 1
gene 1 5 32 -0.78549 0 14 -0.78549 1
gene 1 5 33 -1.09599 0 15 -1.09599 1
gene 1 6 31 1.14699 0 16 1.14699 1
gene 1 6 32 -1.11373 0 17 -1.11373 1
gene 1 6 33 3.95107 0 18 3.95107 1
gene 1 7 31 3.23591 0 19 3.23591 1
gene 1 7 32 -0.192588 0 20 -0.192588 1
gene 1 7 33 -1.66332 0 21 -1.66332 1
gene 1 8 31 3.3388 0 22 3.3388 1
gene 1 8 32 0.541996 0 23 0.541996 1
gene 1 8 33 -3.73323 0 24 -3.73323 1
gene 1 9 31 -0.318043 0 25 -0.318043 1
gene 1 9 32 -0.330827 0 26 -0.330827 1
gene 1 9 33 1.13814 0 27 1.13814 1
gene 1 10 31 1.50329 0 28 1.50329 1
gene 1 10 32 4.1493 0 29 4.1493 1
gene 1 10 33 -0.49317 0 30 -0.49317 1
gene 1 11 31 -3.69428 0 31 -3.69428 1
gene 1 11 32 -4.7288 0 32 -4.7288 1
gene 1 11 33 3.56098 0 33 3.56098 1
gene 1 12 31 1.94789 0 34 1.94789 1
gene 1 12 32 -1.88817 0 35 -1.88817 1
gene 1 12 33 -2.29172 0 36 -2.29172 1
gene 1 13 31 0.488103 0 37 0.488103 1
gene 1 13 32 -5 0 38 -5 1
gene 1 13 33 -2.29448 0 39 -2.29448 1
gene 1 14 31 -2.11117 0 40 -2.11117 1
gene 1 14 32 -0.58481 0 41 -0.58481 1
gene 1 14 33 0.96413 0 42 0.96413 1
gene 1 15 31 -0.948065 0 43 -0.948065 1
gene 1 15 32 0.615129 0 44 0.615129 1
gene 1 15 33 -4.8085 0 45 -4.8085 1
gene 1 16 31 3.49523 0 46 3.49523 1
gene 1 16 32 -0.15069 0 47 -0.15069 1
gene 1 16 33 -0.82686 0 48 -0.82686 1
gene 1 17 31 0.958986 0 49 0.958986 1
gene 1 17 32 -1.12621 0 50 -1.12621 1
gene 1 17 33 2.64624 0 51 2.64624 1
gene 1 18 31 4.41848 0 52 4.41848 1
gene 1 18 32 1.21921 0 53 1.21921 1
gene 1 18 33 1.21262 0 54 1.21262 1
gene 1 19 31 1.55299 0 55 1.55299 1
gene 1 19 32 -2.34478 0 56 -2.34478 1
gene 1 19 33 3.04911 0 57 3.04911 1
gene 1 20 31 -2.18153 0 58 -2.18153 1
gene 1 20 32 -4.78616 0 59 -4.78616 1
gene 1 20 33 1.80399 0 60 1.80399 1
gene 1 21 31 1.36076 0 61 1.36076 1
gene 1 21 32 2.52096 0 62 2.52096 1
gene 1 21 33 -1.78075 0 63 -1.78075 1
gene 1 22 31 -3.24489 0 64 -3.24489 1
gene 1 22 32 1.82533 0 65 1.82533 1
gene 1 22 33 0.519491 0 66 0.519491 1
gene 1 23 31 -4.76015 0 67 -4.76015 1
gene 1 23 32 -1.94001 0 68 -1.94001 1
gene 1 23 33 -1.31822 0 69 -1.31822 1
gene 1 24 31 -0.0881338 0 70 -0.0881338 1
gene 1 24 32 -2.03039 0 71 -2.03039 1
gene 1 24 33 -1.83666 0 72 -1.83666 1
gene 1 25 31 1.47344 0 73 1.47344 1
gene 1 25 32 -0.482988 0 74 -0.482988 1
gene 1 25 33 0.143766 0 75 0.143766 1
gene 1 26 31 -0.225812 0 76 -0.225812 1
gene 1 26 32 -1.79453 0 77 -1.79453 1
gene 1 26 33 -1.1058 0 78 -1.1058 1
gene 1 27 31 -0.860257 0 79 -0.860257 1
gene 1 27 32 0.548396 0 80 0.548396 1
gene 1 27 33 3.42308 0 81 3.42308 1
gene 1 28 31 0.122917 0 82 0.122917 1
gene 1 28 32 -0.422101 0 83 -0.422101 1
gene 1 28 33 0.97272 0 84 0.97272 1
gene 1 29 31 -1.51632 0 85 -1.51632 1
gene 1 29 32 -0.91106 0 86 -0.91106 1
gene 1 29 33 0.707347 0 87 0.707347 1
gene 1 30 31 -4.00313 0 88 -4.00313 1
gene 1 30 32 -0.110289 0 89 -0.110289 1
gene 1 30 33 -0.393855 0 90 -0.393855 1
genomeend 6


