/* Organism #3 Fitness: 20285.820000 Time: 0 */
genomestart 3
trait 1 0.360687 0.000000 0.483312 1.000000 0.000000 1.000000 0.472108 0.000000 
node 1 1 1 1
node 2 1 1 1
node 3 1 1 1
node 4 1 1 1
node 5 1 1 1
node 6 1 1 1
node 7 1 1 1
node 8 1 1 1
node 9 1 1 1
node 10 1 1 1
node 11 1 1 1
node 12 1 1 1
node 13 1 1 1
node 14 1 1 1
node 15 1 1 1
node 16 1 1 1
node 17 1 1 1
node 18 1 1 1
node 19 1 1 1
node 20 1 1 1
node 21 1 1 1
node 22 1 1 1
node 23 1 1 1
node 24 1 1 1
node 25 1 1 1
node 26 1 1 1
node 27 1 1 1
node 28 1 1 1
node 29 1 1 1
node 30 1 1 1
node 31 1 1 1
node 32 1 1 1
node 33 1 1 1
node 34 1 1 1
node 35 1 1 3
node 36 1 0 2
node 37 1 0 2
node 38 1 0 2
node 39 1 0 2
gene 1 1 36 -2.47034 0 1 -2.47034 1
gene 1 1 37 -0.616612 0 2 -0.616612 1
gene 1 1 38 -1.25842 0 3 -1.25842 1
gene 1 1 39 0.410255 0 4 0.410255 1
gene 1 2 36 -0.849479 0 5 -0.849479 1
gene 1 2 37 0.843679 0 6 0.843679 1
gene 1 2 38 1.52032 0 7 1.52032 1
gene 1 2 39 -1.18033 0 8 -1.18033 1
gene 1 3 36 -0.963795 0 9 -0.963795 1
gene 1 3 37 -2.32581 0 10 -2.32581 1
gene 1 3 38 -1.45451 0 11 -1.45451 1
gene 1 3 39 -1.33321 0 12 -1.33321 1
gene 1 4 36 -0.0436752 0 13 -0.0436752 1
gene 1 4 37 0.747269 0 14 0.747269 1
gene 1 4 38 0.290784 0 15 0.290784 1
gene 1 4 39 1.25512 0 16 1.25512 1
gene 1 5 36 1.9384 0 17 1.9384 1
gene 1 5 37 -1.17007 0 18 -1.17007 1
gene 1 5 38 -1.22533 0 19 -1.22533 1
gene 1 5 39 1.44709 0 20 1.44709 1
gene 1 6 36 -2.15366 0 21 -2.15366 1
gene 1 6 37 -1.36315 0 22 -1.36315 1
gene 1 6 38 -3.92472 0 23 -3.92472 1
gene 1 6 39 -1.39901 0 24 -1.39901 1
gene 1 7 36 -4.65893 0 25 -4.65893 1
gene 1 7 37 0.824027 0 26 0.824027 1
gene 1 7 38 -0.923772 0 27 -0.923772 1
gene 1 7 39 4.56176 0 28 4.56176 1
gene 1 8 36 -0.469429 0 29 -0.469429 1
gene 1 8 37 1.04575 0 30 1.04575 1
gene 1 8 38 -0.323202 0 31 -0.323202 1
gene 1 8 39 -0.711644 0 32 -0.711644 1
gene 1 9 36 -0.311989 0 33 -0.311989 1
gene 1 9 37 -0.20859 0 34 -0.20859 1
gene 1 9 38 1.56041 0 35 1.56041 1
gene 1 9 39 -3.64797 0 36 -3.64797 1
gene 1 10 36 0.931833 0 37 0.931833 1
gene 1 10 37 -0.612948 0 38 -0.612948 1
gene 1 10 38 -0.641055 0 39 -0.641055 1
gene 1 10 39 1.62698 0 40 1.62698 1
gene 1 11 36 0.654754 0 41 0.654754 1
gene 1 11 37 1.85646 0 42 1.85646 1
gene 1 11 38 -0.0195649 0 43 -0.0195649 1
gene 1 11 39 -0.806566 0 44 -0.806566 1
gene 1 12 36 2.17551 0 45 2.17551 1
gene 1 12 37 0.56846 0 46 0.56846 1
gene 1 12 38 -2.00023 0 47 -2.00023 1
gene 1 12 39 -0.927374 0 48 -0.927374 1
gene 1 13 36 -1.53631 0 49 -1.53631 1
gene 1 13 37 -2.94176 0 50 -2.94176 1
gene 1 13 38 -0.355976 0 51 -0.355976 1
gene 1 13 39 -3.62039 0 52 -3.62039 1
gene 1 14 36 -1.56734 0 53 -1.56734 1
gene 1 14 37 1.20188 0 54 1.20188 1
gene 1 14 38 2.50374 0 55 2.50374 1
gene 1 14 39 -1.52926 0 56 -1.52926 1
gene 1 15 36 1.20545 0 57 1.20545 1
gene 1 15 37 0.735926 0 58 0.735926 1
gene 1 15 38 1.00999 0 59 1.00999 1
gene 1 15 39 -2.25124 0 60 -2.25124 1
gene 1 16 36 2.79803 0 61 2.79803 1
gene 1 16 37 1.33764 0 62 1.33764 1
gene 1 16 38 -2.67242 0 63 -2.67242 1
gene 1 16 39 -0.24721 0 64 -0.24721 1
gene 1 17 36 -5 0 65 -5 1
gene 1 17 37 -0.824554 0 66 -0.824554 1
gene 1 17 38 1.49459 0 67 1.49459 1
gene 1 17 39 1.23544 0 68 1.23544 1
gene 1 18 36 1.10425 0 69 1.10425 1
gene 1 18 37 1.74967 0 70 1.74967 1
gene 1 18 38 -0.782372 0 71 -0.782372 1
gene 1 18 39 2.19759 0 72 2.19759 1
gene 1 19 36 -3.23499 0 73 -3.23499 1
gene 1 19 37 -0.278806 0 74 -0.278806 1
gene 1 19 38 -1.18664 0 75 -1.18664 1
gene 1 19 39 -1.02704 0 76 -1.02704 1
gene 1 20 36 5 0 77 5 1
gene 1 20 37 -1.06095 0 78 -1.06095 1
gene 1 20 38 2.20655 0 79 2.20655 1
gene 1 20 39 -0.541635 0 80 -0.541635 1
gene 1 21 36 0.101961 0 81 0.101961 1
gene 1 21 37 -0.372182 0 82 -0.372182 1
gene 1 21 38 1.29115 0 83 1.29115 1
gene 1 21 39 -0.67438 0 84 -0.67438 1
gene 1 22 36 4.29594 0 85 4.29594 1
gene 1 22 37 -0.432772 0 86 -0.432772 1
gene 1 22 38 -1.25447 0 87 -1.25447 1
gene 1 22 39 1.28685 0 88 1.28685 1
gene 1 23 36 0.588099 0 89 0.588099 1
gene 1 23 37 1.2159 0 90 1.2159 1
gene 1 23 38 0.489222 0 91 0.489222 1
gene 1 23 39 0.964874 0 92 0.964874 1
gene 1 24 36 -0.622664 0 93 -0.622664 1
gene 1 24 37 1.64042 0 94 1.64042 1
gene 1 24 38 -0.385533 0 95 -0.385533 1
gene 1 24 39 -1.83611 0 96 -1.83611 1
gene 1 25 36 2.44781 0 97 2.44781 1
gene 1 25 37 -0.500375 0 98 -0.500375 1
gene 1 25 38 -0.0718402 0 99 -0.0718402 1
gene 1 25 39 -0.765335 0 100 -0.765335 1
gene 1 26 36 -0.380886 0 101 -0.380886 1
gene 1 26 37 -2.37168 0 102 -2.37168 1
gene 1 26 38 0.832417 0 103 0.832417 1
gene 1 26 39 -0.676143 0 104 -0.676143 1
gene 1 27 36 0.163598 0 105 0.163598 1
gene 1 27 37 0.842407 0 106 0.842407 1
gene 1 27 38 -0.17505 0 107 -0.17505 1
gene 1 27 39 0.974588 0 108 0.974588 1
gene 1 28 36 2.30538 0 109 2.30538 1
gene 1 28 37 0.111953 0 110 0.111953 1
gene 1 28 38 -1.39916 0 111 -1.39916 1
gene 1 28 39 -0.0691934 0 112 -0.0691934 1
gene 1 29 36 -2.11259 0 113 -2.11259 1
gene 1 29 37 0.714065 0 114 0.714065 1
gene 1 29 38 0.164471 0 115 0.164471 1
gene 1 29 39 -1.32188 0 116 -1.32188 1
gene 1 30 36 -0.487224 0 117 -0.487224 1
gene 1 30 37 -0.766927 0 118 -0.766927 1
gene 1 30 38 -0.25877 0 119 -0.25877 1
gene 1 30 39 -0.803311 0 120 -0.803311 1
gene 1 31 36 0.476139 0 121 0.476139 1
gene 1 31 37 -1.2401 0 122 -1.2401 1
gene 1 31 38 -1.48037 0 123 -1.48037 1
gene 1 31 39 -2.55289 0 124 -2.55289 1
gene 1 32 36 -1.30226 0 125 -1.30226 1
gene 1 32 37 0.804851 0 126 0.804851 1
gene 1 32 38 1.02233 0 127 1.02233 1
gene 1 32 39 0.542041 0 128 0.542041 1
gene 1 33 36 2.18367 0 129 2.18367 1
gene 1 33 37 -1.56536 0 130 -1.56536 1
gene 1 33 38 -1.44933 0 131 -1.44933 1
gene 1 33 39 -0.00545294 0 132 -0.00545294 1
gene 1 34 36 -0.612584 0 133 -0.612584 1
gene 1 34 37 -1.22387 0 134 -1.22387 1
gene 1 34 38 -0.342123 0 135 -0.342123 1
gene 1 34 39 -0.334456 0 136 -0.334456 1
gene 1 35 36 -2.86137 0 137 -2.86137 1
gene 1 35 37 -1.90654 0 138 -1.90654 1
gene 1 35 38 -0.224824 0 139 -0.224824 1
gene 1 35 39 0.0540783 0 140 0.0540783 1
genomeend 3


