/* Organism #1 Fitness: 20287.150000 Time: 0 */
genomestart 1
trait 1 0.000000 0.000000 0.000000 0.000000 0.524616 0.000000 0.384470 0.000000 
node 1 1 1 1
node 2 1 1 1
node 3 1 1 1
node 4 1 1 1
node 5 1 1 1
node 6 1 1 1
node 7 1 1 1
node 8 1 1 1
node 9 1 1 1
node 10 1 1 1
node 11 1 1 1
node 12 1 1 1
node 13 1 1 1
node 14 1 1 1
node 15 1 1 1
node 16 1 1 1
node 17 1 1 1
node 18 1 1 1
node 19 1 1 1
node 20 1 1 1
node 21 1 1 1
node 22 1 1 1
node 23 1 1 1
node 24 1 1 1
node 25 1 1 1
node 26 1 1 1
node 27 1 1 1
node 28 1 1 1
node 29 1 1 1
node 30 1 1 1
node 31 1 1 1
node 32 1 1 1
node 33 1 1 1
node 34 1 1 1
node 35 1 1 3
node 36 1 0 2
node 37 1 0 2
node 38 1 0 2
node 39 1 0 2
gene 1 1 36 4.2508 0 1 4.2508 1
gene 1 1 37 -0.956821 0 2 -0.956821 1
gene 1 1 38 0.293967 0 3 0.293967 1
gene 1 1 39 0.622187 0 4 0.622187 1
gene 1 2 36 0.414905 0 5 0.414905 1
gene 1 2 37 1.46847 0 6 1.46847 1
gene 1 2 38 1.15226 0 7 1.15226 1
gene 1 2 39 -0.334693 0 8 -0.334693 1
gene 1 3 36 -0.231198 0 9 -0.231198 1
gene 1 3 37 3.1756 0 10 3.1756 1
gene 1 3 38 1.37009 0 11 1.37009 1
gene 1 3 39 -0.387973 0 12 -0.387973 1
gene 1 4 36 1.25159 0 13 1.25159 1
gene 1 4 37 2.87536 0 14 2.87536 1
gene 1 4 38 -0.965376 0 15 -0.965376 1
gene 1 4 39 0.614501 0 16 0.614501 1
gene 1 5 36 -0.985951 0 17 -0.985951 1
gene 1 5 37 1.06549 0 18 1.06549 1
gene 1 5 38 1.44753 0 19 1.44753 1
gene 1 5 39 -0.842772 0 20 -0.842772 1
gene 1 6 36 0.749365 0 21 0.749365 1
gene 1 6 37 -1.83647 0 22 -1.83647 1
gene 1 6 38 0.172036 0 23 0.172036 1
gene 1 6 39 -0.815825 0 24 -0.815825 1
gene 1 7 36 -0.492041 0 25 -0.492041 1
gene 1 7 37 1.66411 0 26 1.66411 1
gene 1 7 38 0.912128 0 27 0.912128 1
gene 1 7 39 -4.79205 0 28 -4.79205 1
gene 1 8 36 -0.816352 0 29 -0.816352 1
gene 1 8 37 -0.207151 0 30 -0.207151 1
gene 1 8 38 0.597411 0 31 0.597411 1
gene 1 8 39 -3.79814 0 32 -3.79814 1
gene 1 9 36 -0.378 0 33 -0.378 1
gene 1 9 37 1.89827 0 34 1.89827 1
gene 1 9 38 -1.99757 0 35 -1.99757 1
gene 1 9 39 -0.820945 0 36 -0.820945 1
gene 1 10 36 1.32262 0 37 1.32262 1
gene 1 10 37 0.82489 0 38 0.82489 1
gene 1 10 38 -0.796138 0 39 -0.796138 1
gene 1 10 39 -1.14328 0 40 -1.14328 1
gene 1 11 36 0.607788 0 41 0.607788 1
gene 1 11 37 -0.61484 0 42 -0.61484 1
gene 1 11 38 0.575316 0 43 0.575316 1
gene 1 11 39 1.18545 0 44 1.18545 1
gene 1 12 36 -0.593605 0 45 -0.593605 1
gene 1 12 37 4.14638 0 46 4.14638 1
gene 1 12 38 -0.865213 0 47 -0.865213 1
gene 1 12 39 -0.392569 0 48 -0.392569 1
gene 1 13 36 -1.00896 0 49 -1.00896 1
gene 1 13 37 -4.53157 0 50 -4.53157 1
gene 1 13 38 -0.318132 0 51 -0.318132 1
gene 1 13 39 0.819883 0 52 0.819883 1
gene 1 14 36 -1.33348 0 53 -1.33348 1
gene 1 14 37 -0.762373 0 54 -0.762373 1
gene 1 14 38 -2.91495 0 55 -2.91495 1
gene 1 14 39 -5 0 56 -5 1
gene 1 15 36 -4.03628 0 57 -4.03628 1
gene 1 15 37 -2.99677 0 58 -2.99677 1
gene 1 15 38 2.1015 0 59 2.1015 1
gene 1 15 39 -2.42875 0 60 -2.42875 1
gene 1 16 36 -1.67632 0 61 -1.67632 1
gene 1 16 37 -4.67578 0 62 -4.67578 1
gene 1 16 38 -0.52462 0 63 -0.52462 1
gene 1 16 39 -0.122643 0 64 -0.122643 1
gene 1 17 36 2.33283 0 65 2.33283 1
gene 1 17 37 0.475463 0 66 0.475463 1
gene 1 17 38 -1.07481 0 67 -1.07481 1
gene 1 17 39 -1.64066 0 68 -1.64066 1
gene 1 18 36 2.31417 0 69 2.31417 1
gene 1 18 37 3.55176 0 70 3.55176 1
gene 1 18 38 4.44009 0 71 4.44009 1
gene 1 18 39 0.172382 0 72 0.172382 1
gene 1 19 36 2.2707 0 73 2.2707 1
gene 1 19 37 2.83233 0 74 2.83233 1
gene 1 19 38 0.489084 0 75 0.489084 1
gene 1 19 39 -0.419641 0 76 -0.419641 1
gene 1 20 36 -0.0497414 0 77 -0.0497414 1
gene 1 20 37 -5 0 78 -5 1
gene 1 20 38 -0.224662 0 79 -0.224662 1
gene 1 20 39 1.73567 0 80 1.73567 1
gene 1 21 36 -3.41708 0 81 -3.41708 1
gene 1 21 37 -1.01483 0 82 -1.01483 1
gene 1 21 38 0.303972 0 83 0.303972 1
gene 1 21 39 0.872011 0 84 0.872011 1
gene 1 22 36 0.771285 0 85 0.771285 1
gene 1 22 37 -5 0 86 -5 1
gene 1 22 38 -3.65303 0 87 -3.65303 1
gene 1 22 39 -0.165298 0 88 -0.165298 1
gene 1 23 36 -0.451571 0 89 -0.451571 1
gene 1 23 37 3.4081 0 90 3.4081 1
gene 1 23 38 1.76754 0 91 1.76754 1
gene 1 23 39 1.54925 0 92 1.54925 1
gene 1 24 36 -0.0496808 0 93 -0.0496808 1
gene 1 24 37 0.00663842 0 94 0.00663842 1
gene 1 24 38 -1.26664 0 95 -1.26664 1
gene 1 24 39 -1.45585 0 96 -1.45585 1
gene 1 25 36 0.344952 0 97 0.344952 1
gene 1 25 37 2.41417 0 98 2.41417 1
gene 1 25 38 -1.59867 0 99 -1.59867 1
gene 1 25 39 0.567799 0 100 0.567799 1
gene 1 26 36 1.13429 0 101 1.13429 1
gene 1 26 37 -2.00171 0 102 -2.00171 1
gene 1 26 38 -1.65058 0 103 -1.65058 1
gene 1 26 39 1.02133 0 104 1.02133 1
gene 1 27 36 1.2386 0 105 1.2386 1
gene 1 27 37 -0.841326 0 106 -0.841326 1
gene 1 27 38 0.308824 0 107 0.308824 1
gene 1 27 39 0.785422 0 108 0.785422 1
gene 1 28 36 -0.955751 0 109 -0.955751 1
gene 1 28 37 -0.387429 0 110 -0.387429 1
gene 1 28 38 3.83679 0 111 3.83679 1
gene 1 28 39 -0.243371 0 112 -0.243371 1
gene 1 29 36 1.19006 0 113 1.19006 1
gene 1 29 37 -0.560015 0 114 -0.560015 1
gene 1 29 38 -0.841731 0 115 -0.841731 1
gene 1 29 39 0.072575 0 116 0.072575 1
gene 1 30 36 0.906628 0 117 0.906628 1
gene 1 30 37 -3.1559 0 118 -3.1559 1
gene 1 30 38 -1.0982 0 119 -1.0982 1
gene 1 30 39 1.67548 0 120 1.67548 1
gene 1 31 36 -2.94426 0 121 -2.94426 1
gene 1 31 37 -0.684479 0 122 -0.684479 1
gene 1 31 38 -0.75282 0 123 -0.75282 1
gene 1 31 39 -0.477099 0 124 -0.477099 1
gene 1 32 36 -0.754041 0 125 -0.754041 1
gene 1 32 37 -0.00595399 0 126 -0.00595399 1
gene 1 32 38 -1.67389 0 127 -1.67389 1
gene 1 32 39 -0.0455708 0 128 -0.0455708 1
gene 1 33 36 0.836489 0 129 0.836489 1
gene 1 33 37 -0.137467 0 130 -0.137467 1
gene 1 33 38 -0.28841 0 131 -0.28841 1
gene 1 33 39 -2.06607 0 132 -2.06607 1
gene 1 34 36 -1.89735 0 133 -1.89735 1
gene 1 34 37 -0.141149 0 134 -0.141149 1
gene 1 34 38 0.593873 0 135 0.593873 1
gene 1 34 39 -0.888363 0 136 -0.888363 1
gene 1 35 36 0.699956 0 137 0.699956 1
gene 1 35 37 2.4734 0 138 2.4734 1
gene 1 35 38 0.37957 0 139 0.37957 1
gene 1 35 39 -1.03459 0 140 -1.03459 1
genomeend 1


