/* Organism #6 Fitness: 20352.156000 Time: 0 */
genomestart 6
trait 1 0.577183 0.000000 0.000000 1.000000 0.072503 0.436584 0.000000 0.000000 
node 1 1 1 1
node 2 1 1 1
node 3 1 1 1
node 4 1 1 1
node 5 1 1 1
node 6 1 1 1
node 7 1 1 1
node 8 1 1 1
node 9 1 1 1
node 10 1 1 1
node 11 1 1 1
node 12 1 1 1
node 13 1 1 1
node 14 1 1 1
node 15 1 1 1
node 16 1 1 1
node 17 1 1 1
node 18 1 1 1
node 19 1 1 1
node 20 1 1 1
node 21 1 1 1
node 22 1 1 1
node 23 1 1 1
node 24 1 1 1
node 25 1 1 1
node 26 1 1 1
node 27 1 1 1
node 28 1 1 1
node 29 1 1 1
node 30 1 1 1
node 31 1 1 1
node 32 1 1 1
node 33 1 1 1
node 34 1 1 1
node 35 1 1 3
node 36 1 0 2
node 37 1 0 2
node 38 1 0 2
node 39 1 0 2
gene 1 1 36 3.46589 0 1 3.46589 1
gene 1 1 37 0.187356 0 2 0.187356 1
gene 1 1 38 -0.503209 0 3 -0.503209 1
gene 1 1 39 -0.668532 0 4 -0.668532 1
gene 1 2 36 1.89685 0 5 1.89685 1
gene 1 2 37 -1.4137 0 6 -1.4137 1
gene 1 2 38 -3.25224 0 7 -3.25224 1
gene 1 2 39 -2.38705 0 8 -2.38705 1
gene 1 3 36 1.27331 0 9 1.27331 1
gene 1 3 37 3.85582 0 10 3.85582 1
gene 1 3 38 -0.729171 0 11 -0.729171 1
gene 1 3 39 1.09092 0 12 1.09092 1
gene 1 4 36 -0.296119 0 13 -0.296119 1
gene 1 4 37 1.31538 0 14 1.31538 1
gene 1 4 38 1.0439 0 15 1.0439 1
gene 1 4 39 0.292102 0 16 0.292102 1
gene 1 5 36 2.00568 0 17 2.00568 1
gene 1 5 37 3.29633 0 18 3.29633 1
gene 1 5 38 1.51291 0 19 1.51291 1
gene 1 5 39 -3.49824 0 20 -3.49824 1
gene 1 6 36 -1.45471 0 21 -1.45471 1
gene 1 6 37 0.207023 0 22 0.207023 1
gene 1 6 38 0.55227 0 23 0.55227 1
gene 1 6 39 2.87742 0 24 2.87742 1
gene 1 7 36 0.779647 0 25 0.779647 1
gene 1 7 37 -1.00707 0 26 -1.00707 1
gene 1 7 38 -4.30162 0 27 -4.30162 1
gene 1 7 39 -1.22605 0 28 -1.22605 1
gene 1 8 36 0.131426 0 29 0.131426 1
gene 1 8 37 0.878326 0 30 0.878326 1
gene 1 8 38 0.538714 0 31 0.538714 1
gene 1 8 39 -4.96704 0 32 -4.96704 1
gene 1 9 36 -2.37607 0 33 -2.37607 1
gene 1 9 37 -0.267923 0 34 -0.267923 1
gene 1 9 38 0.359952 0 35 0.359952 1
gene 1 9 39 -2.83463 0 36 -2.83463 1
gene 1 10 36 0.253743 0 37 0.253743 1
gene 1 10 37 -0.730327 0 38 -0.730327 1
gene 1 10 38 0.563697 0 39 0.563697 1
gene 1 10 39 0.233808 0 40 0.233808 1
gene 1 11 36 0.317462 0 41 0.317462 1
gene 1 11 37 2.66313 0 42 2.66313 1
gene 1 11 38 0.296772 0 43 0.296772 1
gene 1 11 39 -1.04984 0 44 -1.04984 1
gene 1 12 36 -1.21727 0 45 -1.21727 1
gene 1 12 37 -2.16064 0 46 -2.16064 1
gene 1 12 38 1.19734 0 47 1.19734 1
gene 1 12 39 0.647936 0 48 0.647936 1
gene 1 13 36 3.72258 0 49 3.72258 1
gene 1 13 37 -1.57498 0 50 -1.57498 1
gene 1 13 38 -1.30959 0 51 -1.30959 1
gene 1 13 39 -0.52836 0 52 -0.52836 1
gene 1 14 36 -0.227303 0 53 -0.227303 1
gene 1 14 37 0.910835 0 54 0.910835 1
gene 1 14 38 0.647982 0 55 0.647982 1
gene 1 14 39 0.4309 0 56 0.4309 1
gene 1 15 36 -3.52553 0 57 -3.52553 1
gene 1 15 37 -0.491159 0 58 -0.491159 1
gene 1 15 38 0.862103 0 59 0.862103 1
gene 1 15 39 1.734 0 60 1.734 1
gene 1 16 36 0.0392711 0 61 0.0392711 1
gene 1 16 37 -0.701242 0 62 -0.701242 1
gene 1 16 38 -1.6443 0 63 -1.6443 1
gene 1 16 39 -2.95763 0 64 -2.95763 1
gene 1 17 36 3.34206 0 65 3.34206 1
gene 1 17 37 2.20105 0 66 2.20105 1
gene 1 17 38 -1.72513 0 67 -1.72513 1
gene 1 17 39 1.37173 0 68 1.37173 1
gene 1 18 36 0.198363 0 69 0.198363 1
gene 1 18 37 -1.68301 0 70 -1.68301 1
gene 1 18 38 3.47312 0 71 3.47312 1
gene 1 18 39 0.736176 0 72 0.736176 1
gene 1 19 36 -0.0766117 0 73 -0.0766117 1
gene 1 19 37 1.02519 0 74 1.02519 1
gene 1 19 38 -1.13782 0 75 -1.13782 1
gene 1 19 39 -0.550677 0 76 -0.550677 1
gene 1 20 36 -2.02295 0 77 -2.02295 1
gene 1 20 37 -2.11693 0 78 -2.11693 1
gene 1 20 38 0.876037 0 79 0.876037 1
gene 1 20 39 -0.0314746 0 80 -0.0314746 1
gene 1 21 36 1.19388 0 81 1.19388 1
gene 1 21 37 0.836334 0 82 0.836334 1
gene 1 21 38 -0.866352 0 83 -0.866352 1
gene 1 21 39 0.310365 0 84 0.310365 1
gene 1 22 36 -0.465175 0 85 -0.465175 1
gene 1 22 37 0.229288 0 86 0.229288 1
gene 1 22 38 0.491718 0 87 0.491718 1
gene 1 22 39 0.242708 0 88 0.242708 1
gene 1 23 36 -2.62387 0 89 -2.62387 1
gene 1 23 37 0.0232928 0 90 0.0232928 1
gene 1 23 38 -0.781169 0 91 -0.781169 1
gene 1 23 39 0.100803 0 92 0.100803 1
gene 1 24 36 -0.939328 0 93 -0.939328 1
gene 1 24 37 2.07987 0 94 2.07987 1
gene 1 24 38 1.54543 0 95 1.54543 1
gene 1 24 39 0.132198 0 96 0.132198 1
gene 1 25 36 0.446662 0 97 0.446662 1
gene 1 25 37 -1.59471 0 98 -1.59471 1
gene 1 25 38 3.49537 0 99 3.49537 1
gene 1 25 39 2.01803 0 100 2.01803 1
gene 1 26 36 -1.15076 0 101 -1.15076 1
gene 1 26 37 -1.34907 0 102 -1.34907 1
gene 1 26 38 -1.27671 0 103 -1.27671 1
gene 1 26 39 0.33788 0 104 0.33788 1
gene 1 27 36 -2.49311 0 105 -2.49311 1
gene 1 27 37 5 0 106 5 1
gene 1 27 38 -0.116529 0 107 -0.116529 1
gene 1 27 39 -0.405917 0 108 -0.405917 1
gene 1 28 36 3.17377 0 109 3.17377 1
gene 1 28 37 0.661189 0 110 0.661189 1
gene 1 28 38 1.55236 0 111 1.55236 1
gene 1 28 39 1.33259 0 112 1.33259 1
gene 1 29 36 -0.56727 0 113 -0.56727 1
gene 1 29 37 0.0373489 0 114 0.0373489 1
gene 1 29 38 -0.744258 0 115 -0.744258 1
gene 1 29 39 1.87263 0 116 1.87263 1
gene 1 30 36 1.12482 0 117 1.12482 1
gene 1 30 37 -2.91161 0 118 -2.91161 1
gene 1 30 38 -0.88784 0 119 -0.88784 1
gene 1 30 39 -0.690769 0 120 -0.690769 1
gene 1 31 36 -1.25689 0 121 -1.25689 1
gene 1 31 37 0.952099 0 122 0.952099 1
gene 1 31 38 1.308 0 123 1.308 1
gene 1 31 39 -0.351414 0 124 -0.351414 1
gene 1 32 36 0.170408 0 125 0.170408 1
gene 1 32 37 -0.756329 0 126 -0.756329 1
gene 1 32 38 0.829221 0 127 0.829221 1
gene 1 32 39 0.419509 0 128 0.419509 1
gene 1 33 36 0.179419 0 129 0.179419 1
gene 1 33 37 1.24202 0 130 1.24202 1
gene 1 33 38 0.287826 0 131 0.287826 1
gene 1 33 39 0.02651 0 132 0.02651 1
gene 1 34 36 -1.36836 0 133 -1.36836 1
gene 1 34 37 1.63348 0 134 1.63348 1
gene 1 34 38 0.50608 0 135 0.50608 1
gene 1 34 39 -0.356399 0 136 -0.356399 1
gene 1 35 36 1.54963 0 137 1.54963 1
gene 1 35 37 5 0 138 5 1
gene 1 35 38 -1.42498 0 139 -1.42498 1
gene 1 35 39 -1.6977 0 140 -1.6977 1
genomeend 6


