/* Organism #3 Fitness: 17631.886000 Time: 0 */
genomestart 3
trait 1 0.737348 0.000000 0.088227 0.453306 0.000000 0.000000 0.670852 1.000000 
node 1 1 1 1
node 2 1 1 1
node 3 1 1 1
node 4 1 1 1
node 5 1 1 1
node 6 1 1 1
node 7 1 1 1
node 8 1 1 1
node 9 1 1 1
node 10 1 1 1
node 11 1 1 1
node 12 1 1 1
node 13 1 1 1
node 14 1 1 1
node 15 1 1 1
node 16 1 1 1
node 17 1 1 1
node 18 1 1 1
node 19 1 1 1
node 20 1 1 1
node 21 1 1 1
node 22 1 1 1
node 23 1 1 1
node 24 1 1 1
node 25 1 1 1
node 26 1 1 1
node 27 1 1 1
node 28 1 1 1
node 29 1 1 1
node 30 1 1 1
node 31 1 1 1
node 32 1 1 1
node 33 1 1 1
node 34 1 1 1
node 35 1 1 3
node 36 1 0 2
node 37 1 0 2
node 38 1 0 2
node 39 1 0 2
gene 1 1 36 -5 0 1 -5 1
gene 1 1 37 -2.89023 0 2 -2.89023 1
gene 1 1 38 2.77641 0 3 2.77641 1
gene 1 1 39 -0.710621 0 4 -0.710621 1
gene 1 2 36 -1.62724 0 5 -1.62724 1
gene 1 2 37 4.06591 0 6 4.06591 1
gene 1 2 38 0.6008 0 7 0.6008 1
gene 1 2 39 -1.28095 0 8 -1.28095 1
gene 1 3 36 1.23738 0 9 1.23738 1
gene 1 3 37 1.07416 0 10 1.07416 1
gene 1 3 38 -3.7295 0 11 -3.7295 1
gene 1 3 39 -3.47061 0 12 -3.47061 1
gene 1 4 36 1.52026 0 13 1.52026 1
gene 1 4 37 0.502006 0 14 0.502006 1
gene 1 4 38 2.13376 0 15 2.13376 1
gene 1 4 39 -0.590995 0 16 -0.590995 1
gene 1 5 36 4.0614 0 17 4.0614 1
gene 1 5 37 0.430464 0 18 0.430464 1
gene 1 5 38 -1.83085 0 19 -1.83085 1
gene 1 5 39 -1.5071 0 20 -1.5071 1
gene 1 6 36 5 0 21 5 1
gene 1 6 37 -0.228491 0 22 -0.228491 1
gene 1 6 38 1.10578 0 23 1.10578 1
gene 1 6 39 -0.977907 0 24 -0.977907 1
gene 1 7 36 2.06993 0 25 2.06993 1
gene 1 7 37 1.79263 0 26 1.79263 1
gene 1 7 38 1.4888 0 27 1.4888 1
gene 1 7 39 -1.01173 0 28 -1.01173 1
gene 1 8 36 -2.03921 0 29 -2.03921 1
gene 1 8 37 -0.608532 0 30 -0.608532 1
gene 1 8 38 3.00273 0 31 3.00273 1
gene 1 8 39 -0.0848702 0 32 -0.0848702 1
gene 1 9 36 0.96032 0 33 0.96032 1
gene 1 9 37 3.93361 0 34 3.93361 1
gene 1 9 38 -0.647691 0 35 -0.647691 1
gene 1 9 39 0.85883 0 36 0.85883 1
gene 1 10 36 -4.48642 0 37 -4.48642 1
gene 1 10 37 2.33102 0 38 2.33102 1
gene 1 10 38 -2.00668 0 39 -2.00668 1
gene 1 10 39 1.10571 0 40 1.10571 1
gene 1 11 36 -4.07947 0 41 -4.07947 1
gene 1 11 37 4.06037 0 42 4.06037 1
gene 1 11 38 -1.42211 0 43 -1.42211 1
gene 1 11 39 2 0 44 2 1
gene 1 12 36 1.65507 0 45 1.65507 1
gene 1 12 37 1.98436 0 46 1.98436 1
gene 1 12 38 -2.12021 0 47 -2.12021 1
gene 1 12 39 -4.66729 0 48 -4.66729 1
gene 1 13 36 0.30874 0 49 0.30874 1
gene 1 13 37 1.21511 0 50 1.21511 1
gene 1 13 38 -1.2711 0 51 -1.2711 1
gene 1 13 39 -2.70522 0 52 -2.70522 1
gene 1 14 36 4.0265 0 53 4.0265 1
gene 1 14 37 -5 0 54 -5 1
gene 1 14 38 0.31147 0 55 0.31147 1
gene 1 14 39 3.3699 0 56 3.3699 1
gene 1 15 36 2.33022 0 57 2.33022 1
gene 1 15 37 -3.88551 0 58 -3.88551 1
gene 1 15 38 0.338343 0 59 0.338343 1
gene 1 15 39 0.691952 0 60 0.691952 1
gene 1 16 36 1.64287 0 61 1.64287 1
gene 1 16 37 -1.2261 0 62 -1.2261 1
gene 1 16 38 -3.59983 0 63 -3.59983 1
gene 1 16 39 0.757614 0 64 0.757614 1
gene 1 17 36 1.9185 0 65 1.9185 1
gene 1 17 37 -1.1891 0 66 -1.1891 1
gene 1 17 38 -2.46649 0 67 -2.46649 1
gene 1 17 39 -2.64578 0 68 -2.64578 1
gene 1 18 36 3.11212 0 69 3.11212 1
gene 1 18 37 -0.453859 0 70 -0.453859 1
gene 1 18 38 -4.40759 0 71 -4.40759 1
gene 1 18 39 1.58449 0 72 1.58449 1
gene 1 19 36 -1.59118 0 73 -1.59118 1
gene 1 19 37 2.97751 0 74 2.97751 1
gene 1 19 38 -4.42869 0 75 -4.42869 1
gene 1 19 39 0.991676 0 76 0.991676 1
gene 1 20 36 -1.00906 0 77 -1.00906 1
gene 1 20 37 -0.898522 0 78 -0.898522 1
gene 1 20 38 -1.18094 0 79 -1.18094 1
gene 1 20 39 -0.755103 0 80 -0.755103 1
gene 1 21 36 0.504084 0 81 0.504084 1
gene 1 21 37 2.41473 0 82 2.41473 1
gene 1 21 38 2.92112 0 83 2.92112 1
gene 1 21 39 -0.499325 0 84 -0.499325 1
gene 1 22 36 4.47931 0 85 4.47931 1
gene 1 22 37 -0.382635 0 86 -0.382635 1
gene 1 22 38 -0.865771 0 87 -0.865771 1
gene 1 22 39 3.69601 0 88 3.69601 1
gene 1 23 36 -0.973071 0 89 -0.973071 1
gene 1 23 37 -2.84745 0 90 -2.84745 1
gene 1 23 38 0.761687 0 91 0.761687 1
gene 1 23 39 -2.618 0 92 -2.618 1
gene 1 24 36 -1.15035 0 93 -1.15035 1
gene 1 24 37 -0.433921 0 94 -0.433921 1
gene 1 24 38 1.22317 0 95 1.22317 1
gene 1 24 39 -2.00937 0 96 -2.00937 1
gene 1 25 36 -5 0 97 -5 1
gene 1 25 37 -4.5779 0 98 -4.5779 1
gene 1 25 38 -5 0 99 -5 1
gene 1 25 39 -2.84078 0 100 -2.84078 1
gene 1 26 36 -2.41807 0 101 -2.41807 1
gene 1 26 37 -1.7551 0 102 -1.7551 1
gene 1 26 38 1.0786 0 103 1.0786 1
gene 1 26 39 -1.86276 0 104 -1.86276 1
gene 1 27 36 1.77143 0 105 1.77143 1
gene 1 27 37 3.725 0 106 3.725 1
gene 1 27 38 -1.69067 0 107 -1.69067 1
gene 1 27 39 0.177167 0 108 0.177167 1
gene 1 28 36 4.64337 0 109 4.64337 1
gene 1 28 37 1.28078 0 110 1.28078 1
gene 1 28 38 -2.94127 0 111 -2.94127 1
gene 1 28 39 3.10465 0 112 3.10465 1
gene 1 29 36 3.30298 0 113 3.30298 1
gene 1 29 37 0.218441 0 114 0.218441 1
gene 1 29 38 -0.218209 0 115 -0.218209 1
gene 1 29 39 -0.97293 0 116 -0.97293 1
gene 1 30 36 0.780255 0 117 0.780255 1
gene 1 30 37 -0.11942 0 118 -0.11942 1
gene 1 30 38 0.0306829 0 119 0.0306829 1
gene 1 30 39 -0.93988 0 120 -0.93988 1
gene 1 31 36 -0.551484 0 121 -0.551484 1
gene 1 31 37 0.200117 0 122 0.200117 1
gene 1 31 38 1.26454 0 123 1.26454 1
gene 1 31 39 -1.10984 0 124 -1.10984 1
gene 1 32 36 1.23357 0 125 1.23357 1
gene 1 32 37 0.467547 0 126 0.467547 1
gene 1 32 38 0.315766 0 127 0.315766 1
gene 1 32 39 -0.0656979 0 128 -0.0656979 1
gene 1 33 36 -1.16827 0 129 -1.16827 1
gene 1 33 37 1.80886 0 130 1.80886 1
gene 1 33 38 -0.867587 0 131 -0.867587 1
gene 1 33 39 -0.640858 0 132 -0.640858 1
gene 1 34 36 2.3613 0 133 2.3613 1
gene 1 34 37 0.375535 0 134 0.375535 1
gene 1 34 38 0.298383 0 135 0.298383 1
gene 1 34 39 -1.04951 0 136 -1.04951 1
gene 1 35 36 0.161165 0 137 0.161165 1
gene 1 35 37 0.4885 0 138 0.4885 1
gene 1 35 38 -3.24338 0 139 -3.24338 1
gene 1 35 39 -1.07116 0 140 -1.07116 1
genomeend 3


