/* Organism #0 Fitness: 17851.018000 Time: 0 */
genomestart 0
trait 1 1.000000 0.000000 0.000000 0.000000 0.000000 0.871164 0.000000 0.920551 
node 1 1 1 1
node 2 1 1 1
node 3 1 1 1
node 4 1 1 1
node 5 1 1 1
node 6 1 1 1
node 7 1 1 1
node 8 1 1 1
node 9 1 1 1
node 10 1 1 1
node 11 1 1 1
node 12 1 1 1
node 13 1 1 1
node 14 1 1 1
node 15 1 1 1
node 16 1 1 1
node 17 1 1 1
node 18 1 1 1
node 19 1 1 1
node 20 1 1 1
node 21 1 1 1
node 22 1 1 1
node 23 1 1 1
node 24 1 1 1
node 25 1 1 1
node 26 1 1 1
node 27 1 1 1
node 28 1 1 1
node 29 1 1 1
node 30 1 1 1
node 31 1 1 1
node 32 1 1 1
node 33 1 1 1
node 34 1 1 1
node 35 1 1 3
node 36 1 0 2
node 37 1 0 2
node 38 1 0 2
node 39 1 0 2
gene 1 1 36 0.380871 0 1 0.380871 1
gene 1 1 37 -3.08343 0 2 -3.08343 1
gene 1 1 38 1.01389 0 3 1.01389 1
gene 1 1 39 -2.25795 0 4 -2.25795 1
gene 1 2 36 0.59203 0 5 0.59203 1
gene 1 2 37 -0.915328 0 6 -0.915328 1
gene 1 2 38 -1.72004 0 7 -1.72004 1
gene 1 2 39 -1.83426 0 8 -1.83426 1
gene 1 3 36 0.247541 0 9 0.247541 1
gene 1 3 37 -0.992325 0 10 -0.992325 1
gene 1 3 38 -2.04769 0 11 -2.04769 1
gene 1 3 39 1.43785 0 12 1.43785 1
gene 1 4 36 -1.62995 0 13 -1.62995 1
gene 1 4 37 2.14028 0 14 2.14028 1
gene 1 4 38 -2.15723 0 15 -2.15723 1
gene 1 4 39 2.10296 0 16 2.10296 1
gene 1 5 36 1.1686 0 17 1.1686 1
gene 1 5 37 1.25875 0 18 1.25875 1
gene 1 5 38 1.16334 0 19 1.16334 1
gene 1 5 39 2.18196 0 20 2.18196 1
gene 1 6 36 0.584607 0 21 0.584607 1
gene 1 6 37 -1.69174 0 22 -1.69174 1
gene 1 6 38 -0.667595 0 23 -0.667595 1
gene 1 6 39 -0.791988 0 24 -0.791988 1
gene 1 7 36 -0.385974 0 25 -0.385974 1
gene 1 7 37 0.692246 0 26 0.692246 1
gene 1 7 38 -1.08715 0 27 -1.08715 1
gene 1 7 39 -1.20594 0 28 -1.20594 1
gene 1 8 36 -3.28772 0 29 -3.28772 1
gene 1 8 37 1.8945 0 30 1.8945 1
gene 1 8 38 -0.202645 0 31 -0.202645 1
gene 1 8 39 -1.27599 0 32 -1.27599 1
gene 1 9 36 2.30581 0 33 2.30581 1
gene 1 9 37 1.52416 0 34 1.52416 1
gene 1 9 38 3.29346 0 35 3.29346 1
gene 1 9 39 4.64822 0 36 4.64822 1
gene 1 10 36 0.829014 0 37 0.829014 1
gene 1 10 37 -2.10817 0 38 -2.10817 1
gene 1 10 38 -1.0728 0 39 -1.0728 1
gene 1 10 39 -2.80393 0 40 -2.80393 1
gene 1 11 36 4.19389 0 41 4.19389 1
gene 1 11 37 -4.1582 0 42 -4.1582 1
gene 1 11 38 -0.469311 0 43 -0.469311 1
gene 1 11 39 -0.0129268 0 44 -0.0129268 1
gene 1 12 36 3.84963 0 45 3.84963 1
gene 1 12 37 -3.57132 0 46 -3.57132 1
gene 1 12 38 -4.41754 0 47 -4.41754 1
gene 1 12 39 -1.14999 0 48 -1.14999 1
gene 1 13 36 -4.30557 0 49 -4.30557 1
gene 1 13 37 3.27719 0 50 3.27719 1
gene 1 13 38 -3.1105 0 51 -3.1105 1
gene 1 13 39 4.09303 0 52 4.09303 1
gene 1 14 36 0.933398 0 53 0.933398 1
gene 1 14 37 -1.49013 0 54 -1.49013 1
gene 1 14 38 -1.02613 0 55 -1.02613 1
gene 1 14 39 1.90811 0 56 1.90811 1
gene 1 15 36 0.00550882 0 57 0.00550882 1
gene 1 15 37 4.3274 0 58 4.3274 1
gene 1 15 38 -1.6557 0 59 -1.6557 1
gene 1 15 39 -1.05288 0 60 -1.05288 1
gene 1 16 36 -1.74197 0 61 -1.74197 1
gene 1 16 37 1.65505 0 62 1.65505 1
gene 1 16 38 1.1408 0 63 1.1408 1
gene 1 16 39 0.788358 0 64 0.788358 1
gene 1 17 36 -1.62754 0 65 -1.62754 1
gene 1 17 37 -1.00127 0 66 -1.00127 1
gene 1 17 38 -0.832278 0 67 -0.832278 1
gene 1 17 39 3.33997 0 68 3.33997 1
gene 1 18 36 -1.90913 0 69 -1.90913 1
gene 1 18 37 0.481805 0 70 0.481805 1
gene 1 18 38 -3.00655 0 71 -3.00655 1
gene 1 18 39 -0.596619 0 72 -0.596619 1
gene 1 19 36 -0.407434 0 73 -0.407434 1
gene 1 19 37 -3.20928 0 74 -3.20928 1
gene 1 19 38 -2.41877 0 75 -2.41877 1
gene 1 19 39 -2.9664 0 76 -2.9664 1
gene 1 20 36 0.79262 0 77 0.79262 1
gene 1 20 37 0.886378 0 78 0.886378 1
gene 1 20 38 -0.176178 0 79 -0.176178 1
gene 1 20 39 0.581263 0 80 0.581263 1
gene 1 21 36 2.9133 0 81 2.9133 1
gene 1 21 37 2.7215 0 82 2.7215 1
gene 1 21 38 -0.856441 0 83 -0.856441 1
gene 1 21 39 0.440671 0 84 0.440671 1
gene 1 22 36 -0.926089 0 85 -0.926089 1
gene 1 22 37 -2.26895 0 86 -2.26895 1
gene 1 22 38 -0.535604 0 87 -0.535604 1
gene 1 22 39 -1.47249 0 88 -1.47249 1
gene 1 23 36 -0.293875 0 89 -0.293875 1
gene 1 23 37 1.48621 0 90 1.48621 1
gene 1 23 38 0.520978 0 91 0.520978 1
gene 1 23 39 1.73307 0 92 1.73307 1
gene 1 24 36 -2.97515 0 93 -2.97515 1
gene 1 24 37 1.39992 0 94 1.39992 1
gene 1 24 38 -3.61633 0 95 -3.61633 1
gene 1 24 39 1.19115 0 96 1.19115 1
gene 1 25 36 3.59024 0 97 3.59024 1
gene 1 25 37 4.145 0 98 4.145 1
gene 1 25 38 -4.10187 0 99 -4.10187 1
gene 1 25 39 -0.886161 0 100 -0.886161 1
gene 1 26 36 1.99549 0 101 1.99549 1
gene 1 26 37 -0.0025814 0 102 -0.0025814 1
gene 1 26 38 0.125507 0 103 0.125507 1
gene 1 26 39 -0.468979 0 104 -0.468979 1
gene 1 27 36 2.98852 0 105 2.98852 1
gene 1 27 37 -2.22717 0 106 -2.22717 1
gene 1 27 38 -0.257682 0 107 -0.257682 1
gene 1 27 39 -0.462448 0 108 -0.462448 1
gene 1 28 36 0.898299 0 109 0.898299 1
gene 1 28 37 2.09924 0 110 2.09924 1
gene 1 28 38 -4.50308 0 111 -4.50308 1
gene 1 28 39 -0.154834 0 112 -0.154834 1
gene 1 29 36 1.66187 0 113 1.66187 1
gene 1 29 37 0.51889 0 114 0.51889 1
gene 1 29 38 -0.0853742 0 115 -0.0853742 1
gene 1 29 39 0.543051 0 116 0.543051 1
gene 1 30 36 -2.09574 0 117 -2.09574 1
gene 1 30 37 -0.631003 0 118 -0.631003 1
gene 1 30 38 -0.708415 0 119 -0.708415 1
gene 1 30 39 -0.539923 0 120 -0.539923 1
gene 1 31 36 -0.307934 0 121 -0.307934 1
gene 1 31 37 1.0788 0 122 1.0788 1
gene 1 31 38 0.000621931 0 123 0.000621931 1
gene 1 31 39 -0.877875 0 124 -0.877875 1
gene 1 32 36 1.65035 0 125 1.65035 1
gene 1 32 37 0.526972 0 126 0.526972 1
gene 1 32 38 -0.0403033 0 127 -0.0403033 1
gene 1 32 39 -0.733972 0 128 -0.733972 1
gene 1 33 36 1.88581 0 129 1.88581 1
gene 1 33 37 -0.758909 0 130 -0.758909 1
gene 1 33 38 -2.65363 0 131 -2.65363 1
gene 1 33 39 1.01364 0 132 1.01364 1
gene 1 34 36 -1.50888 0 133 -1.50888 1
gene 1 34 37 -0.0301563 0 134 -0.0301563 1
gene 1 34 38 0.77213 0 135 0.77213 1
gene 1 34 39 0.827421 0 136 0.827421 1
gene 1 35 36 1.12424 0 137 1.12424 1
gene 1 35 37 0.781177 0 138 0.781177 1
gene 1 35 38 -0.0578926 0 139 -0.0578926 1
gene 1 35 39 -1.25925 0 140 -1.25925 1
genomeend 0


