/* Organism #55 Fitness: 16933.554000 Time: 0 */
genomestart 55
trait 1 1.000000 0.526556 0.000000 0.104660 0.060881 0.000000 0.262300 0.000000 
node 1 1 1 1
node 2 1 1 1
node 3 1 1 1
node 4 1 1 1
node 5 1 1 1
node 6 1 1 1
node 7 1 1 1
node 8 1 1 1
node 9 1 1 1
node 10 1 1 1
node 11 1 1 1
node 12 1 1 1
node 13 1 1 1
node 14 1 1 1
node 15 1 1 1
node 16 1 1 1
node 17 1 1 1
node 18 1 1 1
node 19 1 1 1
node 20 1 1 1
node 21 1 1 1
node 22 1 1 1
node 23 1 1 1
node 24 1 1 1
node 25 1 1 1
node 26 1 1 1
node 27 1 1 1
node 28 1 1 1
node 29 1 1 1
node 30 1 1 1
node 31 1 1 1
node 32 1 1 1
node 33 1 1 1
node 34 1 1 1
node 35 1 1 3
node 36 1 0 2
node 37 1 0 2
node 38 1 0 2
node 39 1 0 2
gene 1 1 36 -0.0157423 0 1 -0.0157423 1
gene 1 1 37 -4.80061 0 2 -4.80061 1
gene 1 1 38 -4.92786 0 3 -4.92786 1
gene 1 1 39 -0.111648 0 4 -0.111648 1
gene 1 2 36 -0.564751 0 5 -0.564751 1
gene 1 2 37 -2.56304 0 6 -2.56304 1
gene 1 2 38 1.93401 0 7 1.93401 1
gene 1 2 39 3.78506 0 8 3.78506 1
gene 1 3 36 0.169474 0 9 0.169474 1
gene 1 3 37 -1.02925 0 10 -1.02925 1
gene 1 3 38 -0.185051 0 11 -0.185051 1
gene 1 3 39 -1.67473 0 12 -1.67473 1
gene 1 4 36 -0.237809 0 13 -0.237809 1
gene 1 4 37 4.9255 0 14 4.9255 1
gene 1 4 38 -1.74273 0 15 -1.74273 1
gene 1 4 39 -1.81842 0 16 -1.81842 1
gene 1 5 36 5 0 17 5 1
gene 1 5 37 -3.74839 0 18 -3.74839 1
gene 1 5 38 0.261622 0 19 0.261622 1
gene 1 5 39 0.142365 0 20 0.142365 1
gene 1 6 36 1.82111 0 21 1.82111 1
gene 1 6 37 2.16628 0 22 2.16628 1
gene 1 6 38 0.119937 0 23 0.119937 1
gene 1 6 39 1.18405 0 24 1.18405 1
gene 1 7 36 0.292879 0 25 0.292879 1
gene 1 7 37 0.672795 0 26 0.672795 1
gene 1 7 38 4.63515 0 27 4.63515 1
gene 1 7 39 1.2115 0 28 1.2115 1
gene 1 8 36 4.85289 0 29 4.85289 1
gene 1 8 37 1.83517 0 30 1.83517 1
gene 1 8 38 -2.49505 0 31 -2.49505 1
gene 1 8 39 0.801966 0 32 0.801966 1
gene 1 9 36 3.39794 0 33 3.39794 1
gene 1 9 37 -3.14643 0 34 -3.14643 1
gene 1 9 38 3.5913 0 35 3.5913 1
gene 1 9 39 -0.266808 0 36 -0.266808 1
gene 1 10 36 3.69153 0 37 3.69153 1
gene 1 10 37 -2.93778 0 38 -2.93778 1
gene 1 10 38 -0.354507 0 39 -0.354507 1
gene 1 10 39 -5 0 40 -5 1
gene 1 11 36 4.97975 0 41 4.97975 1
gene 1 11 37 -3.70521 0 42 -3.70521 1
gene 1 11 38 -0.202401 0 43 -0.202401 1
gene 1 11 39 -3.43248 0 44 -3.43248 1
gene 1 12 36 1.3473 0 45 1.3473 1
gene 1 12 37 -0.948635 0 46 -0.948635 1
gene 1 12 38 1.55726 0 47 1.55726 1
gene 1 12 39 -2.24992 0 48 -2.24992 1
gene 1 13 36 -4.91236 0 49 -4.91236 1
gene 1 13 37 3.47629 0 50 3.47629 1
gene 1 13 38 -2.52727 0 51 -2.52727 1
gene 1 13 39 0.312822 0 52 0.312822 1
gene 1 14 36 3.08822 0 53 3.08822 1
gene 1 14 37 5 0 54 5 1
gene 1 14 38 1.25214 0 55 1.25214 1
gene 1 14 39 -0.807402 0 56 -0.807402 1
gene 1 15 36 -1.14841 0 57 -1.14841 1
gene 1 15 37 -0.0559819 0 58 -0.0559819 1
gene 1 15 38 1.63882 0 59 1.63882 1
gene 1 15 39 -2.5973 0 60 -2.5973 1
gene 1 16 36 3.15904 0 61 3.15904 1
gene 1 16 37 -1.23807 0 62 -1.23807 1
gene 1 16 38 -3.58396 0 63 -3.58396 1
gene 1 16 39 5 0 64 5 1
gene 1 17 36 -1.22776 0 65 -1.22776 1
gene 1 17 37 1.30151 0 66 1.30151 1
gene 1 17 38 -2.91805 0 67 -2.91805 1
gene 1 17 39 -0.233989 0 68 -0.233989 1
gene 1 18 36 0.966502 0 69 0.966502 1
gene 1 18 37 -0.770266 0 70 -0.770266 1
gene 1 18 38 -4.15483 0 71 -4.15483 1
gene 1 18 39 -1.15987 0 72 -1.15987 1
gene 1 19 36 -1.46018 0 73 -1.46018 1
gene 1 19 37 -1.53058 0 74 -1.53058 1
gene 1 19 38 -0.317858 0 75 -0.317858 1
gene 1 19 39 -0.45278 0 76 -0.45278 1
gene 1 20 36 0.757796 0 77 0.757796 1
gene 1 20 37 0.960776 0 78 0.960776 1
gene 1 20 38 -4.88083 0 79 -4.88083 1
gene 1 20 39 -3.76667 0 80 -3.76667 1
gene 1 21 36 0.887392 0 81 0.887392 1
gene 1 21 37 -1.3377 0 82 -1.3377 1
gene 1 21 38 -2.01097 0 83 -2.01097 1
gene 1 21 39 4.61719 0 84 4.61719 1
gene 1 22 36 -3.46597 0 85 -3.46597 1
gene 1 22 37 1.39563 0 86 1.39563 1
gene 1 22 38 0.778064 0 87 0.778064 1
gene 1 22 39 0.0284358 0 88 0.0284358 1
gene 1 23 36 -2.3056 0 89 -2.3056 1
gene 1 23 37 -1.14323 0 90 -1.14323 1
gene 1 23 38 3.56372 0 91 3.56372 1
gene 1 23 39 3.04639 0 92 3.04639 1
gene 1 24 36 -3.55078 0 93 -3.55078 1
gene 1 24 37 0.526518 0 94 0.526518 1
gene 1 24 38 1.49395 0 95 1.49395 1
gene 1 24 39 1.06025 0 96 1.06025 1
gene 1 25 36 4.25404 0 97 4.25404 1
gene 1 25 37 5 0 98 5 1
gene 1 25 38 -1.19068 0 99 -1.19068 1
gene 1 25 39 -0.704625 0 100 -0.704625 1
gene 1 26 36 3.22532 0 101 3.22532 1
gene 1 26 37 2.94277 0 102 2.94277 1
gene 1 26 38 -0.0353861 0 103 -0.0353861 1
gene 1 26 39 -2.44203 0 104 -2.44203 1
gene 1 27 36 -0.978235 0 105 -0.978235 1
gene 1 27 37 -3.21853 0 106 -3.21853 1
gene 1 27 38 2.71936 0 107 2.71936 1
gene 1 27 39 -3.25686 0 108 -3.25686 1
gene 1 28 36 -0.799497 0 109 -0.799497 1
gene 1 28 37 0.069091 0 110 0.069091 1
gene 1 28 38 -1.96906 0 111 -1.96906 1
gene 1 28 39 -1.67317 0 112 -1.67317 1
gene 1 29 36 -0.299056 0 113 -0.299056 1
gene 1 29 37 0.925849 0 114 0.925849 1
gene 1 29 38 0.469149 0 115 0.469149 1
gene 1 29 39 -0.373636 0 116 -0.373636 1
gene 1 30 36 -1.51782 0 117 -1.51782 1
gene 1 30 37 -5 0 118 -5 1
gene 1 30 38 -2.81951 0 119 -2.81951 1
gene 1 30 39 -0.785253 0 120 -0.785253 1
gene 1 31 36 -1.82035 0 121 -1.82035 1
gene 1 31 37 0.968125 0 122 0.968125 1
gene 1 31 38 0.74613 0 123 0.74613 1
gene 1 31 39 0.114209 0 124 0.114209 1
gene 1 32 36 -2.244 0 125 -2.244 1
gene 1 32 37 -0.0751466 0 126 -0.0751466 1
gene 1 32 38 0.227923 0 127 0.227923 1
gene 1 32 39 -1.13422 0 128 -1.13422 1
gene 1 33 36 0.88704 0 129 0.88704 1
gene 1 33 37 0.376826 0 130 0.376826 1
gene 1 33 38 2.07718 0 131 2.07718 1
gene 1 33 39 -0.136271 0 132 -0.136271 1
gene 1 34 36 -0.139283 0 133 -0.139283 1
gene 1 34 37 0.434447 0 134 0.434447 1
gene 1 34 38 0.277421 0 135 0.277421 1
gene 1 34 39 -0.445754 0 136 -0.445754 1
gene 1 35 36 -0.337391 0 137 -0.337391 1
gene 1 35 37 -1.52608 0 138 -1.52608 1
gene 1 35 38 -0.0867016 0 139 -0.0867016 1
gene 1 35 39 -3.27131 0 140 -3.27131 1
genomeend 55


