/* Organism #2 Fitness: 17442.440000 Time: 0 */
genomestart 2
trait 1 0.100000 0.593599 0.000000 0.000000 0.000000 0.000000 0.000000 0.000000 
node 1 1 1 1
node 2 1 1 1
node 3 1 1 1
node 4 1 1 1
node 5 1 1 1
node 6 1 1 1
node 7 1 1 1
node 8 1 1 1
node 9 1 1 1
node 10 1 1 1
node 11 1 1 1
node 12 1 1 1
node 13 1 1 1
node 14 1 1 1
node 15 1 1 1
node 16 1 1 1
node 17 1 1 1
node 18 1 1 1
node 19 1 1 1
node 20 1 1 1
node 21 1 1 1
node 22 1 1 1
node 23 1 1 1
node 24 1 1 1
node 25 1 1 1
node 26 1 1 1
node 27 1 1 1
node 28 1 1 1
node 29 1 1 1
node 30 1 1 1
node 31 1 1 1
node 32 1 1 1
node 33 1 1 1
node 34 1 1 1
node 35 1 1 3
node 36 1 0 2
node 37 1 0 2
node 38 1 0 2
node 39 1 0 2
gene 1 1 36 -0.581146 0 1 -0.581146 1
gene 1 1 37 0.755945 0 2 0.755945 1
gene 1 1 38 0.833943 0 3 0.833943 1
gene 1 1 39 0.811196 0 4 0.811196 1
gene 1 2 36 -0.295382 0 5 -0.295382 1
gene 1 2 37 -0.163257 0 6 -0.163257 1
gene 1 2 38 -0.19112 0 7 -0.19112 1
gene 1 2 39 0.00638297 0 8 0.00638297 1
gene 1 3 36 1.12594 0 9 1.12594 1
gene 1 3 37 0.167874 0 10 0.167874 1
gene 1 3 38 0.775235 0 11 0.775235 1
gene 1 3 39 3.60816 0 12 3.60816 1
gene 1 4 36 1.16518 0 13 1.16518 1
gene 1 4 37 3.25088 0 14 3.25088 1
gene 1 4 38 -0.811189 0 15 -0.811189 1
gene 1 4 39 0.42836 0 16 0.42836 1
gene 1 5 36 3.0554 0 17 3.0554 1
gene 1 5 37 2.31185 0 18 2.31185 1
gene 1 5 38 -0.834374 0 19 -0.834374 1
gene 1 5 39 1.1561 0 20 1.1561 1
gene 1 6 36 3.46534 0 21 3.46534 1
gene 1 6 37 -0.247427 0 22 -0.247427 1
gene 1 6 38 -1.13492 0 23 -1.13492 1
gene 1 6 39 0.632799 0 24 0.632799 1
gene 1 7 36 -0.270106 0 25 -0.270106 1
gene 1 7 37 -0.191921 0 26 -0.191921 1
gene 1 7 38 2.42946 0 27 2.42946 1
gene 1 7 39 -1.0408 0 28 -1.0408 1
gene 1 8 36 -0.978523 0 29 -0.978523 1
gene 1 8 37 -2.63059 0 30 -2.63059 1
gene 1 8 38 -1.39549 0 31 -1.39549 1
gene 1 8 39 0.988095 0 32 0.988095 1
gene 1 9 36 0.612357 0 33 0.612357 1
gene 1 9 37 -0.694228 0 34 -0.694228 1
gene 1 9 38 -2.27941 0 35 -2.27941 1
gene 1 9 39 -0.147817 0 36 -0.147817 1
gene 1 10 36 -1.33376 0 37 -1.33376 1
gene 1 10 37 2.2917 0 38 2.2917 1
gene 1 10 38 0.878268 0 39 0.878268 1
gene 1 10 39 0.991828 0 40 0.991828 1
gene 1 11 36 -3.19926 0 41 -3.19926 1
gene 1 11 37 2.31236 0 42 2.31236 1
gene 1 11 38 -1.68997 0 43 -1.68997 1
gene 1 11 39 1.18289 0 44 1.18289 1
gene 1 12 36 1.78466 0 45 1.78466 1
gene 1 12 37 1.99754 0 46 1.99754 1
gene 1 12 38 0.265638 0 47 0.265638 1
gene 1 12 39 -0.389827 0 48 -0.389827 1
gene 1 13 36 0.131259 0 49 0.131259 1
gene 1 13 37 0.503763 0 50 0.503763 1
gene 1 13 38 -1.8916 0 51 -1.8916 1
gene 1 13 39 1.00485 0 52 1.00485 1
gene 1 14 36 0.886211 0 53 0.886211 1
gene 1 14 37 -4.83596 0 54 -4.83596 1
gene 1 14 38 -0.0852982 0 55 -0.0852982 1
gene 1 14 39 1.47346 0 56 1.47346 1
gene 1 15 36 1.588 0 57 1.588 1
gene 1 15 37 -1.35076 0 58 -1.35076 1
gene 1 15 38 -1.43416 0 59 -1.43416 1
gene 1 15 39 -0.451171 0 60 -0.451171 1
gene 1 16 36 3.1699 0 61 3.1699 1
gene 1 16 37 0.424909 0 62 0.424909 1
gene 1 16 38 -4.77944 0 63 -4.77944 1
gene 1 16 39 1.36449 0 64 1.36449 1
gene 1 17 36 -1.24009 0 65 -1.24009 1
gene 1 17 37 1.86569 0 66 1.86569 1
gene 1 17 38 -0.0243267 0 67 -0.0243267 1
gene 1 17 39 0.489512 0 68 0.489512 1
gene 1 18 36 0.284127 0 69 0.284127 1
gene 1 18 37 0.339168 0 70 0.339168 1
gene 1 18 38 -3.89362 0 71 -3.89362 1
gene 1 18 39 -0.314685 0 72 -0.314685 1
gene 1 19 36 0.774027 0 73 0.774027 1
gene 1 19 37 -0.817913 0 74 -0.817913 1
gene 1 19 38 -0.230561 0 75 -0.230561 1
gene 1 19 39 -0.468336 0 76 -0.468336 1
gene 1 20 36 -1.93442 0 77 -1.93442 1
gene 1 20 37 3.0594 0 78 3.0594 1
gene 1 20 38 -1.59511 0 79 -1.59511 1
gene 1 20 39 -1.96081 0 80 -1.96081 1
gene 1 21 36 -0.182294 0 81 -0.182294 1
gene 1 21 37 1.02207 0 82 1.02207 1
gene 1 21 38 -0.659184 0 83 -0.659184 1
gene 1 21 39 -1.63208 0 84 -1.63208 1
gene 1 22 36 1.32314 0 85 1.32314 1
gene 1 22 37 0.622749 0 86 0.622749 1
gene 1 22 38 0.649901 0 87 0.649901 1
gene 1 22 39 0.217104 0 88 0.217104 1
gene 1 23 36 -0.233936 0 89 -0.233936 1
gene 1 23 37 0.392283 0 90 0.392283 1
gene 1 23 38 0.961805 0 91 0.961805 1
gene 1 23 39 0.707297 0 92 0.707297 1
gene 1 24 36 -0.962016 0 93 -0.962016 1
gene 1 24 37 -0.10089 0 94 -0.10089 1
gene 1 24 38 -0.477423 0 95 -0.477423 1
gene 1 24 39 0.363059 0 96 0.363059 1
gene 1 25 36 -3.59043 0 97 -3.59043 1
gene 1 25 37 -5 0 98 -5 1
gene 1 25 38 -0.840202 0 99 -0.840202 1
gene 1 25 39 2.04603 0 100 2.04603 1
gene 1 26 36 4.43372 0 101 4.43372 1
gene 1 26 37 -1.67537 0 102 -1.67537 1
gene 1 26 38 -0.58871 0 103 -0.58871 1
gene 1 26 39 -0.0402076 0 104 -0.0402076 1
gene 1 27 36 -2.57286 0 105 -2.57286 1
gene 1 27 37 -0.0295847 0 106 -0.0295847 1
gene 1 27 38 -0.0848977 0 107 -0.0848977 1
gene 1 27 39 -0.607763 0 108 -0.607763 1
gene 1 28 36 -0.661676 0 109 -0.661676 1
gene 1 28 37 -0.512429 0 110 -0.512429 1
gene 1 28 38 -0.72606 0 111 -0.72606 1
gene 1 28 39 0.661797 0 112 0.661797 1
gene 1 29 36 -2.66045 0 113 -2.66045 1
gene 1 29 37 -0.753078 0 114 -0.753078 1
gene 1 29 38 -0.374537 0 115 -0.374537 1
gene 1 29 39 0.306886 0 116 0.306886 1
gene 1 30 36 0.594035 0 117 0.594035 1
gene 1 30 37 0.406883 0 118 0.406883 1
gene 1 30 38 0.0706357 0 119 0.0706357 1
gene 1 30 39 0.385635 0 120 0.385635 1
gene 1 31 36 0.79124 0 121 0.79124 1
gene 1 31 37 0.109879 0 122 0.109879 1
gene 1 31 38 -0.464655 0 123 -0.464655 1
gene 1 31 39 -1.69405 0 124 -1.69405 1
gene 1 32 36 -1.44307 0 125 -1.44307 1
gene 1 32 37 -0.534294 0 126 -0.534294 1
gene 1 32 38 -0.73599 0 127 -0.73599 1
gene 1 32 39 0.353836 0 128 0.353836 1
gene 1 33 36 -1.39219 0 129 -1.39219 1
gene 1 33 37 -0.265328 0 130 -0.265328 1
gene 1 33 38 0.845101 0 131 0.845101 1
gene 1 33 39 3.44159 0 132 3.44159 1
gene 1 34 36 1.20003 0 133 1.20003 1
gene 1 34 37 0.0599849 0 134 0.0599849 1
gene 1 34 38 -1.12269 0 135 -1.12269 1
gene 1 34 39 1.17579 0 136 1.17579 1
gene 1 35 36 0.562662 0 137 0.562662 1
gene 1 35 37 -0.442634 0 138 -0.442634 1
gene 1 35 38 0.532317 0 139 0.532317 1
gene 1 35 39 0.385247 0 140 0.385247 1
genomeend 2


