/* Organism #1 Fitness: 17763.620000 Time: 0 */
genomestart 1
trait 1 0.448820 0.879023 0.517944 0.828079 1.000000 0.691133 0.288966 0.854124 
node 1 1 1 1
node 2 1 1 1
node 3 1 1 1
node 4 1 1 1
node 5 1 1 1
node 6 1 1 1
node 7 1 1 1
node 8 1 1 1
node 9 1 1 1
node 10 1 1 1
node 11 1 1 1
node 12 1 1 1
node 13 1 1 1
node 14 1 1 1
node 15 1 1 1
node 16 1 1 1
node 17 1 1 1
node 18 1 1 1
node 19 1 1 1
node 20 1 1 1
node 21 1 1 1
node 22 1 1 1
node 23 1 1 1
node 24 1 1 1
node 25 1 1 1
node 26 1 1 1
node 27 1 1 1
node 28 1 1 1
node 29 1 1 1
node 30 1 1 1
node 31 1 1 1
node 32 1 1 1
node 33 1 1 1
node 34 1 1 1
node 35 1 1 3
node 36 1 0 2
node 37 1 0 2
node 38 1 0 2
node 39 1 0 2
gene 1 1 36 -4.85315 0 1 -4.85315 1
gene 1 1 37 0.246787 0 2 0.246787 1
gene 1 1 38 -1.34986 0 3 -1.34986 1
gene 1 1 39 -3.27927 0 4 -3.27927 1
gene 1 2 36 -2.49843 0 5 -2.49843 1
gene 1 2 37 5 0 6 5 1
gene 1 2 38 -1.11018 0 7 -1.11018 1
gene 1 2 39 -4.4551 0 8 -4.4551 1
gene 1 3 36 1.78231 0 9 1.78231 1
gene 1 3 37 2.98781 0 10 2.98781 1
gene 1 3 38 1.32579 0 11 1.32579 1
gene 1 3 39 -2.48684 0 12 -2.48684 1
gene 1 4 36 -0.0578208 0 13 -0.0578208 1
gene 1 4 37 4.51743 0 14 4.51743 1
gene 1 4 38 2.40083 0 15 2.40083 1
gene 1 4 39 -0.212446 0 16 -0.212446 1
gene 1 5 36 0.127743 0 17 0.127743 1
gene 1 5 37 3.06586 0 18 3.06586 1
gene 1 5 38 1.69027 0 19 1.69027 1
gene 1 5 39 1.13971 0 20 1.13971 1
gene 1 6 36 2.13328 0 21 2.13328 1
gene 1 6 37 0.0501654 0 22 0.0501654 1
gene 1 6 38 1.60541 0 23 1.60541 1
gene 1 6 39 0.782941 0 24 0.782941 1
gene 1 7 36 2.01726 0 25 2.01726 1
gene 1 7 37 0.0589325 0 26 0.0589325 1
gene 1 7 38 -0.269895 0 27 -0.269895 1
gene 1 7 39 0.305015 0 28 0.305015 1
gene 1 8 36 1.5375 0 29 1.5375 1
gene 1 8 37 2.67217 0 30 2.67217 1
gene 1 8 38 -0.117253 0 31 -0.117253 1
gene 1 8 39 0.117108 0 32 0.117108 1
gene 1 9 36 -2.94249 0 33 -2.94249 1
gene 1 9 37 0.935859 0 34 0.935859 1
gene 1 9 38 -0.0744754 0 35 -0.0744754 1
gene 1 9 39 -3.64382 0 36 -3.64382 1
gene 1 10 36 -2.49958 0 37 -2.49958 1
gene 1 10 37 5 0 38 5 1
gene 1 10 38 -2.26561 0 39 -2.26561 1
gene 1 10 39 3.71801 0 40 3.71801 1
gene 1 11 36 1.66455 0 41 1.66455 1
gene 1 11 37 -0.899188 0 42 -0.899188 1
gene 1 11 38 -0.598437 0 43 -0.598437 1
gene 1 11 39 -1.30339 0 44 -1.30339 1
gene 1 12 36 2.22851 0 45 2.22851 1
gene 1 12 37 -3.88278 0 46 -3.88278 1
gene 1 12 38 -0.266937 0 47 -0.266937 1
gene 1 12 39 0.289055 0 48 0.289055 1
gene 1 13 36 2.81146 0 49 2.81146 1
gene 1 13 37 0.0784388 0 50 0.0784388 1
gene 1 13 38 0.0028035 0 51 0.0028035 1
gene 1 13 39 -3.84997 0 52 -3.84997 1
gene 1 14 36 -1.28358 0 53 -1.28358 1
gene 1 14 37 1.91918 0 54 1.91918 1
gene 1 14 38 3.47438 0 55 3.47438 1
gene 1 14 39 -0.530543 0 56 -0.530543 1
gene 1 15 36 -2.22428 0 57 -2.22428 1
gene 1 15 37 4.93741 0 58 4.93741 1
gene 1 15 38 -4.17608 0 59 -4.17608 1
gene 1 15 39 1.5346 0 60 1.5346 1
gene 1 16 36 -0.721069 0 61 -0.721069 1
gene 1 16 37 0.386885 0 62 0.386885 1
gene 1 16 38 0.640809 0 63 0.640809 1
gene 1 16 39 -1.10806 0 64 -1.10806 1
gene 1 17 36 0.0252707 0 65 0.0252707 1
gene 1 17 37 1.24896 0 66 1.24896 1
gene 1 17 38 0.960765 0 67 0.960765 1
gene 1 17 39 -2.18634 0 68 -2.18634 1
gene 1 18 36 -5 0 69 -5 1
gene 1 18 37 0.224321 0 70 0.224321 1
gene 1 18 38 -3.1613 0 71 -3.1613 1
gene 1 18 39 0.892178 0 72 0.892178 1
gene 1 19 36 -0.638886 0 73 -0.638886 1
gene 1 19 37 -1.11191 0 74 -1.11191 1
gene 1 19 38 2.07561 0 75 2.07561 1
gene 1 19 39 -5 0 76 -5 1
gene 1 20 36 -2.88949 0 77 -2.88949 1
gene 1 20 37 -1.05061 0 78 -1.05061 1
gene 1 20 38 -2.14048 0 79 -2.14048 1
gene 1 20 39 -2.92819 0 80 -2.92819 1
gene 1 21 36 -0.480899 0 81 -0.480899 1
gene 1 21 37 -1.90165 0 82 -1.90165 1
gene 1 21 38 0.858296 0 83 0.858296 1
gene 1 21 39 -2.59966 0 84 -2.59966 1
gene 1 22 36 -1.6395 0 85 -1.6395 1
gene 1 22 37 1.29854 0 86 1.29854 1
gene 1 22 38 1.58652 0 87 1.58652 1
gene 1 22 39 0.730645 0 88 0.730645 1
gene 1 23 36 0.646726 0 89 0.646726 1
gene 1 23 37 3.07835 0 90 3.07835 1
gene 1 23 38 2.2078 0 91 2.2078 1
gene 1 23 39 -2.8216 0 92 -2.8216 1
gene 1 24 36 2.18095 0 93 2.18095 1
gene 1 24 37 -1.61579 0 94 -1.61579 1
gene 1 24 38 0.36852 0 95 0.36852 1
gene 1 24 39 3.01349 0 96 3.01349 1
gene 1 25 36 2.24448 0 97 2.24448 1
gene 1 25 37 5 0 98 5 1
gene 1 25 38 3.56423 0 99 3.56423 1
gene 1 25 39 3.10946 0 100 3.10946 1
gene 1 26 36 1.30035 0 101 1.30035 1
gene 1 26 37 -2.79807 0 102 -2.79807 1
gene 1 26 38 -2.92033 0 103 -2.92033 1
gene 1 26 39 1.14005 0 104 1.14005 1
gene 1 27 36 0.734803 0 105 0.734803 1
gene 1 27 37 1.14877 0 106 1.14877 1
gene 1 27 38 3.56255 0 107 3.56255 1
gene 1 27 39 3.04701 0 108 3.04701 1
gene 1 28 36 2.54727 0 109 2.54727 1
gene 1 28 37 -0.749677 0 110 -0.749677 1
gene 1 28 38 -4.67549 0 111 -4.67549 1
gene 1 28 39 -1.7411 0 112 -1.7411 1
gene 1 29 36 -1.68032 0 113 -1.68032 1
gene 1 29 37 -1.22777 0 114 -1.22777 1
gene 1 29 38 -0.0803231 0 115 -0.0803231 1
gene 1 29 39 0.497326 0 116 0.497326 1
gene 1 30 36 -3.26381 0 117 -3.26381 1
gene 1 30 37 -0.362649 0 118 -0.362649 1
gene 1 30 38 0.529435 0 119 0.529435 1
gene 1 30 39 0.936385 0 120 0.936385 1
gene 1 31 36 -0.781825 0 121 -0.781825 1
gene 1 31 37 -1.4811 0 122 -1.4811 1
gene 1 31 38 2.01568 0 123 2.01568 1
gene 1 31 39 -2.31827 0 124 -2.31827 1
gene 1 32 36 -0.12628 0 125 -0.12628 1
gene 1 32 37 -0.432999 0 126 -0.432999 1
gene 1 32 38 -0.677241 0 127 -0.677241 1
gene 1 32 39 0.0610257 0 128 0.0610257 1
gene 1 33 36 0.62645 0 129 0.62645 1
gene 1 33 37 1.58098 0 130 1.58098 1
gene 1 33 38 -0.567632 0 131 -0.567632 1
gene 1 33 39 -0.737767 0 132 -0.737767 1
gene 1 34 36 -0.685076 0 133 -0.685076 1
gene 1 34 37 -1.36505 0 134 -1.36505 1
gene 1 34 38 -0.528693 0 135 -0.528693 1
gene 1 34 39 0.70304 0 136 0.70304 1
gene 1 35 36 0.555996 0 137 0.555996 1
gene 1 35 37 -0.335056 0 138 -0.335056 1
gene 1 35 38 -3.79037 0 139 -3.79037 1
gene 1 35 39 -1.57917 0 140 -1.57917 1
genomeend 1


