/* Organism #9 Fitness: 17485.878000 Time: 0 */
genomestart 9
trait 1 0.098456 0.572217 0.000000 0.000000 1.000000 0.735874 1.000000 0.647210 
node 1 1 1 1
node 2 1 1 1
node 3 1 1 1
node 4 1 1 1
node 5 1 1 1
node 6 1 1 1
node 7 1 1 1
node 8 1 1 1
node 9 1 1 1
node 10 1 1 1
node 11 1 1 1
node 12 1 1 1
node 13 1 1 1
node 14 1 1 1
node 15 1 1 1
node 16 1 1 1
node 17 1 1 1
node 18 1 1 1
node 19 1 1 1
node 20 1 1 1
node 21 1 1 1
node 22 1 1 1
node 23 1 1 1
node 24 1 1 1
node 25 1 1 1
node 26 1 1 1
node 27 1 1 1
node 28 1 1 1
node 29 1 1 1
node 30 1 1 1
node 31 1 1 1
node 32 1 1 1
node 33 1 1 1
node 34 1 1 1
node 35 1 1 3
node 36 1 0 2
node 37 1 0 2
node 38 1 0 2
node 39 1 0 2
gene 1 1 36 -4.34718 0 1 -4.34718 1
gene 1 1 37 -4.0758 0 2 -4.0758 1
gene 1 1 38 2.12062 0 3 2.12062 1
gene 1 1 39 -0.638133 0 4 -0.638133 1
gene 1 2 36 -2.34522 0 5 -2.34522 1
gene 1 2 37 -3.77633 0 6 -3.77633 1
gene 1 2 38 -1.96629 0 7 -1.96629 1
gene 1 2 39 -0.56693 0 8 -0.56693 1
gene 1 3 36 -1.04785 0 9 -1.04785 1
gene 1 3 37 0.484883 0 10 0.484883 1
gene 1 3 38 3.80989 0 11 3.80989 1
gene 1 3 39 -2.74554 0 12 -2.74554 1
gene 1 4 36 -0.954732 0 13 -0.954732 1
gene 1 4 37 -0.842855 0 14 -0.842855 1
gene 1 4 38 3.87785 0 15 3.87785 1
gene 1 4 39 -0.445122 0 16 -0.445122 1
gene 1 5 36 -4.06363 0 17 -4.06363 1
gene 1 5 37 4.95335 0 18 4.95335 1
gene 1 5 38 -3.26755 0 19 -3.26755 1
gene 1 5 39 0.839176 0 20 0.839176 1
gene 1 6 36 2.92214 0 21 2.92214 1
gene 1 6 37 1.44542 0 22 1.44542 1
gene 1 6 38 1.42749 0 23 1.42749 1
gene 1 6 39 -0.523202 0 24 -0.523202 1
gene 1 7 36 1.5201 0 25 1.5201 1
gene 1 7 37 -0.205349 0 26 -0.205349 1
gene 1 7 38 -0.0985775 0 27 -0.0985775 1
gene 1 7 39 0.174382 0 28 0.174382 1
gene 1 8 36 2.53219 0 29 2.53219 1
gene 1 8 37 -0.526077 0 30 -0.526077 1
gene 1 8 38 2.22997 0 31 2.22997 1
gene 1 8 39 2.55341 0 32 2.55341 1
gene 1 9 36 2.45541 0 33 2.45541 1
gene 1 9 37 -5 0 34 -5 1
gene 1 9 38 -0.634261 0 35 -0.634261 1
gene 1 9 39 3.71756 0 36 3.71756 1
gene 1 10 36 4.52366 0 37 4.52366 1
gene 1 10 37 0.459985 0 38 0.459985 1
gene 1 10 38 -4.06802 0 39 -4.06802 1
gene 1 10 39 -3.40652 0 40 -3.40652 1
gene 1 11 36 3.72299 0 41 3.72299 1
gene 1 11 37 -4.24287 0 42 -4.24287 1
gene 1 11 38 -2.75458 0 43 -2.75458 1
gene 1 11 39 1.71315 0 44 1.71315 1
gene 1 12 36 2.70143 0 45 2.70143 1
gene 1 12 37 -3.1865 0 46 -3.1865 1
gene 1 12 38 -4.61932 0 47 -4.61932 1
gene 1 12 39 -5 0 48 -5 1
gene 1 13 36 -3.96794 0 49 -3.96794 1
gene 1 13 37 3.96308 0 50 3.96308 1
gene 1 13 38 4.75033 0 51 4.75033 1
gene 1 13 39 3.16124 0 52 3.16124 1
gene 1 14 36 -1.66542 0 53 -1.66542 1
gene 1 14 37 4.36694 0 54 4.36694 1
gene 1 14 38 1.0906 0 55 1.0906 1
gene 1 14 39 -0.00331183 0 56 -0.00331183 1
gene 1 15 36 -0.532891 0 57 -0.532891 1
gene 1 15 37 1.45885 0 58 1.45885 1
gene 1 15 38 4.82778 0 59 4.82778 1
gene 1 15 39 -0.532576 0 60 -0.532576 1
gene 1 16 36 3.04759 0 61 3.04759 1
gene 1 16 37 0.489779 0 62 0.489779 1
gene 1 16 38 -0.607584 0 63 -0.607584 1
gene 1 16 39 3.80418 0 64 3.80418 1
gene 1 17 36 0.297094 0 65 0.297094 1
gene 1 17 37 -2.71099 0 66 -2.71099 1
gene 1 17 38 -0.224892 0 67 -0.224892 1
gene 1 17 39 -0.698912 0 68 -0.698912 1
gene 1 18 36 2.63425 0 69 2.63425 1
gene 1 18 37 0.155849 0 70 0.155849 1
gene 1 18 38 3.94212 0 71 3.94212 1
gene 1 18 39 -2.53216 0 72 -2.53216 1
gene 1 19 36 -1.28796 0 73 -1.28796 1
gene 1 19 37 -2.53415 0 74 -2.53415 1
gene 1 19 38 -2.79747 0 75 -2.79747 1
gene 1 19 39 -0.186268 0 76 -0.186268 1
gene 1 20 36 -1.74287 0 77 -1.74287 1
gene 1 20 37 -0.300879 0 78 -0.300879 1
gene 1 20 38 -2.71419 0 79 -2.71419 1
gene 1 20 39 -5 0 80 -5 1
gene 1 21 36 2.26914 0 81 2.26914 1
gene 1 21 37 3.09757 0 82 3.09757 1
gene 1 21 38 -0.884979 0 83 -0.884979 1
gene 1 21 39 2.39671 0 84 2.39671 1
gene 1 22 36 -1.68624 0 85 -1.68624 1
gene 1 22 37 -0.738199 0 86 -0.738199 1
gene 1 22 38 3.18112 0 87 3.18112 1
gene 1 22 39 0.11423 0 88 0.11423 1
gene 1 23 36 -4.31843 0 89 -4.31843 1
gene 1 23 37 0.467563 0 90 0.467563 1
gene 1 23 38 -2.41306 0 91 -2.41306 1
gene 1 23 39 2.43593 0 92 2.43593 1
gene 1 24 36 -0.970733 0 93 -0.970733 1
gene 1 24 37 4.7504 0 94 4.7504 1
gene 1 24 38 1.02057 0 95 1.02057 1
gene 1 24 39 -0.173801 0 96 -0.173801 1
gene 1 25 36 5 0 97 5 1
gene 1 25 37 4.25847 0 98 4.25847 1
gene 1 25 38 0.107039 0 99 0.107039 1
gene 1 25 39 -2.57708 0 100 -2.57708 1
gene 1 26 36 0.937393 0 101 0.937393 1
gene 1 26 37 -0.676525 0 102 -0.676525 1
gene 1 26 38 1.64782 0 103 1.64782 1
gene 1 26 39 -0.256433 0 104 -0.256433 1
gene 1 27 36 -0.514444 0 105 -0.514444 1
gene 1 27 37 4.48311 0 106 4.48311 1
gene 1 27 38 3.34206 0 107 3.34206 1
gene 1 27 39 4.10432 0 108 4.10432 1
gene 1 28 36 -2.04445 0 109 -2.04445 1
gene 1 28 37 1.02593 0 110 1.02593 1
gene 1 28 38 -1.17388 0 111 -1.17388 1
gene 1 28 39 0.978369 0 112 0.978369 1
gene 1 29 36 -2.58416 0 113 -2.58416 1
gene 1 29 37 -1.59299 0 114 -1.59299 1
gene 1 29 38 -0.0897243 0 115 -0.0897243 1
gene 1 29 39 0.462814 0 116 0.462814 1
gene 1 30 36 0.00499505 0 117 0.00499505 1
gene 1 30 37 -0.829587 0 118 -0.829587 1
gene 1 30 38 -3.13077 0 119 -3.13077 1
gene 1 30 39 0.0853313 0 120 0.0853313 1
gene 1 31 36 0.419323 0 121 0.419323 1
gene 1 31 37 -1.28549 0 122 -1.28549 1
gene 1 31 38 0.989382 0 123 0.989382 1
gene 1 31 39 -2.81162 0 124 -2.81162 1
gene 1 32 36 0.447551 0 125 0.447551 1
gene 1 32 37 0.789803 0 126 0.789803 1
gene 1 32 38 0.744745 0 127 0.744745 1
gene 1 32 39 0.111683 0 128 0.111683 1
gene 1 33 36 -0.981375 0 129 -0.981375 1
gene 1 33 37 0.897941 0 130 0.897941 1
gene 1 33 38 -0.603773 0 131 -0.603773 1
gene 1 33 39 -0.92535 0 132 -0.92535 1
gene 1 34 36 -0.0742391 0 133 -0.0742391 1
gene 1 34 37 1.2109 0 134 1.2109 1
gene 1 34 38 0.627284 0 135 0.627284 1
gene 1 34 39 0.207664 0 136 0.207664 1
gene 1 35 36 -0.95555 0 137 -0.95555 1
gene 1 35 37 0.802856 0 138 0.802856 1
gene 1 35 38 -2.33548 0 139 -2.33548 1
gene 1 35 39 -1.50624 0 140 -1.50624 1
genomeend 9


