/* Organism #11 Fitness: 14008.158000 Time: 0 */
genomestart 11
trait 1 0.100000 0.942390 0.802988 0.078092 0.000000 0.714663 0.000000 0.868096 
node 1 1 1 1
node 2 1 1 1
node 3 1 1 1
node 4 1 1 1
node 5 1 1 1
node 6 1 1 1
node 7 1 1 1
node 8 1 1 1
node 9 1 1 1
node 10 1 1 1
node 11 1 1 1
node 12 1 1 1
node 13 1 1 1
node 14 1 1 1
node 15 1 1 1
node 16 1 1 1
node 17 1 1 1
node 18 1 1 1
node 19 1 1 1
node 20 1 1 1
node 21 1 1 1
node 22 1 1 1
node 23 1 1 1
node 24 1 1 1
node 25 1 1 1
node 26 1 1 1
node 27 1 1 1
node 28 1 1 1
node 29 1 1 1
node 30 1 1 3
node 31 1 0 2
node 32 1 0 2
node 33 1 0 2
gene 1 1 31 -0.229469 0 1 -0.229469 1
gene 1 1 32 -0.837261 0 2 -0.837261 1
gene 1 1 33 -1.01317 0 3 -1.01317 1
gene 1 2 31 -0.110631 0 4 -0.110631 1
gene 1 2 32 0.524528 0 5 0.524528 1
gene 1 2 33 0.366412 0 6 0.366412 1
gene 1 3 31 1.53977 0 7 1.53977 1
gene 1 3 32 -1.7459 0 8 -1.7459 1
gene 1 3 33 2.22925 0 9 2.22925 1
gene 1 4 31 -0.284422 0 10 -0.284422 1
gene 1 4 32 0.220401 0 11 0.220401 1
gene 1 4 33 -0.371955 0 12 -0.371955 1
gene 1 5 31 3.20328 0 13 3.20328 1
gene 1 5 32 2.47625 0 14 2.47625 1
gene 1 5 33 1.83567 0 15 1.83567 1
gene 1 6 31 2.06627 0 16 2.06627 1
gene 1 6 32 -0.779178 0 17 -0.779178 1
gene 1 6 33 0.0827637 0 18 0.0827637 1
gene 1 7 31 0.577194 0 19 0.577194 1
gene 1 7 32 2.3518 0 20 2.3518 1
gene 1 7 33 0.517101 0 21 0.517101 1
gene 1 8 31 5 0 22 5 1
gene 1 8 32 -1.46506 0 23 -1.46506 1
gene 1 8 33 -0.163595 0 24 -0.163595 1
gene 1 9 31 0.260014 0 25 0.260014 1
gene 1 9 32 0.367619 0 26 0.367619 1
gene 1 9 33 -1.62449 0 27 -1.62449 1
gene 1 10 31 0.941722 0 28 0.941722 1
gene 1 10 32 -0.703072 0 29 -0.703072 1
gene 1 10 33 -1.05593 0 30 -1.05593 1
gene 1 11 31 -3.47665 0 31 -3.47665 1
gene 1 11 32 -3.55704 0 32 -3.55704 1
gene 1 11 33 1.02984 0 33 1.02984 1
gene 1 12 31 0.613982 0 34 0.613982 1
gene 1 12 32 -1.31878 0 35 -1.31878 1
gene 1 12 33 -0.162861 0 36 -0.162861 1
gene 1 13 31 -1.63654 0 37 -1.63654 1
gene 1 13 32 -0.910076 0 38 -0.910076 1
gene 1 13 33 -1.48023 0 39 -1.48023 1
gene 1 14 31 0.0911783 0 40 0.0911783 1
gene 1 14 32 -0.583612 0 41 -0.583612 1
gene 1 14 33 3.21218 0 42 3.21218 1
gene 1 15 31 4.2895 0 43 4.2895 1
gene 1 15 32 0.832878 0 44 0.832878 1
gene 1 15 33 -1.47754 0 45 -1.47754 1
gene 1 16 31 -1.82179 0 46 -1.82179 1
gene 1 16 32 3.80094 0 47 3.80094 1
gene 1 16 33 0.133795 0 48 0.133795 1
gene 1 17 31 0.91452 0 49 0.91452 1
gene 1 17 32 0.401817 0 50 0.401817 1
gene 1 17 33 1.92857 0 51 1.92857 1
gene 1 18 31 2.87869 0 52 2.87869 1
gene 1 18 32 1.57134 0 53 1.57134 1
gene 1 18 33 -1.25567 0 54 -1.25567 1
gene 1 19 31 0.7768 0 55 0.7768 1
gene 1 19 32 -0.987274 0 56 -0.987274 1
gene 1 19 33 2.24402 0 57 2.24402 1
gene 1 20 31 -1.20968 0 58 -1.20968 1
gene 1 20 32 -0.752962 0 59 -0.752962 1
gene 1 20 33 0.33206 0 60 0.33206 1
gene 1 21 31 0.769527 0 61 0.769527 1
gene 1 21 32 -0.0139651 0 62 -0.0139651 1
gene 1 21 33 0.390852 0 63 0.390852 1
gene 1 22 31 1.59259 0 64 1.59259 1
gene 1 22 32 -0.258197 0 65 -0.258197 1
gene 1 22 33 0.990609 0 66 0.990609 1
gene 1 23 31 -1.85324 0 67 -1.85324 1
gene 1 23 32 0.809687 0 68 0.809687 1
gene 1 23 33 -0.115109 0 69 -0.115109 1
gene 1 24 31 0.976656 0 70 0.976656 1
gene 1 24 32 1.17937 0 71 1.17937 1
gene 1 24 33 -0.135244 0 72 -0.135244 1
gene 1 25 31 0.385885 0 73 0.385885 1
gene 1 25 32 0.279861 0 74 0.279861 1
gene 1 25 33 0.265945 0 75 0.265945 1
gene 1 26 31 -0.905963 0 76 -0.905963 1
gene 1 26 32 0.285309 0 77 0.285309 1
gene 1 26 33 -4.75266 0 78 -4.75266 1
gene 1 27 31 -2.65836 0 79 -2.65836 1
gene 1 27 32 -1.39737 0 80 -1.39737 1
gene 1 27 33 0.47016 0 81 0.47016 1
gene 1 28 31 0.775478 0 82 0.775478 1
gene 1 28 32 1.65288 0 83 1.65288 1
gene 1 28 33 -0.28416 0 84 -0.28416 1
gene 1 29 31 0.32647 0 85 0.32647 1
gene 1 29 32 -0.203602 0 86 -0.203602 1
gene 1 29 33 0.0665248 0 87 0.0665248 1
gene 1 30 31 -2.8929 0 88 -2.8929 1
gene 1 30 32 -2.37034 0 89 -2.37034 1
gene 1 30 33 0.176384 0 90 0.176384 1
genomeend 11


