/* Organism #5 Fitness: 13613.838000 Time: 0 */
genomestart 5
trait 1 0.000000 0.083716 0.355952 0.075110 0.000000 0.000000 0.570360 0.416876 
node 1 1 1 1
node 2 1 1 1
node 3 1 1 1
node 4 1 1 1
node 5 1 1 1
node 6 1 1 1
node 7 1 1 1
node 8 1 1 1
node 9 1 1 1
node 10 1 1 1
node 11 1 1 1
node 12 1 1 1
node 13 1 1 1
node 14 1 1 1
node 15 1 1 1
node 16 1 1 1
node 17 1 1 1
node 18 1 1 1
node 19 1 1 1
node 20 1 1 1
node 21 1 1 1
node 22 1 1 1
node 23 1 1 1
node 24 1 1 1
node 25 1 1 1
node 26 1 1 1
node 27 1 1 1
node 28 1 1 1
node 29 1 1 1
node 30 1 1 3
node 31 1 0 2
node 32 1 0 2
node 33 1 0 2
gene 1 1 31 -5 0 1 -5 1
gene 1 1 32 -0.667492 0 2 -0.667492 1
gene 1 1 33 0.706401 0 3 0.706401 1
gene 1 2 31 1.46403 0 4 1.46403 1
gene 1 2 32 3.47169 0 5 3.47169 1
gene 1 2 33 1.45325 0 6 1.45325 1
gene 1 3 31 -0.138845 0 7 -0.138845 1
gene 1 3 32 -3.13385 0 8 -3.13385 1
gene 1 3 33 -1.51027 0 9 -1.51027 1
gene 1 4 31 0.873607 0 10 0.873607 1
gene 1 4 32 3.35322 0 11 3.35322 1
gene 1 4 33 2.16158 0 12 2.16158 1
gene 1 5 31 2.70549 0 13 2.70549 1
gene 1 5 32 -0.479424 0 14 -0.479424 1
gene 1 5 33 -3.58732 0 15 -3.58732 1
gene 1 6 31 0.406199 0 16 0.406199 1
gene 1 6 32 3.04878 0 17 3.04878 1
gene 1 6 33 4.56531 0 18 4.56531 1
gene 1 7 31 4.26458 0 19 4.26458 1
gene 1 7 32 -3.59623 0 20 -3.59623 1
gene 1 7 33 1.11961 0 21 1.11961 1
gene 1 8 31 0.675154 0 22 0.675154 1
gene 1 8 32 1.44325 0 23 1.44325 1
gene 1 8 33 -4.62501 0 24 -4.62501 1
gene 1 9 31 -0.480465 0 25 -0.480465 1
gene 1 9 32 3.1764 0 26 3.1764 1
gene 1 9 33 0.843009 0 27 0.843009 1
gene 1 10 31 -4.95435 0 28 -4.95435 1
gene 1 10 32 2.08508 0 29 2.08508 1
gene 1 10 33 1.57162 0 30 1.57162 1
gene 1 11 31 -2.27705 0 31 -2.27705 1
gene 1 11 32 2.92242 0 32 2.92242 1
gene 1 11 33 -2.37574 0 33 -2.37574 1
gene 1 12 31 1.64182 0 34 1.64182 1
gene 1 12 32 -3.47022 0 35 -3.47022 1
gene 1 12 33 1.68628 0 36 1.68628 1
gene 1 13 31 -1.77917 0 37 -1.77917 1
gene 1 13 32 3.70609 0 38 3.70609 1
gene 1 13 33 3.45941 0 39 3.45941 1
gene 1 14 31 -0.939144 0 40 -0.939144 1
gene 1 14 32 -0.372082 0 41 -0.372082 1
gene 1 14 33 1.18658 0 42 1.18658 1
gene 1 15 31 -1.0481 0 43 -1.0481 1
gene 1 15 32 0.438708 0 44 0.438708 1
gene 1 15 33 1.59817 0 45 1.59817 1
gene 1 16 31 -0.237493 0 46 -0.237493 1
gene 1 16 32 -0.765236 0 47 -0.765236 1
gene 1 16 33 0.893244 0 48 0.893244 1
gene 1 17 31 2.37604 0 49 2.37604 1
gene 1 17 32 3.83554 0 50 3.83554 1
gene 1 17 33 -0.18384 0 51 -0.18384 1
gene 1 18 31 2.93417 0 52 2.93417 1
gene 1 18 32 -3.63607 0 53 -3.63607 1
gene 1 18 33 -2.08229 0 54 -2.08229 1
gene 1 19 31 1.29562 0 55 1.29562 1
gene 1 19 32 3.22887 0 56 3.22887 1
gene 1 19 33 0.316706 0 57 0.316706 1
gene 1 20 31 -0.588284 0 58 -0.588284 1
gene 1 20 32 -1.6199 0 59 -1.6199 1
gene 1 20 33 -3.53012 0 60 -3.53012 1
gene 1 21 31 -0.0561278 0 61 -0.0561278 1
gene 1 21 32 0.823871 0 62 0.823871 1
gene 1 21 33 -0.928907 0 63 -0.928907 1
gene 1 22 31 -0.135854 0 64 -0.135854 1
gene 1 22 32 -0.45774 0 65 -0.45774 1
gene 1 22 33 -1.69888 0 66 -1.69888 1
gene 1 23 31 -0.333693 0 67 -0.333693 1
gene 1 23 32 0.347453 0 68 0.347453 1
gene 1 23 33 2.7759 0 69 2.7759 1
gene 1 24 31 1.81577 0 70 1.81577 1
gene 1 24 32 -0.996925 0 71 -0.996925 1
gene 1 24 33 2.09311 0 72 2.09311 1
gene 1 25 31 -0.215303 0 73 -0.215303 1
gene 1 25 32 -0.0439113 0 74 -0.0439113 1
gene 1 25 33 0.219309 0 75 0.219309 1
gene 1 26 31 0.114865 0 76 0.114865 1
gene 1 26 32 -0.527349 0 77 -0.527349 1
gene 1 26 33 -0.761316 0 78 -0.761316 1
gene 1 27 31 -1.04148 0 79 -1.04148 1
gene 1 27 32 -0.624797 0 80 -0.624797 1
gene 1 27 33 -0.782953 0 81 -0.782953 1
gene 1 28 31 1.86581 0 82 1.86581 1
gene 1 28 32 -0.403181 0 83 -0.403181 1
gene 1 28 33 0.334904 0 84 0.334904 1
gene 1 29 31 -1.93526 0 85 -1.93526 1
gene 1 29 32 1.21686 0 86 1.21686 1
gene 1 29 33 0.725887 0 87 0.725887 1
gene 1 30 31 -4.71443 0 88 -4.71443 1
gene 1 30 32 -4.30827 0 89 -4.30827 1
gene 1 30 33 1.00322 0 90 1.00322 1
genomeend 5


