/* Organism #7 Fitness: 41569.694000 Time: 0 */
genomestart 7
trait 1 0.953314 0.000000 0.488147 0.353713 0.555381 0.891155 0.952403 0.000000 
node 1 1 1 1
node 2 1 1 1
node 3 1 1 1
node 4 1 1 1
node 5 1 1 1
node 6 1 1 1
node 7 1 1 1
node 8 1 1 1
node 9 1 1 1
node 10 1 1 1
node 11 1 1 1
node 12 1 1 1
node 13 1 1 1
node 14 1 1 1
node 15 1 1 1
node 16 1 1 1
node 17 1 1 1
node 18 1 1 1
node 19 1 1 1
node 20 1 1 1
node 21 1 1 1
node 22 1 1 1
node 23 1 1 1
node 24 1 1 1
node 25 1 1 1
node 26 1 1 3
node 27 1 0 2
node 28 1 0 2
node 29 1 0 2
gene 1 1 27 -0.51746 0 1 -0.51746 1
gene 1 1 28 3.59798 0 2 3.59798 1
gene 1 1 29 0.479608 0 3 0.479608 1
gene 1 2 27 4.76232 0 4 4.76232 1
gene 1 2 28 -5 0 5 -5 1
gene 1 2 29 -3.38 0 6 -3.38 1
gene 1 3 27 -2.78375 0 7 -2.78375 1
gene 1 3 28 -0.279959 0 8 -0.279959 1
gene 1 3 29 2.59781 0 9 2.59781 1
gene 1 4 27 0.469595 0 10 0.469595 1
gene 1 4 28 4.34695 0 11 4.34695 1
gene 1 4 29 -5 0 12 -5 1
gene 1 5 27 4.18022 0 13 4.18022 1
gene 1 5 28 3.82061 0 14 3.82061 1
gene 1 5 29 2.83423 0 15 2.83423 1
gene 1 6 27 -1.24813 0 16 -1.24813 1
gene 1 6 28 -3.05006 0 17 -3.05006 1
gene 1 6 29 1.63032 0 18 1.63032 1
gene 1 7 27 -4.07758 0 19 -4.07758 1
gene 1 7 28 0.898756 0 20 0.898756 1
gene 1 7 29 -0.40554 0 21 -0.40554 1
gene 1 8 27 -1.73979 0 22 -1.73979 1
gene 1 8 28 -2.76199 0 23 -2.76199 1
gene 1 8 29 -1.08397 0 24 -1.08397 1
gene 1 9 27 -4.44908 0 25 -4.44908 1
gene 1 9 28 0.684846 0 26 0.684846 1
gene 1 9 29 1.91751 0 27 1.91751 1
gene 1 10 27 -1.30377 0 28 -1.30377 1
gene 1 10 28 -1.72271 0 29 -1.72271 1
gene 1 10 29 5 0 30 5 1
gene 1 11 27 -0.110312 0 31 -0.110312 1
gene 1 11 28 4.38948 0 32 4.38948 1
gene 1 11 29 1.65811 0 33 1.65811 1
gene 1 12 27 -0.867657 0 34 -0.867657 1
gene 1 12 28 0.916768 0 35 0.916768 1
gene 1 12 29 -2.08776 0 36 -2.08776 1
gene 1 13 27 -0.947247 0 37 -0.947247 1
gene 1 13 28 0.764209 0 38 0.764209 1
gene 1 13 29 -0.534971 0 39 -0.534971 1
gene 1 14 27 0.307445 0 40 0.307445 1
gene 1 14 28 -0.0744479 0 41 -0.0744479 1
gene 1 14 29 -2.96252 0 42 -2.96252 1
gene 1 15 27 3.01469 0 43 3.01469 1
gene 1 15 28 3.05424 0 44 3.05424 1
gene 1 15 29 -0.974359 0 45 -0.974359 1
gene 1 16 27 0.710723 0 46 0.710723 1
gene 1 16 28 0.460046 0 47 0.460046 1
gene 1 16 29 -4.85453 0 48 -4.85453 1
gene 1 17 27 2.71174 0 49 2.71174 1
gene 1 17 28 -0.215172 0 50 -0.215172 1
gene 1 17 29 -0.28246 0 51 -0.28246 1
gene 1 18 27 -5 0 52 -5 1
gene 1 18 28 -0.792266 0 53 -0.792266 1
gene 1 18 29 -4.61301 0 54 -4.61301 1
gene 1 19 27 1.86338 0 55 1.86338 1
gene 1 19 28 1.22121 0 56 1.22121 1
gene 1 19 29 0.309752 0 57 0.309752 1
gene 1 20 27 0.37262 0 58 0.37262 1
gene 1 20 28 -3.24638 0 59 -3.24638 1
gene 1 20 29 3.33369 0 60 3.33369 1
gene 1 21 27 -0.238896 0 61 -0.238896 1
gene 1 21 28 -4.47135 0 62 -4.47135 1
gene 1 21 29 -2.57577 0 63 -2.57577 1
gene 1 22 27 -2.05013 0 64 -2.05013 1
gene 1 22 28 0.905495 0 65 0.905495 1
gene 1 22 29 0.702339 0 66 0.702339 1
gene 1 23 27 0.716613 0 67 0.716613 1
gene 1 23 28 0.358034 0 68 0.358034 1
gene 1 23 29 -1.37032 0 69 -1.37032 1
gene 1 24 27 0.669876 0 70 0.669876 1
gene 1 24 28 -0.756738 0 71 -0.756738 1
gene 1 24 29 0.644294 0 72 0.644294 1
gene 1 25 27 -0.00422042 0 73 -0.00422042 1
gene 1 25 28 -0.186266 0 74 -0.186266 1
gene 1 25 29 -0.477085 0 75 -0.477085 1
gene 1 26 27 3.28814 0 76 3.28814 1
gene 1 26 28 5 0 77 5 1
gene 1 26 29 -0.999167 0 78 -0.999167 1
genomeend 7


