/* Organism #40 Fitness: 41673.850000 Time: 0 */
genomestart 40
trait 1 1.000000 0.865807 0.251873 0.438863 0.000000 0.950087 0.000000 0.064154 
node 1 1 1 1
node 2 1 1 1
node 3 1 1 1
node 4 1 1 1
node 5 1 1 1
node 6 1 1 1
node 7 1 1 1
node 8 1 1 1
node 9 1 1 1
node 10 1 1 1
node 11 1 1 1
node 12 1 1 1
node 13 1 1 1
node 14 1 1 1
node 15 1 1 1
node 16 1 1 1
node 17 1 1 1
node 18 1 1 1
node 19 1 1 1
node 20 1 1 1
node 21 1 1 1
node 22 1 1 1
node 23 1 1 1
node 24 1 1 1
node 25 1 1 1
node 26 1 1 3
node 27 1 0 2
node 28 1 0 2
node 29 1 0 2
gene 1 1 27 -0.472525 0 1 -0.472525 1
gene 1 1 28 -0.691001 0 2 -0.691001 1
gene 1 1 29 0.0213395 0 3 0.0213395 1
gene 1 2 27 2.6454 0 4 2.6454 1
gene 1 2 28 1.74331 0 5 1.74331 1
gene 1 2 29 -4.00273 0 6 -4.00273 1
gene 1 3 27 -1.83509 0 7 -1.83509 1
gene 1 3 28 4.72959 0 8 4.72959 1
gene 1 3 29 -3.4318 0 9 -3.4318 1
gene 1 4 27 5 0 10 5 1
gene 1 4 28 3.84429 0 11 3.84429 1
gene 1 4 29 2.78075 0 12 2.78075 1
gene 1 5 27 -5 0 13 -5 1
gene 1 5 28 -0.995124 0 14 -0.995124 1
gene 1 5 29 1.73153 0 15 1.73153 1
gene 1 6 27 3.78745 0 16 3.78745 1
gene 1 6 28 -5 0 17 -5 1
gene 1 6 29 -5 0 18 -5 1
gene 1 7 27 -1.52694 0 19 -1.52694 1
gene 1 7 28 -0.573787 0 20 -0.573787 1
gene 1 7 29 0.492479 0 21 0.492479 1
gene 1 8 27 -5 0 22 -5 1
gene 1 8 28 -0.948999 0 23 -0.948999 1
gene 1 8 29 -2.23414 0 24 -2.23414 1
gene 1 9 27 2.40092 0 25 2.40092 1
gene 1 9 28 -2.15776 0 26 -2.15776 1
gene 1 9 29 -1.35546 0 27 -1.35546 1
gene 1 10 27 -0.930868 0 28 -0.930868 1
gene 1 10 28 0.128166 0 29 0.128166 1
gene 1 10 29 -4.8185 0 30 -4.8185 1
gene 1 11 27 -1.64197 0 31 -1.64197 1
gene 1 11 28 -1.57651 0 32 -1.57651 1
gene 1 11 29 3.59061 0 33 3.59061 1
gene 1 12 27 -1.29838 0 34 -1.29838 1
gene 1 12 28 1.86643 0 35 1.86643 1
gene 1 12 29 -3.94812 0 36 -3.94812 1
gene 1 13 27 -3.24829 0 37 -3.24829 1
gene 1 13 28 3.41166 0 38 3.41166 1
gene 1 13 29 -0.983458 0 39 -0.983458 1
gene 1 14 27 3.49169 0 40 3.49169 1
gene 1 14 28 -0.236984 0 41 -0.236984 1
gene 1 14 29 -1.59347 0 42 -1.59347 1
gene 1 15 27 1.99721 0 43 1.99721 1
gene 1 15 28 -0.0170093 0 44 -0.0170093 1
gene 1 15 29 4.4073 0 45 4.4073 1
gene 1 16 27 -4.46414 0 46 -4.46414 1
gene 1 16 28 0.850346 0 47 0.850346 1
gene 1 16 29 -3.01531 0 48 -3.01531 1
gene 1 17 27 -2.65165 0 49 -2.65165 1
gene 1 17 28 -0.70953 0 50 -0.70953 1
gene 1 17 29 4.2533 0 51 4.2533 1
gene 1 18 27 1.12764 0 52 1.12764 1
gene 1 18 28 2.91203 0 53 2.91203 1
gene 1 18 29 0.1312 0 54 0.1312 1
gene 1 19 27 -4.57136 0 55 -4.57136 1
gene 1 19 28 0.860209 0 56 0.860209 1
gene 1 19 29 -1.92339 0 57 -1.92339 1
gene 1 20 27 -0.391418 0 58 -0.391418 1
gene 1 20 28 0.374796 0 59 0.374796 1
gene 1 20 29 -3.23283 0 60 -3.23283 1
gene 1 21 27 -0.621146 0 61 -0.621146 1
gene 1 21 28 -3.18079 0 62 -3.18079 1
gene 1 21 29 4.36062 0 63 4.36062 1
gene 1 22 27 -0.704276 0 64 -0.704276 1
gene 1 22 28 -2.07171 0 65 -2.07171 1
gene 1 22 29 -0.544599 0 66 -0.544599 1
gene 1 23 27 4.35511 0 67 4.35511 1
gene 1 23 28 -0.700044 0 68 -0.700044 1
gene 1 23 29 -0.0886292 0 69 -0.0886292 1
gene 1 24 27 -0.0518932 0 70 -0.0518932 1
gene 1 24 28 -0.548386 0 71 -0.548386 1
gene 1 24 29 -0.848541 0 72 -0.848541 1
gene 1 25 27 -0.896775 0 73 -0.896775 1
gene 1 25 28 0.958148 0 74 0.958148 1
gene 1 25 29 0.462675 0 75 0.462675 1
gene 1 26 27 0.210659 0 76 0.210659 1
gene 1 26 28 -3.62951 0 77 -3.62951 1
gene 1 26 29 0.99278 0 78 0.99278 1
genomeend 40


