/* Organism #11 Fitness: 40688.872000 Time: 0 */
genomestart 11
trait 1 0.000000 0.204643 1.000000 1.000000 0.063731 0.640897 0.079592 0.557533 
node 1 1 1 1
node 2 1 1 1
node 3 1 1 1
node 4 1 1 1
node 5 1 1 1
node 6 1 1 1
node 7 1 1 1
node 8 1 1 1
node 9 1 1 1
node 10 1 1 1
node 11 1 1 1
node 12 1 1 1
node 13 1 1 1
node 14 1 1 1
node 15 1 1 1
node 16 1 1 1
node 17 1 1 1
node 18 1 1 1
node 19 1 1 1
node 20 1 1 1
node 21 1 1 1
node 22 1 1 1
node 23 1 1 1
node 24 1 1 1
node 25 1 1 1
node 26 1 1 3
node 27 1 0 2
node 28 1 0 2
node 29 1 0 2
gene 1 1 27 -2.20599 0 1 -2.20599 1
gene 1 1 28 -1.35225 0 2 -1.35225 1
gene 1 1 29 0.127493 0 3 0.127493 1
gene 1 2 27 -2.19947 0 4 -2.19947 1
gene 1 2 28 0.427004 0 5 0.427004 1
gene 1 2 29 1.45207 0 6 1.45207 1
gene 1 3 27 -2.99796 0 7 -2.99796 1
gene 1 3 28 -3.97123 0 8 -3.97123 1
gene 1 3 29 -0.212033 0 9 -0.212033 1
gene 1 4 27 -0.990121 0 10 -0.990121 1
gene 1 4 28 -0.200326 0 11 -0.200326 1
gene 1 4 29 -1.34879 0 12 -1.34879 1
gene 1 5 27 -2.44235 0 13 -2.44235 1
gene 1 5 28 5 0 14 5 1
gene 1 5 29 0.271544 0 15 0.271544 1
gene 1 6 27 0.400493 0 16 0.400493 1
gene 1 6 28 5 0 17 5 1
gene 1 6 29 0.951331 0 18 0.951331 1
gene 1 7 27 0.263115 0 19 0.263115 1
gene 1 7 28 -0.493499 0 20 -0.493499 1
gene 1 7 29 -3.47767 0 21 -3.47767 1
gene 1 8 27 5 0 22 5 1
gene 1 8 28 -0.0851647 0 23 -0.0851647 1
gene 1 8 29 0.751742 0 24 0.751742 1
gene 1 9 27 -4.72362 0 25 -4.72362 1
gene 1 9 28 -0.195844 0 26 -0.195844 1
gene 1 9 29 1.12032 0 27 1.12032 1
gene 1 10 27 -0.838088 0 28 -0.838088 1
gene 1 10 28 -0.680799 0 29 -0.680799 1
gene 1 10 29 0.524555 0 30 0.524555 1
gene 1 11 27 -0.426272 0 31 -0.426272 1
gene 1 11 28 1.4014 0 32 1.4014 1
gene 1 11 29 2.16116 0 33 2.16116 1
gene 1 12 27 1.09101 0 34 1.09101 1
gene 1 12 28 -0.201669 0 35 -0.201669 1
gene 1 12 29 -0.293579 0 36 -0.293579 1
gene 1 13 27 1.07334 0 37 1.07334 1
gene 1 13 28 -0.734316 0 38 -0.734316 1
gene 1 13 29 0.930337 0 39 0.930337 1
gene 1 14 27 0.413008 0 40 0.413008 1
gene 1 14 28 2.47815 0 41 2.47815 1
gene 1 14 29 -4.29823 0 42 -4.29823 1
gene 1 15 27 2.10414 0 43 2.10414 1
gene 1 15 28 -3.95296 0 44 -3.95296 1
gene 1 15 29 0.583926 0 45 0.583926 1
gene 1 16 27 0.959414 0 46 0.959414 1
gene 1 16 28 -0.989895 0 47 -0.989895 1
gene 1 16 29 2.33941 0 48 2.33941 1
gene 1 17 27 -1.85032 0 49 -1.85032 1
gene 1 17 28 0.317502 0 50 0.317502 1
gene 1 17 29 3.95076 0 51 3.95076 1
gene 1 18 27 0.815532 0 52 0.815532 1
gene 1 18 28 0.143656 0 53 0.143656 1
gene 1 18 29 -1.51952 0 54 -1.51952 1
gene 1 19 27 -2.09268 0 55 -2.09268 1
gene 1 19 28 -1.09425 0 56 -1.09425 1
gene 1 19 29 1.17139 0 57 1.17139 1
gene 1 20 27 1.34117 0 58 1.34117 1
gene 1 20 28 -1.46598 0 59 -1.46598 1
gene 1 20 29 1.71533 0 60 1.71533 1
gene 1 21 27 1.09609 0 61 1.09609 1
gene 1 21 28 -1.2852 0 62 -1.2852 1
gene 1 21 29 0.870168 0 63 0.870168 1
gene 1 22 27 -1.95324 0 64 -1.95324 1
gene 1 22 28 5 0 65 5 1
gene 1 22 29 -0.235963 0 66 -0.235963 1
gene 1 23 27 -0.786616 0 67 -0.786616 1
gene 1 23 28 2.67763 0 68 2.67763 1
gene 1 23 29 1.11896 0 69 1.11896 1
gene 1 24 27 -0.921752 0 70 -0.921752 1
gene 1 24 28 1.03944 0 71 1.03944 1
gene 1 24 29 0.161605 0 72 0.161605 1
gene 1 25 27 -1.04308 0 73 -1.04308 1
gene 1 25 28 0.396525 0 74 0.396525 1
gene 1 25 29 -0.409814 0 75 -0.409814 1
gene 1 26 27 -0.244626 0 76 -0.244626 1
gene 1 26 28 -1.02505 0 77 -1.02505 1
gene 1 26 29 -0.262473 0 78 -0.262473 1
genomeend 11


