/* Organism #78 Fitness: 41762.574000 Time: 0 */
genomestart 78
trait 1 0.000000 0.234891 1.000000 0.000000 1.000000 0.000000 0.000000 1.000000 
node 1 1 1 1
node 2 1 1 1
node 3 1 1 1
node 4 1 1 1
node 5 1 1 1
node 6 1 1 1
node 7 1 1 1
node 8 1 1 1
node 9 1 1 1
node 10 1 1 1
node 11 1 1 1
node 12 1 1 1
node 13 1 1 1
node 14 1 1 1
node 15 1 1 1
node 16 1 1 1
node 17 1 1 1
node 18 1 1 1
node 19 1 1 1
node 20 1 1 1
node 21 1 1 1
node 22 1 1 1
node 23 1 1 1
node 24 1 1 1
node 25 1 1 1
node 26 1 1 3
node 27 1 0 2
node 28 1 0 2
node 29 1 0 2
gene 1 1 27 1.05661 0 1 1.05661 1
gene 1 1 28 -4.43664 0 2 -4.43664 1
gene 1 1 29 -0.615295 0 3 -0.615295 1
gene 1 2 27 -3.91226 0 4 -3.91226 1
gene 1 2 28 2.46144 0 5 2.46144 1
gene 1 2 29 -0.611645 0 6 -0.611645 1
gene 1 3 27 -0.012851 0 7 -0.012851 1
gene 1 3 28 5 0 8 5 1
gene 1 3 29 3.24139 0 9 3.24139 1
gene 1 4 27 2.52013 0 10 2.52013 1
gene 1 4 28 4.53731 0 11 4.53731 1
gene 1 4 29 3.0879 0 12 3.0879 1
gene 1 5 27 -3.53846 0 13 -3.53846 1
gene 1 5 28 0.533496 0 14 0.533496 1
gene 1 5 29 4.45585 0 15 4.45585 1
gene 1 6 27 3.7763 0 16 3.7763 1
gene 1 6 28 -4.94253 0 17 -4.94253 1
gene 1 6 29 1.44538 0 18 1.44538 1
gene 1 7 27 -1.12281 0 19 -1.12281 1
gene 1 7 28 -4.6055 0 20 -4.6055 1
gene 1 7 29 0.0410819 0 21 0.0410819 1
gene 1 8 27 0.581627 0 22 0.581627 1
gene 1 8 28 -0.200219 0 23 -0.200219 1
gene 1 8 29 4.63445 0 24 4.63445 1
gene 1 9 27 0.301606 0 25 0.301606 1
gene 1 9 28 2.21155 0 26 2.21155 1
gene 1 9 29 -2.89528 0 27 -2.89528 1
gene 1 10 27 0.476201 0 28 0.476201 1
gene 1 10 28 -1.63062 0 29 -1.63062 1
gene 1 10 29 -0.0124562 0 30 -0.0124562 1
gene 1 11 27 -0.278465 0 31 -0.278465 1
gene 1 11 28 -3.00453 0 32 -3.00453 1
gene 1 11 29 -1.3389 0 33 -1.3389 1
gene 1 12 27 -0.347891 0 34 -0.347891 1
gene 1 12 28 -2.7408 0 35 -2.7408 1
gene 1 12 29 2.71625 0 36 2.71625 1
gene 1 13 27 1.79378 0 37 1.79378 1
gene 1 13 28 -2.76384 0 38 -2.76384 1
gene 1 13 29 0.0569221 0 39 0.0569221 1
gene 1 14 27 1.71968 0 40 1.71968 1
gene 1 14 28 3.0777 0 41 3.0777 1
gene 1 14 29 1.30407 0 42 1.30407 1
gene 1 15 27 0.2178 0 43 0.2178 1
gene 1 15 28 0.529567 0 44 0.529567 1
gene 1 15 29 0.851735 0 45 0.851735 1
gene 1 16 27 -3.30562 0 46 -3.30562 1
gene 1 16 28 0.938731 0 47 0.938731 1
gene 1 16 29 -4.43892 0 48 -4.43892 1
gene 1 17 27 -0.477593 0 49 -0.477593 1
gene 1 17 28 -1.66278 0 50 -1.66278 1
gene 1 17 29 0.71971 0 51 0.71971 1
gene 1 18 27 -3.59764 0 52 -3.59764 1
gene 1 18 28 -5 0 53 -5 1
gene 1 18 29 -0.613785 0 54 -0.613785 1
gene 1 19 27 -3.5566 0 55 -3.5566 1
gene 1 19 28 -2.89669 0 56 -2.89669 1
gene 1 19 29 5 0 57 5 1
gene 1 20 27 -0.00399412 0 58 -0.00399412 1
gene 1 20 28 -1.47669 0 59 -1.47669 1
gene 1 20 29 -1.0569 0 60 -1.0569 1
gene 1 21 27 0.851706 0 61 0.851706 1
gene 1 21 28 2.82059 0 62 2.82059 1
gene 1 21 29 1.49872 0 63 1.49872 1
gene 1 22 27 -0.979389 0 64 -0.979389 1
gene 1 22 28 0.325749 0 65 0.325749 1
gene 1 22 29 0.958162 0 66 0.958162 1
gene 1 23 27 4.05626 0 67 4.05626 1
gene 1 23 28 0.571349 0 68 0.571349 1
gene 1 23 29 3.74269 0 69 3.74269 1
gene 1 24 27 0.48535 0 70 0.48535 1
gene 1 24 28 2.10636 0 71 2.10636 1
gene 1 24 29 -0.400595 0 72 -0.400595 1
gene 1 25 27 0.711112 0 73 0.711112 1
gene 1 25 28 -0.152824 0 74 -0.152824 1
gene 1 25 29 1.44367 0 75 1.44367 1
gene 1 26 27 -0.233322 0 76 -0.233322 1
gene 1 26 28 -0.172926 0 77 -0.172926 1
gene 1 26 29 -0.428875 0 78 -0.428875 1
genomeend 78


