/* Organism #12 Fitness: 40548.096000 Time: 0 */
genomestart 12
trait 1 0.160131 0.000000 0.000000 0.000000 0.000000 0.990306 0.000000 0.910609 
node 1 1 1 1
node 2 1 1 1
node 3 1 1 1
node 4 1 1 1
node 5 1 1 1
node 6 1 1 1
node 7 1 1 1
node 8 1 1 1
node 9 1 1 1
node 10 1 1 1
node 11 1 1 1
node 12 1 1 1
node 13 1 1 1
node 14 1 1 1
node 15 1 1 1
node 16 1 1 1
node 17 1 1 1
node 18 1 1 1
node 19 1 1 1
node 20 1 1 1
node 21 1 1 1
node 22 1 1 1
node 23 1 1 1
node 24 1 1 1
node 25 1 1 1
node 26 1 1 3
node 27 1 0 2
node 28 1 0 2
node 29 1 0 2
gene 1 1 27 1.64441 0 1 1.64441 1
gene 1 1 28 -4.12127 0 2 -4.12127 1
gene 1 1 29 -1.64308 0 3 -1.64308 1
gene 1 2 27 -0.82961 0 4 -0.82961 1
gene 1 2 28 2.81913 0 5 2.81913 1
gene 1 2 29 1.68372 0 6 1.68372 1
gene 1 3 27 0.160548 0 7 0.160548 1
gene 1 3 28 0.922615 0 8 0.922615 1
gene 1 3 29 1.15961 0 9 1.15961 1
gene 1 4 27 -4.50716 0 10 -4.50716 1
gene 1 4 28 4.68254 0 11 4.68254 1
gene 1 4 29 3.56138 0 12 3.56138 1
gene 1 5 27 0.340689 0 13 0.340689 1
gene 1 5 28 -4.48547 0 14 -4.48547 1
gene 1 5 29 2.88081 0 15 2.88081 1
gene 1 6 27 3.12189 0 16 3.12189 1
gene 1 6 28 -1.68159 0 17 -1.68159 1
gene 1 6 29 -0.544685 0 18 -0.544685 1
gene 1 7 27 2.90388 0 19 2.90388 1
gene 1 7 28 1.16794 0 20 1.16794 1
gene 1 7 29 -2.11691 0 21 -2.11691 1
gene 1 8 27 -2.52098 0 22 -2.52098 1
gene 1 8 28 0.510651 0 23 0.510651 1
gene 1 8 29 0.40328 0 24 0.40328 1
gene 1 9 27 -1.08463 0 25 -1.08463 1
gene 1 9 28 0.875393 0 26 0.875393 1
gene 1 9 29 1.33536 0 27 1.33536 1
gene 1 10 27 -1.57085 0 28 -1.57085 1
gene 1 10 28 0.058006 0 29 0.058006 1
gene 1 10 29 1.37986 0 30 1.37986 1
gene 1 11 27 1.92356 0 31 1.92356 1
gene 1 11 28 -2.42653 0 32 -2.42653 1
gene 1 11 29 3.04793 0 33 3.04793 1
gene 1 12 27 5 0 34 5 1
gene 1 12 28 0.735038 0 35 0.735038 1
gene 1 12 29 -1.54869 0 36 -1.54869 1
gene 1 13 27 0.791568 0 37 0.791568 1
gene 1 13 28 1.71157 0 38 1.71157 1
gene 1 13 29 -3.56551 0 39 -3.56551 1
gene 1 14 27 -3.05414 0 40 -3.05414 1
gene 1 14 28 5 0 41 5 1
gene 1 14 29 -0.903432 0 42 -0.903432 1
gene 1 15 27 3.00576 0 43 3.00576 1
gene 1 15 28 0.363126 0 44 0.363126 1
gene 1 15 29 0.637691 0 45 0.637691 1
gene 1 16 27 -0.706588 0 46 -0.706588 1
gene 1 16 28 -2.08959 0 47 -2.08959 1
gene 1 16 29 0.874983 0 48 0.874983 1
gene 1 17 27 1.45009 0 49 1.45009 1
gene 1 17 28 1.068 0 50 1.068 1
gene 1 17 29 4.57425 0 51 4.57425 1
gene 1 18 27 1.71326 0 52 1.71326 1
gene 1 18 28 -1.05031 0 53 -1.05031 1
gene 1 18 29 -0.102982 0 54 -0.102982 1
gene 1 19 27 1.97911 0 55 1.97911 1
gene 1 19 28 -2.40613 0 56 -2.40613 1
gene 1 19 29 -3.17327 0 57 -3.17327 1
gene 1 20 27 0.612291 0 58 0.612291 1
gene 1 20 28 -0.363558 0 59 -0.363558 1
gene 1 20 29 0.38809 0 60 0.38809 1
gene 1 21 27 -3.26811 0 61 -3.26811 1
gene 1 21 28 1.75192 0 62 1.75192 1
gene 1 21 29 -0.885882 0 63 -0.885882 1
gene 1 22 27 1.45289 0 64 1.45289 1
gene 1 22 28 -0.613915 0 65 -0.613915 1
gene 1 22 29 -2.3133 0 66 -2.3133 1
gene 1 23 27 2.93174 0 67 2.93174 1
gene 1 23 28 1.35815 0 68 1.35815 1
gene 1 23 29 0.904978 0 69 0.904978 1
gene 1 24 27 0.00959818 0 70 0.00959818 1
gene 1 24 28 1.11968 0 71 1.11968 1
gene 1 24 29 0.0486455 0 72 0.0486455 1
gene 1 25 27 -0.113454 0 73 -0.113454 1
gene 1 25 28 0.296774 0 74 0.296774 1
gene 1 25 29 0.711585 0 75 0.711585 1
gene 1 26 27 -3.97444 0 76 -3.97444 1
gene 1 26 28 -0.802384 0 77 -0.802384 1
gene 1 26 29 -0.504879 0 78 -0.504879 1
genomeend 12


