/* Organism #15 Fitness: 40005.814000 Time: 0 */
genomestart 15
trait 1 0.100000 0.421913 0.772451 0.766110 0.631787 0.000000 0.596788 0.000000 
node 1 1 1 1
node 2 1 1 1
node 3 1 1 1
node 4 1 1 1
node 5 1 1 1
node 6 1 1 1
node 7 1 1 1
node 8 1 1 1
node 9 1 1 1
node 10 1 1 1
node 11 1 1 1
node 12 1 1 1
node 13 1 1 1
node 14 1 1 1
node 15 1 1 1
node 16 1 1 1
node 17 1 1 1
node 18 1 1 1
node 19 1 1 1
node 20 1 1 1
node 21 1 1 1
node 22 1 1 1
node 23 1 1 1
node 24 1 1 1
node 25 1 1 1
node 26 1 1 3
node 27 1 0 2
node 28 1 0 2
node 29 1 0 2
gene 1 1 27 3.91963 0 1 3.91963 1
gene 1 1 28 0.614288 0 2 0.614288 1
gene 1 1 29 2.68086 0 3 2.68086 1
gene 1 2 27 -3.14819 0 4 -3.14819 1
gene 1 2 28 -5 0 5 -5 1
gene 1 2 29 -0.639692 0 6 -0.639692 1
gene 1 3 27 3.7376 0 7 3.7376 1
gene 1 3 28 -0.519675 0 8 -0.519675 1
gene 1 3 29 1.45406 0 9 1.45406 1
gene 1 4 27 -0.147857 0 10 -0.147857 1
gene 1 4 28 0.273524 0 11 0.273524 1
gene 1 4 29 -0.0779276 0 12 -0.0779276 1
gene 1 5 27 3.22366 0 13 3.22366 1
gene 1 5 28 2.78063 0 14 2.78063 1
gene 1 5 29 -0.600962 0 15 -0.600962 1
gene 1 6 27 -3.21753 0 16 -3.21753 1
gene 1 6 28 0.515031 0 17 0.515031 1
gene 1 6 29 -0.290534 0 18 -0.290534 1
gene 1 7 27 -0.535065 0 19 -0.535065 1
gene 1 7 28 -0.111536 0 20 -0.111536 1
gene 1 7 29 0.63702 0 21 0.63702 1
gene 1 8 27 -4.4618 0 22 -4.4618 1
gene 1 8 28 4.86641 0 23 4.86641 1
gene 1 8 29 0.0818228 0 24 0.0818228 1
gene 1 9 27 2.09953 0 25 2.09953 1
gene 1 9 28 1.49529 0 26 1.49529 1
gene 1 9 29 -1.08887 0 27 -1.08887 1
gene 1 10 27 -1.40109 0 28 -1.40109 1
gene 1 10 28 3.02998 0 29 3.02998 1
gene 1 10 29 0.224097 0 30 0.224097 1
gene 1 11 27 1.09069 0 31 1.09069 1
gene 1 11 28 0.207951 0 32 0.207951 1
gene 1 11 29 -0.191804 0 33 -0.191804 1
gene 1 12 27 0.818892 0 34 0.818892 1
gene 1 12 28 1.06392 0 35 1.06392 1
gene 1 12 29 4.08836 0 36 4.08836 1
gene 1 13 27 -2.85643 0 37 -2.85643 1
gene 1 13 28 4.52865 0 38 4.52865 1
gene 1 13 29 0.781601 0 39 0.781601 1
gene 1 14 27 0.733559 0 40 0.733559 1
gene 1 14 28 -0.972967 0 41 -0.972967 1
gene 1 14 29 4.80301 0 42 4.80301 1
gene 1 15 27 3.37846 0 43 3.37846 1
gene 1 15 28 -4.01821 0 44 -4.01821 1
gene 1 15 29 -3.70915 0 45 -3.70915 1
gene 1 16 27 0.25707 0 46 0.25707 1
gene 1 16 28 4.46714 0 47 4.46714 1
gene 1 16 29 -1.60508 0 48 -1.60508 1
gene 1 17 27 0.323879 0 49 0.323879 1
gene 1 17 28 4.17815 0 50 4.17815 1
gene 1 17 29 0.0387429 0 51 0.0387429 1
gene 1 18 27 -0.342729 0 52 -0.342729 1
gene 1 18 28 -0.779884 0 53 -0.779884 1
gene 1 18 29 -0.451926 0 54 -0.451926 1
gene 1 19 27 3.38798 0 55 3.38798 1
gene 1 19 28 2.81439 0 56 2.81439 1
gene 1 19 29 0.746552 0 57 0.746552 1
gene 1 20 27 2.62527 0 58 2.62527 1
gene 1 20 28 0.797358 0 59 0.797358 1
gene 1 20 29 -1.51767 0 60 -1.51767 1
gene 1 21 27 -0.277953 0 61 -0.277953 1
gene 1 21 28 -1.53531 0 62 -1.53531 1
gene 1 21 29 3.99943 0 63 3.99943 1
gene 1 22 27 -0.641641 0 64 -0.641641 1
gene 1 22 28 0.134231 0 65 0.134231 1
gene 1 22 29 -0.754836 0 66 -0.754836 1
gene 1 23 27 0.158325 0 67 0.158325 1
gene 1 23 28 -1.35581 0 68 -1.35581 1
gene 1 23 29 -0.841352 0 69 -0.841352 1
gene 1 24 27 -0.431581 0 70 -0.431581 1
gene 1 24 28 0.829939 0 71 0.829939 1
gene 1 24 29 0.0464357 0 72 0.0464357 1
gene 1 25 27 -0.88724 0 73 -0.88724 1
gene 1 25 28 -0.977857 0 74 -0.977857 1
gene 1 25 29 -0.894292 0 75 -0.894292 1
gene 1 26 27 0.664802 0 76 0.664802 1
gene 1 26 28 -0.548808 0 77 -0.548808 1
gene 1 26 29 1.60545 0 78 1.60545 1
genomeend 15


