/* Organism #4 Fitness: 40466.728000 Time: 0 */
genomestart 4
trait 1 0.153960 1.000000 0.414218 1.000000 0.653330 0.692641 0.000000 0.049140 
node 1 1 1 1
node 2 1 1 1
node 3 1 1 1
node 4 1 1 1
node 5 1 1 1
node 6 1 1 1
node 7 1 1 1
node 8 1 1 1
node 9 1 1 1
node 10 1 1 1
node 11 1 1 1
node 12 1 1 1
node 13 1 1 1
node 14 1 1 1
node 15 1 1 1
node 16 1 1 1
node 17 1 1 1
node 18 1 1 1
node 19 1 1 1
node 20 1 1 1
node 21 1 1 1
node 22 1 1 1
node 23 1 1 1
node 24 1 1 1
node 25 1 1 1
node 26 1 1 3
node 27 1 0 2
node 28 1 0 2
node 29 1 0 2
gene 1 1 27 -5 0 1 -5 1
gene 1 1 28 1.33963 0 2 1.33963 1
gene 1 1 29 -0.207939 0 3 -0.207939 1
gene 1 2 27 -4.45888 0 4 -4.45888 1
gene 1 2 28 -2.92318 0 5 -2.92318 1
gene 1 2 29 -0.863425 0 6 -0.863425 1
gene 1 3 27 0.240912 0 7 0.240912 1
gene 1 3 28 1.33975 0 8 1.33975 1
gene 1 3 29 -0.191496 0 9 -0.191496 1
gene 1 4 27 1.88741 0 10 1.88741 1
gene 1 4 28 0.325015 0 11 0.325015 1
gene 1 4 29 2.99074 0 12 2.99074 1
gene 1 5 27 3.3156 0 13 3.3156 1
gene 1 5 28 0.96374 0 14 0.96374 1
gene 1 5 29 1.70611 0 15 1.70611 1
gene 1 6 27 -2.03187 0 16 -2.03187 1
gene 1 6 28 -4.42232 0 17 -4.42232 1
gene 1 6 29 3.69492 0 18 3.69492 1
gene 1 7 27 3.23245 0 19 3.23245 1
gene 1 7 28 -1.9849 0 20 -1.9849 1
gene 1 7 29 1.81113 0 21 1.81113 1
gene 1 8 27 -0.843422 0 22 -0.843422 1
gene 1 8 28 4.50533 0 23 4.50533 1
gene 1 8 29 0.970812 0 24 0.970812 1
gene 1 9 27 4.13376 0 25 4.13376 1
gene 1 9 28 0.491079 0 26 0.491079 1
gene 1 9 29 -0.0116371 0 27 -0.0116371 1
gene 1 10 27 4.97257 0 28 4.97257 1
gene 1 10 28 -2.12269 0 29 -2.12269 1
gene 1 10 29 -1.6754 0 30 -1.6754 1
gene 1 11 27 0.478477 0 31 0.478477 1
gene 1 11 28 -2.57102 0 32 -2.57102 1
gene 1 11 29 1.46672 0 33 1.46672 1
gene 1 12 27 3.82278 0 34 3.82278 1
gene 1 12 28 -2.18309 0 35 -2.18309 1
gene 1 12 29 -0.634869 0 36 -0.634869 1
gene 1 13 27 1.33042 0 37 1.33042 1
gene 1 13 28 0.691918 0 38 0.691918 1
gene 1 13 29 -1.35782 0 39 -1.35782 1
gene 1 14 27 3.84575 0 40 3.84575 1
gene 1 14 28 -0.457771 0 41 -0.457771 1
gene 1 14 29 0.81557 0 42 0.81557 1
gene 1 15 27 -1.67962 0 43 -1.67962 1
gene 1 15 28 2.7812 0 44 2.7812 1
gene 1 15 29 4.11533 0 45 4.11533 1
gene 1 16 27 0.61367 0 46 0.61367 1
gene 1 16 28 -3.56353 0 47 -3.56353 1
gene 1 16 29 1.68156 0 48 1.68156 1
gene 1 17 27 0.531584 0 49 0.531584 1
gene 1 17 28 0.418935 0 50 0.418935 1
gene 1 17 29 -5 0 51 -5 1
gene 1 18 27 2.86003 0 52 2.86003 1
gene 1 18 28 4.2819 0 53 4.2819 1
gene 1 18 29 0.069739 0 54 0.069739 1
gene 1 19 27 1.67606 0 55 1.67606 1
gene 1 19 28 2.92344 0 56 2.92344 1
gene 1 19 29 -0.845568 0 57 -0.845568 1
gene 1 20 27 -0.245072 0 58 -0.245072 1
gene 1 20 28 5 0 59 5 1
gene 1 20 29 -0.311749 0 60 -0.311749 1
gene 1 21 27 -4.41808 0 61 -4.41808 1
gene 1 21 28 -2.05311 0 62 -2.05311 1
gene 1 21 29 -0.62931 0 63 -0.62931 1
gene 1 22 27 0.619054 0 64 0.619054 1
gene 1 22 28 0.761982 0 65 0.761982 1
gene 1 22 29 0.303288 0 66 0.303288 1
gene 1 23 27 0.780691 0 67 0.780691 1
gene 1 23 28 -4.36729 0 68 -4.36729 1
gene 1 23 29 1.31113 0 69 1.31113 1
gene 1 24 27 -5 0 70 -5 1
gene 1 24 28 -1.44458 0 71 -1.44458 1
gene 1 24 29 -0.303805 0 72 -0.303805 1
gene 1 25 27 -0.26652 0 73 -0.26652 1
gene 1 25 28 -0.201863 0 74 -0.201863 1
gene 1 25 29 -1.23218 0 75 -1.23218 1
gene 1 26 27 1.14729 0 76 1.14729 1
gene 1 26 28 -0.20411 0 77 -0.20411 1
gene 1 26 29 -0.405923 0 78 -0.405923 1
genomeend 4


