/* Organism #7 Fitness: 13701.710000 Time: 0 */
genomestart 7
trait 1 0.772375 0.000000 0.930435 0.000000 0.000000 0.000000 0.410367 0.274551 
node 1 1 1 1
node 2 1 1 1
node 3 1 1 1
node 4 1 1 1
node 5 1 1 1
node 6 1 1 1
node 7 1 1 1
node 8 1 1 1
node 9 1 1 1
node 10 1 1 1
node 11 1 1 1
node 12 1 1 1
node 13 1 1 1
node 14 1 1 1
node 15 1 1 1
node 16 1 1 1
node 17 1 1 1
node 18 1 1 1
node 19 1 1 1
node 20 1 1 1
node 21 1 1 1
node 22 1 1 1
node 23 1 1 1
node 24 1 1 1
node 25 1 1 1
node 26 1 1 1
node 27 1 1 1
node 28 1 1 1
node 29 1 1 1
node 30 1 1 1
node 31 1 1 3
node 32 1 0 2
node 33 1 0 2
node 34 1 0 2
node 35 1 0 0
node 36 1 0 0
node 37 1 0 1
gene 1 1 32 -5 0 1 -5 1
gene 1 1 33 4.46904 0 2 4.46904 1
gene 1 2 32 -0.508496 0 3 -0.508496 1
gene 1 2 33 -2.31683 0 4 -2.31683 1
gene 1 3 32 -0.81028 0 5 -0.81028 1
gene 1 3 33 -3.99905 0 6 -3.99905 1
gene 1 4 32 3.09787 0 7 3.09787 1
gene 1 4 33 -0.797648 0 8 -0.797648 1
gene 1 5 32 2.14453 0 9 2.14453 1
gene 1 5 33 -0.530116 0 10 -0.530116 1
gene 1 6 32 1.47654 0 11 1.47654 1
gene 1 6 33 1.32584 0 12 1.32584 1
gene 1 7 32 5 0 13 5 1
gene 1 7 33 -0.717203 0 14 -0.717203 1
gene 1 8 32 -0.867541 0 15 -0.867541 1
gene 1 8 33 -0.102386 0 16 -0.102386 1
gene 1 9 32 0.582563 0 17 0.582563 1
gene 1 9 33 -1.31073 0 18 -1.31073 1
gene 1 10 32 -0.310473 0 19 -0.310473 1
gene 1 10 33 0.743573 0 20 0.743573 1
gene 1 11 32 -1.22959 0 21 -1.22959 1
gene 1 11 33 -0.781828 0 22 -0.781828 1
gene 1 12 32 -3.67082 0 23 -3.67082 1
gene 1 12 33 3.31096 0 24 3.31096 1
gene 1 13 32 -1.87399 0 25 -1.87399 1
gene 1 13 33 -0.584161 0 26 -0.584161 1
gene 1 14 32 1.18685 0 27 1.18685 1
gene 1 14 33 -4.0403 0 28 -4.0403 1
gene 1 15 32 -0.868877 0 29 -0.868877 1
gene 1 15 33 -0.679328 0 30 -0.679328 1
gene 1 16 32 0.155628 0 31 0.155628 1
gene 1 16 33 -2.45187 0 32 -2.45187 1
gene 1 17 32 1.29631 0 33 1.29631 1
gene 1 17 33 2.21527 0 34 2.21527 1
gene 1 18 32 5 0 35 5 1
gene 1 18 33 -2.11266 0 36 -2.11266 1
gene 1 19 32 0.762111 0 37 0.762111 1
gene 1 19 33 -1.74625 0 38 -1.74625 1
gene 1 20 32 1.89402 0 39 1.89402 1
gene 1 20 33 1.22897 0 40 1.22897 1
gene 1 21 32 -0.921854 0 41 -0.921854 1
gene 1 21 33 -4.19343 0 42 -4.19343 1
gene 1 22 32 -2.87947 0 43 -2.87947 1
gene 1 22 33 0.61043 0 44 0.61043 1
gene 1 23 32 -2.60749 0 45 -2.60749 1
gene 1 23 33 -2.59783 0 46 -2.59783 1
gene 1 24 32 -0.179242 0 47 -0.179242 1
gene 1 24 33 0.0169026 0 48 0.0169026 1
gene 1 25 32 0.649769 0 49 0.649769 1
gene 1 25 33 -2.27611 0 50 -2.27611 1
gene 1 26 32 -1.14864 0 51 -1.14864 1
gene 1 26 33 2.09935 0 52 2.09935 1
gene 1 27 32 1.30289 0 53 1.30289 1
gene 1 27 33 1.03497 0 54 1.03497 1
gene 1 28 32 0.82856 0 55 0.82856 1
gene 1 28 33 -0.815095 0 56 -0.815095 1
gene 1 29 32 0.885298 0 57 0.885298 1
gene 1 29 33 4.74396 0 58 4.74396 1
gene 1 30 32 -2.22509 0 59 -2.22509 1
gene 1 30 33 -3.30257 0 60 -3.30257 1
gene 1 31 32 -0.393498 0 61 -0.393498 1
gene 1 31 33 5 0 62 5 1
gene 1 1 35 0.851122 0 63 0.851122 1
gene 1 1 36 -1.9774 0 64 -1.9774 1
gene 1 2 35 1.33233 0 65 1.33233 1
gene 1 2 36 -3.36943 0 66 -3.36943 1
gene 1 3 35 -2.07716 0 67 -2.07716 1
gene 1 3 36 0.71001 0 68 0.71001 1
gene 1 4 35 -1.3424 0 69 -1.3424 1
gene 1 4 36 -1.00055 0 70 -1.00055 1
gene 1 5 35 -2.07152 0 71 -2.07152 1
gene 1 5 36 0.333263 0 72 0.333263 1
gene 1 6 35 -2.84116 0 73 -2.84116 1
gene 1 6 36 0.166285 0 74 0.166285 1
gene 1 7 35 -0.875144 0 75 -0.875144 1
gene 1 7 36 1.60663 0 76 1.60663 1
gene 1 8 35 -1.05848 0 77 -1.05848 1
gene 1 8 36 1.73807 0 78 1.73807 1
gene 1 9 35 -0.651665 0 79 -0.651665 1
gene 1 9 36 1.82015 0 80 1.82015 1
gene 1 10 35 1.33923 0 81 1.33923 1
gene 1 10 36 -0.0986503 0 82 -0.0986503 1
gene 1 11 35 4.9061 0 83 4.9061 1
gene 1 11 36 -0.926003 0 84 -0.926003 1
gene 1 12 35 0.478653 0 85 0.478653 1
gene 1 12 36 0.489416 0 86 0.489416 1
gene 1 13 35 0.764535 0 87 0.764535 1
gene 1 13 36 -1.00881 0 88 -1.00881 1
gene 1 14 35 2.89902 0 89 2.89902 1
gene 1 14 36 -0.357721 0 90 -0.357721 1
gene 1 15 35 3.80841 0 91 3.80841 1
gene 1 15 36 -0.0517132 0 92 -0.0517132 1
gene 1 16 35 -1.86516 0 93 -1.86516 1
gene 1 16 36 -0.567102 0 94 -0.567102 1
gene 1 17 35 0.070427 0 95 0.070427 1
gene 1 17 36 -0.540372 0 96 -0.540372 1
gene 1 18 35 -1.18901 0 97 -1.18901 1
gene 1 18 36 0.24337 0 98 0.24337 1
gene 1 19 35 -4.01868 0 99 -4.01868 1
gene 1 19 36 1.20412 0 100 1.20412 1
gene 1 20 35 -5 0 101 -5 1
gene 1 20 36 2.99662 0 102 2.99662 1
gene 1 21 35 1.42178 0 103 1.42178 1
gene 1 21 36 1.54661 0 104 1.54661 1
gene 1 22 35 1.55978 0 105 1.55978 1
gene 1 22 36 -1.11883 0 106 -1.11883 1
gene 1 23 35 2.59803 0 107 2.59803 1
gene 1 23 36 -1.65779 0 108 -1.65779 1
gene 1 24 35 5 0 109 5 1
gene 1 24 36 0.0476477 0 110 0.0476477 1
gene 1 25 35 0.913463 0 111 0.913463 1
gene 1 25 36 2.63391 0 112 2.63391 1
gene 1 26 35 0.987267 0 113 0.987267 1
gene 1 26 36 -2.51079 0 114 -2.51079 1
gene 1 27 35 0.424865 0 115 0.424865 1
gene 1 27 36 0.624603 0 116 0.624603 1
gene 1 28 35 -0.152814 0 117 -0.152814 1
gene 1 28 36 -1.06741 0 118 -1.06741 1
gene 1 29 35 0.605246 0 119 0.605246 1
gene 1 29 36 0.941735 0 120 0.941735 1
gene 1 30 35 0.646672 0 121 0.646672 1
gene 1 30 36 0.252485 0 122 0.252485 1
gene 1 31 35 -0.0460171 0 123 -0.0460171 1
gene 1 31 36 -1.50651 0 124 -1.50651 1
gene 1 35 32 -0.0633151 0 125 -0.0633151 1
gene 1 35 33 1.04142 0 126 1.04142 1
gene 1 35 34 0.104185 0 127 0.104185 1
gene 1 36 32 -1.40665 0 128 -1.40665 1
gene 1 36 33 0.407485 0 129 0.407485 1
gene 1 36 34 -0.371875 0 130 -0.371875 1
gene 1 35 35 0.493836 1 131 0.493836 1
gene 1 36 36 0.745975 1 132 0.745975 1
gene 1 34 37 -0.751 1 133 -0.751 1
gene 1 37 32 -5 0 134 -5 1
gene 1 37 33 -0.427561 0 135 -0.427561 1
gene 1 37 34 -0.21382 0 136 -0.21382 1
genomeend 7


