/* Organism #0 Fitness: 14155.246000 Time: 0 */
genomestart 0
trait 1 0.407128 0.000000 0.094334 0.000000 1.000000 0.000000 1.000000 0.000000 
node 1 1 1 1
node 2 1 1 1
node 3 1 1 1
node 4 1 1 1
node 5 1 1 1
node 6 1 1 1
node 7 1 1 1
node 8 1 1 1
node 9 1 1 1
node 10 1 1 1
node 11 1 1 1
node 12 1 1 1
node 13 1 1 1
node 14 1 1 1
node 15 1 1 1
node 16 1 1 1
node 17 1 1 1
node 18 1 1 1
node 19 1 1 1
node 20 1 1 1
node 21 1 1 1
node 22 1 1 1
node 23 1 1 1
node 24 1 1 1
node 25 1 1 1
node 26 1 1 1
node 27 1 1 1
node 28 1 1 1
node 29 1 1 1
node 30 1 1 1
node 31 1 1 3
node 32 1 0 2
node 33 1 0 2
node 34 1 0 2
node 35 1 0 0
node 36 1 0 0
node 37 1 0 1
gene 1 1 32 -4.83971 0 1 -4.83971 1
gene 1 1 33 0.382811 0 2 0.382811 1
gene 1 2 32 -0.947648 0 3 -0.947648 1
gene 1 2 33 4.34089 0 4 4.34089 1
gene 1 3 32 -0.990205 0 5 -0.990205 1
gene 1 3 33 0.227817 0 6 0.227817 1
gene 1 4 32 0.419766 0 7 0.419766 1
gene 1 4 33 0.334674 0 8 0.334674 1
gene 1 5 32 0.40761 0 9 0.40761 1
gene 1 5 33 -1.74012 0 10 -1.74012 1
gene 1 6 32 1.93541 0 11 1.93541 1
gene 1 6 33 -0.518485 0 12 -0.518485 1
gene 1 7 32 1.46747 0 13 1.46747 1
gene 1 7 33 0.0860001 0 14 0.0860001 1
gene 1 8 32 0.664342 0 15 0.664342 1
gene 1 8 33 -5 0 16 -5 1
gene 1 9 32 -1.63852 0 17 -1.63852 1
gene 1 9 33 -1.70856 0 18 -1.70856 1
gene 1 10 32 3.67386 0 19 3.67386 1
gene 1 10 33 -0.118949 0 20 -0.118949 1
gene 1 11 32 1.12099 0 21 1.12099 1
gene 1 11 33 -0.986873 0 22 -0.986873 1
gene 1 12 32 -3.67539 0 23 -3.67539 1
gene 1 12 33 -3.78507 0 24 -3.78507 1
gene 1 13 32 -2.00258 0 25 -2.00258 1
gene 1 13 33 4.22585 0 26 4.22585 1
gene 1 14 32 -0.775926 0 27 -0.775926 1
gene 1 14 33 -2.61904 0 28 -2.61904 1
gene 1 15 32 -4.21174 0 29 -4.21174 1
gene 1 15 33 3.43375 0 30 3.43375 1
gene 1 16 32 0.0768066 0 31 0.0768066 1
gene 1 16 33 0.910658 0 32 0.910658 1
gene 1 17 32 0.171179 0 33 0.171179 1
gene 1 17 33 1.585 0 34 1.585 1
gene 1 18 32 5 0 35 5 1
gene 1 18 33 -3.76922 0 36 -3.76922 1
gene 1 19 32 2.12024 0 37 2.12024 1
gene 1 19 33 -0.635883 0 38 -0.635883 1
gene 1 20 32 -1.58702 0 39 -1.58702 1
gene 1 20 33 3.92408 0 40 3.92408 1
gene 1 21 32 1.45131 0 41 1.45131 1
gene 1 21 33 -2.33098 0 42 -2.33098 1
gene 1 22 32 1.69241 0 43 1.69241 1
gene 1 22 33 -1.8367 0 44 -1.8367 1
gene 1 23 32 -3.12982 0 45 -3.12982 1
gene 1 23 33 5 0 46 5 1
gene 1 24 32 -0.0615894 0 47 -0.0615894 1
gene 1 24 33 0.179355 0 48 0.179355 1
gene 1 25 32 1.18019 0 49 1.18019 1
gene 1 25 33 -2.7071 0 50 -2.7071 1
gene 1 26 32 -0.150019 0 51 -0.150019 1
gene 1 26 33 0.24481 0 52 0.24481 1
gene 1 27 32 1.22777 0 53 1.22777 1
gene 1 27 33 -0.689163 0 54 -0.689163 1
gene 1 28 32 -1.04519 0 55 -1.04519 1
gene 1 28 33 2.19192 0 56 2.19192 1
gene 1 29 32 4.52556 0 57 4.52556 1
gene 1 29 33 0.979899 0 58 0.979899 1
gene 1 30 32 -4.01453 0 59 -4.01453 1
gene 1 30 33 -4.03264 0 60 -4.03264 1
gene 1 31 32 1.48896 0 61 1.48896 1
gene 1 31 33 -3.13908 0 62 -3.13908 1
gene 1 1 35 -3.49109 0 63 -3.49109 1
gene 1 1 36 1.51324 0 64 1.51324 1
gene 1 2 35 4.20327 0 65 4.20327 1
gene 1 2 36 4.64008 0 66 4.64008 1
gene 1 3 35 -4.54257 0 67 -4.54257 1
gene 1 3 36 3.99064 0 68 3.99064 1
gene 1 4 35 1.76529 0 69 1.76529 1
gene 1 4 36 -3.69675 0 70 -3.69675 1
gene 1 5 35 -5 0 71 -5 1
gene 1 5 36 0.81352 0 72 0.81352 1
gene 1 6 35 5 0 73 5 1
gene 1 6 36 3.50177 0 74 3.50177 1
gene 1 7 35 -4.76431 0 75 -4.76431 1
gene 1 7 36 1.98152 0 76 1.98152 1
gene 1 8 35 -4.32617 0 77 -4.32617 1
gene 1 8 36 4.60654 0 78 4.60654 1
gene 1 9 35 2.50465 0 79 2.50465 1
gene 1 9 36 -1.34281 0 80 -1.34281 1
gene 1 10 35 1.33815 0 81 1.33815 1
gene 1 10 36 2.53511 0 82 2.53511 1
gene 1 11 35 1.01388 0 83 1.01388 1
gene 1 11 36 1.8085 0 84 1.8085 1
gene 1 12 35 1.33065 0 85 1.33065 1
gene 1 12 36 -2.12538 0 86 -2.12538 1
gene 1 13 35 1.60552 0 87 1.60552 1
gene 1 13 36 -3.5802 0 88 -3.5802 1
gene 1 14 35 4.13353 0 89 4.13353 1
gene 1 14 36 -0.974034 0 90 -0.974034 1
gene 1 15 35 -3.71926 0 91 -3.71926 1
gene 1 15 36 -2.68381 0 92 -2.68381 1
gene 1 16 35 -4.8389 0 93 -4.8389 1
gene 1 16 36 1.17824 0 94 1.17824 1
gene 1 17 35 -2.44753 0 95 -2.44753 1
gene 1 17 36 2.34024 0 96 2.34024 1
gene 1 18 35 -4.23267 0 97 -4.23267 1
gene 1 18 36 4.33639 0 98 4.33639 1
gene 1 19 35 1.27068 0 99 1.27068 1
gene 1 19 36 -0.992458 0 100 -0.992458 1
gene 1 20 35 1.46282 0 101 1.46282 1
gene 1 20 36 -1.42468 0 102 -1.42468 1
gene 1 21 35 2.51585 0 103 2.51585 1
gene 1 21 36 2.38917 0 104 2.38917 1
gene 1 22 35 1.6272 0 105 1.6272 1
gene 1 22 36 1.80601 0 106 1.80601 1
gene 1 23 35 0.797496 0 107 0.797496 1
gene 1 23 36 4.48536 0 108 4.48536 1
gene 1 24 35 2.02162 0 109 2.02162 1
gene 1 24 36 0.0184056 0 110 0.0184056 1
gene 1 25 35 0.74623 0 111 0.74623 1
gene 1 25 36 -0.633058 0 112 -0.633058 1
gene 1 26 35 0.445283 0 113 0.445283 1
gene 1 26 36 0.56434 0 114 0.56434 1
gene 1 27 35 0.168515 0 115 0.168515 1
gene 1 27 36 -0.891725 0 116 -0.891725 1
gene 1 28 35 1.05611 0 117 1.05611 1
gene 1 28 36 -1.00567 0 118 -1.00567 1
gene 1 29 35 -0.625139 0 119 -0.625139 1
gene 1 29 36 -0.100192 0 120 -0.100192 1
gene 1 30 35 0.131238 0 121 0.131238 1
gene 1 30 36 3.02331 0 122 3.02331 1
gene 1 31 35 0.952331 0 123 0.952331 1
gene 1 31 36 0.704319 0 124 0.704319 1
gene 1 35 32 0.0461052 0 125 0.0461052 1
gene 1 35 33 1.01072 0 126 1.01072 1
gene 1 35 34 -1.21198 0 127 -1.21198 1
gene 1 36 32 0.320357 0 128 0.320357 1
gene 1 36 33 1.8187 0 129 1.8187 1
gene 1 36 34 -0.509475 0 130 -0.509475 1
gene 1 35 35 -0.572121 1 131 -0.572121 1
gene 1 36 36 -0.129222 1 132 -0.129222 1
gene 1 34 37 0.832297 1 133 0.832297 1
gene 1 37 32 -0.849733 0 134 -0.849733 1
gene 1 37 33 -3.25236 0 135 -3.25236 1
gene 1 37 34 -2.34911 0 136 -2.34911 1
genomeend 0


