/* Organism #4 Fitness: 13652.732000 Time: 0 */
genomestart 4
trait 1 0.496102 0.816460 0.000000 0.234499 0.000000 0.000000 0.554255 0.000000 
node 1 1 1 1
node 2 1 1 1
node 3 1 1 1
node 4 1 1 1
node 5 1 1 1
node 6 1 1 1
node 7 1 1 1
node 8 1 1 1
node 9 1 1 1
node 10 1 1 1
node 11 1 1 1
node 12 1 1 1
node 13 1 1 1
node 14 1 1 1
node 15 1 1 1
node 16 1 1 1
node 17 1 1 1
node 18 1 1 1
node 19 1 1 1
node 20 1 1 1
node 21 1 1 1
node 22 1 1 1
node 23 1 1 1
node 24 1 1 1
node 25 1 1 1
node 26 1 1 1
node 27 1 1 1
node 28 1 1 1
node 29 1 1 1
node 30 1 1 1
node 31 1 1 3
node 32 1 0 2
node 33 1 0 2
node 34 1 0 2
node 35 1 0 0
node 36 1 0 0
node 37 1 0 1
gene 1 1 32 -4.70739 0 1 -4.70739 1
gene 1 1 33 1.507 0 2 1.507 1
gene 1 2 32 -0.0653962 0 3 -0.0653962 1
gene 1 2 33 0.352265 0 4 0.352265 1
gene 1 3 32 1.93541 0 5 1.93541 1
gene 1 3 33 -2.60723 0 6 -2.60723 1
gene 1 4 32 1.78725 0 7 1.78725 1
gene 1 4 33 0.888181 0 8 0.888181 1
gene 1 5 32 1.70569 0 9 1.70569 1
gene 1 5 33 4.19852 0 10 4.19852 1
gene 1 6 32 0.765511 0 11 0.765511 1
gene 1 6 33 -2.02651 0 12 -2.02651 1
gene 1 7 32 3.95904 0 13 3.95904 1
gene 1 7 33 -3.03512 0 14 -3.03512 1
gene 1 8 32 -0.276158 0 15 -0.276158 1
gene 1 8 33 1.50894 0 16 1.50894 1
gene 1 9 32 1.24031 0 17 1.24031 1
gene 1 9 33 -2.29468 0 18 -2.29468 1
gene 1 10 32 -1.44044 0 19 -1.44044 1
gene 1 10 33 -2.49767 0 20 -2.49767 1
gene 1 11 32 -3.13939 0 21 -3.13939 1
gene 1 11 33 -1.20728 0 22 -1.20728 1
gene 1 12 32 2.13669 0 23 2.13669 1
gene 1 12 33 3.04624 0 24 3.04624 1
gene 1 13 32 -0.953102 0 25 -0.953102 1
gene 1 13 33 -0.368792 0 26 -0.368792 1
gene 1 14 32 1.63232 0 27 1.63232 1
gene 1 14 33 -0.147464 0 28 -0.147464 1
gene 1 15 32 1.18593 0 29 1.18593 1
gene 1 15 33 0.0952486 0 30 0.0952486 1
gene 1 16 32 -1.29603 0 31 -1.29603 1
gene 1 16 33 1.66174 0 32 1.66174 1
gene 1 17 32 3.56045 0 33 3.56045 1
gene 1 17 33 2.02416 0 34 2.02416 1
gene 1 18 32 4.67924 0 35 4.67924 1
gene 1 18 33 0.150215 0 36 0.150215 1
gene 1 19 32 -0.0643206 0 37 -0.0643206 1
gene 1 19 33 -1.8066 0 38 -1.8066 1
gene 1 20 32 -0.194853 0 39 -0.194853 1
gene 1 20 33 -3.80838 0 40 -3.80838 1
gene 1 21 32 -0.0437893 0 41 -0.0437893 1
gene 1 21 33 -3.07508 0 42 -3.07508 1
gene 1 22 32 -0.193024 0 43 -0.193024 1
gene 1 22 33 -1.06748 0 44 -1.06748 1
gene 1 23 32 -4.30438 0 45 -4.30438 1
gene 1 23 33 0.69324 0 46 0.69324 1
gene 1 24 32 3.83274 0 47 3.83274 1
gene 1 24 33 -3.1946 0 48 -3.1946 1
gene 1 25 32 -1.64994 0 49 -1.64994 1
gene 1 25 33 0.65353 0 50 0.65353 1
gene 1 26 32 -1.00226 0 51 -1.00226 1
gene 1 26 33 3.41325 0 52 3.41325 1
gene 1 27 32 1.25793 0 53 1.25793 1
gene 1 27 33 4.70127 0 54 4.70127 1
gene 1 28 32 -2.86861 0 55 -2.86861 1
gene 1 28 33 -4.27926 0 56 -4.27926 1
gene 1 29 32 2.30275 0 57 2.30275 1
gene 1 29 33 0.986481 0 58 0.986481 1
gene 1 30 32 -3.70806 0 59 -3.70806 1
gene 1 30 33 -4.52445 0 60 -4.52445 1
gene 1 31 32 -0.780534 0 61 -0.780534 1
gene 1 31 33 -3.63398 0 62 -3.63398 1
gene 1 1 35 0.191374 0 63 0.191374 1
gene 1 1 36 -1.49044 0 64 -1.49044 1
gene 1 2 35 -3.82691 0 65 -3.82691 1
gene 1 2 36 1.76337 0 66 1.76337 1
gene 1 3 35 -5 0 67 -5 1
gene 1 3 36 -0.760221 0 68 -0.760221 1
gene 1 4 35 -0.880677 0 69 -0.880677 1
gene 1 4 36 -1.54954 0 70 -1.54954 1
gene 1 5 35 1.88075 0 71 1.88075 1
gene 1 5 36 1.89189 0 72 1.89189 1
gene 1 6 35 0.759276 0 73 0.759276 1
gene 1 6 36 4.39188 0 74 4.39188 1
gene 1 7 35 0.440087 0 75 0.440087 1
gene 1 7 36 4.42597 0 76 4.42597 1
gene 1 8 35 2.1785 0 77 2.1785 1
gene 1 8 36 -2.60832 0 78 -2.60832 1
gene 1 9 35 4.55662 0 79 4.55662 1
gene 1 9 36 2.85408 0 80 2.85408 1
gene 1 10 35 2.31538 0 81 2.31538 1
gene 1 10 36 2.03108 0 82 2.03108 1
gene 1 11 35 1.90967 0 83 1.90967 1
gene 1 11 36 -2.47314 0 84 -2.47314 1
gene 1 12 35 -2.80189 0 85 -2.80189 1
gene 1 12 36 -2.13908 0 86 -2.13908 1
gene 1 13 35 0.605387 0 87 0.605387 1
gene 1 13 36 0.299084 0 88 0.299084 1
gene 1 14 35 -1.27355 0 89 -1.27355 1
gene 1 14 36 -4.65148 0 90 -4.65148 1
gene 1 15 35 -4.65615 0 91 -4.65615 1
gene 1 15 36 2.9861 0 92 2.9861 1
gene 1 16 35 -0.953582 0 93 -0.953582 1
gene 1 16 36 2.37433 0 94 2.37433 1
gene 1 17 35 -3.51706 0 95 -3.51706 1
gene 1 17 36 -4.91082 0 96 -4.91082 1
gene 1 18 35 -2.58751 0 97 -2.58751 1
gene 1 18 36 0.552445 0 98 0.552445 1
gene 1 19 35 3.28805 0 99 3.28805 1
gene 1 19 36 0.662884 0 100 0.662884 1
gene 1 20 35 -1.77857 0 101 -1.77857 1
gene 1 20 36 -1.90343 0 102 -1.90343 1
gene 1 21 35 -0.480021 0 103 -0.480021 1
gene 1 21 36 3.01761 0 104 3.01761 1
gene 1 22 35 0.25752 0 105 0.25752 1
gene 1 22 36 -1.54204 0 106 -1.54204 1
gene 1 23 35 -0.551222 0 107 -0.551222 1
gene 1 23 36 -3.28226 0 108 -3.28226 1
gene 1 24 35 -0.709653 0 109 -0.709653 1
gene 1 24 36 -0.396989 0 110 -0.396989 1
gene 1 25 35 -0.733067 0 111 -0.733067 1
gene 1 25 36 -0.00788982 0 112 -0.00788982 1
gene 1 26 35 -1.17552 0 113 -1.17552 1
gene 1 26 36 0.805744 0 114 0.805744 1
gene 1 27 35 1.79963 0 115 1.79963 1
gene 1 27 36 0.112308 0 116 0.112308 1
gene 1 28 35 1.82994 0 117 1.82994 1
gene 1 28 36 0.801384 0 118 0.801384 1
gene 1 29 35 0.438946 0 119 0.438946 1
gene 1 29 36 -0.637591 0 120 -0.637591 1
gene 1 30 35 -0.11782 0 121 -0.11782 1
gene 1 30 36 -0.182104 0 122 -0.182104 1
gene 1 31 35 -0.951017 0 123 -0.951017 1
gene 1 31 36 0.287144 0 124 0.287144 1
gene 1 35 32 -0.834886 0 125 -0.834886 1
gene 1 35 33 0.359498 0 126 0.359498 1
gene 1 35 34 -1.39424 0 127 -1.39424 1
gene 1 36 32 -0.827935 0 128 -0.827935 1
gene 1 36 33 0.251016 0 129 0.251016 1
gene 1 36 34 0.252231 0 130 0.252231 1
gene 1 35 35 0.519914 1 131 0.519914 1
gene 1 36 36 -1.49786 1 132 -1.49786 1
gene 1 34 37 1.12655 1 133 1.12655 1
gene 1 37 32 -3.90912 0 134 -3.90912 1
gene 1 37 33 -0.676259 0 135 -0.676259 1
gene 1 37 34 -0.770268 0 136 -0.770268 1
genomeend 4


