/* Organism #4 Fitness: 14351.204000 Time: 0 */
genomestart 4
trait 1 0.002385 1.000000 0.231644 0.000000 0.000000 0.255342 0.309710 0.000000 
node 1 1 1 1
node 2 1 1 1
node 3 1 1 1
node 4 1 1 1
node 5 1 1 1
node 6 1 1 1
node 7 1 1 1
node 8 1 1 1
node 9 1 1 1
node 10 1 1 1
node 11 1 1 1
node 12 1 1 1
node 13 1 1 1
node 14 1 1 1
node 15 1 1 1
node 16 1 1 1
node 17 1 1 1
node 18 1 1 1
node 19 1 1 1
node 20 1 1 1
node 21 1 1 1
node 22 1 1 1
node 23 1 1 1
node 24 1 1 1
node 25 1 1 1
node 26 1 1 1
node 27 1 1 1
node 28 1 1 1
node 29 1 1 1
node 30 1 1 1
node 31 1 1 3
node 32 1 0 2
node 33 1 0 2
node 34 1 0 2
node 35 1 0 0
node 36 1 0 0
node 37 1 0 1
gene 1 1 32 -1.91602 0 1 -1.91602 1
gene 1 1 33 -2.95737 0 2 -2.95737 1
gene 1 2 32 0.676292 0 3 0.676292 1
gene 1 2 33 4.85873 0 4 4.85873 1
gene 1 3 32 -1.21735 0 5 -1.21735 1
gene 1 3 33 4.13627 0 6 4.13627 1
gene 1 4 32 -0.407805 0 7 -0.407805 1
gene 1 4 33 2.51002 0 8 2.51002 1
gene 1 5 32 -3.26279 0 9 -3.26279 1
gene 1 5 33 2.72455 0 10 2.72455 1
gene 1 6 32 -2.12911 0 11 -2.12911 1
gene 1 6 33 3.73261 0 12 3.73261 1
gene 1 7 32 2.1838 0 13 2.1838 1
gene 1 7 33 -0.0633214 0 14 -0.0633214 1
gene 1 8 32 -0.0169766 0 15 -0.0169766 1
gene 1 8 33 -1.03136 0 16 -1.03136 1
gene 1 9 32 2.41461 0 17 2.41461 1
gene 1 9 33 -0.942016 0 18 -0.942016 1
gene 1 10 32 0.516358 0 19 0.516358 1
gene 1 10 33 1.47764 0 20 1.47764 1
gene 1 11 32 0.191679 0 21 0.191679 1
gene 1 11 33 -0.499507 0 22 -0.499507 1
gene 1 12 32 4.81303 0 23 4.81303 1
gene 1 12 33 -0.670444 0 24 -0.670444 1
gene 1 13 32 -1.20201 0 25 -1.20201 1
gene 1 13 33 -2.52532 0 26 -2.52532 1
gene 1 14 32 -1.70379 0 27 -1.70379 1
gene 1 14 33 2.08541 0 28 2.08541 1
gene 1 15 32 2.04031 0 29 2.04031 1
gene 1 15 33 -3.18397 0 30 -3.18397 1
gene 1 16 32 -0.0732835 0 31 -0.0732835 1
gene 1 16 33 -1.28666 0 32 -1.28666 1
gene 1 17 32 -3.47446 0 33 -3.47446 1
gene 1 17 33 0.878373 0 34 0.878373 1
gene 1 18 32 -1.36012 0 35 -1.36012 1
gene 1 18 33 4.66316 0 36 4.66316 1
gene 1 19 32 -1.09873 0 37 -1.09873 1
gene 1 19 33 3.10415 0 38 3.10415 1
gene 1 20 32 -2.66908 0 39 -2.66908 1
gene 1 20 33 0.533362 0 40 0.533362 1
gene 1 21 32 3.36524 0 41 3.36524 1
gene 1 21 33 1.32997 0 42 1.32997 1
gene 1 22 32 4.19041 0 43 4.19041 1
gene 1 22 33 -0.905602 0 44 -0.905602 1
gene 1 23 32 1.36411 0 45 1.36411 1
gene 1 23 33 -5 0 46 -5 1
gene 1 24 32 1.00156 0 47 1.00156 1
gene 1 24 33 0.324424 0 48 0.324424 1
gene 1 25 32 4.49181 0 49 4.49181 1
gene 1 25 33 -0.830606 0 50 -0.830606 1
gene 1 26 32 -1.63074 0 51 -1.63074 1
gene 1 26 33 -0.979084 0 52 -0.979084 1
gene 1 27 32 -0.55586 0 53 -0.55586 1
gene 1 27 33 -0.538509 0 54 -0.538509 1
gene 1 28 32 -1.6456 0 55 -1.6456 1
gene 1 28 33 5 0 56 5 1
gene 1 29 32 -1.18793 0 57 -1.18793 1
gene 1 29 33 2.90809 0 58 2.90809 1
gene 1 30 32 -5 0 59 -5 1
gene 1 30 33 -5 0 60 -5 1
gene 1 31 32 -0.669328 0 61 -0.669328 1
gene 1 31 33 -2.23889 0 62 -2.23889 1
gene 1 1 35 0.78479 0 63 0.78479 1
gene 1 1 36 3.71651 0 64 3.71651 1
gene 1 2 35 -2.48156 0 65 -2.48156 1
gene 1 2 36 -2.75624 0 66 -2.75624 1
gene 1 3 35 -2.06596 0 67 -2.06596 1
gene 1 3 36 -2.37789 0 68 -2.37789 1
gene 1 4 35 -2.72734 0 69 -2.72734 1
gene 1 4 36 -2.60696 0 70 -2.60696 1
gene 1 5 35 3.06448 0 71 3.06448 1
gene 1 5 36 1.88576 0 72 1.88576 1
gene 1 6 35 1.38989 0 73 1.38989 1
gene 1 6 36 -1.75974 0 74 -1.75974 1
gene 1 7 35 1.67244 0 75 1.67244 1
gene 1 7 36 -0.972286 0 76 -0.972286 1
gene 1 8 35 -3.42046 0 77 -3.42046 1
gene 1 8 36 -0.386934 0 78 -0.386934 1
gene 1 9 35 0.835133 0 79 0.835133 1
gene 1 9 36 4.46696 0 80 4.46696 1
gene 1 10 35 5 0 81 5 1
gene 1 10 36 5 0 82 5 1
gene 1 11 35 -5 0 83 -5 1
gene 1 11 36 0.236543 0 84 0.236543 1
gene 1 12 35 -4.04227 0 85 -4.04227 1
gene 1 12 36 -3.01211 0 86 -3.01211 1
gene 1 13 35 -1.04167 0 87 -1.04167 1
gene 1 13 36 3.86709 0 88 3.86709 1
gene 1 14 35 -2.61743 0 89 -2.61743 1
gene 1 14 36 2.16651 0 90 2.16651 1
gene 1 15 35 -2.12026 0 91 -2.12026 1
gene 1 15 36 -3.09523 0 92 -3.09523 1
gene 1 16 35 2.43716 0 93 2.43716 1
gene 1 16 36 -3.53831 0 94 -3.53831 1
gene 1 17 35 2.71207 0 95 2.71207 1
gene 1 17 36 4.75288 0 96 4.75288 1
gene 1 18 35 -0.613188 0 97 -0.613188 1
gene 1 18 36 0.650308 0 98 0.650308 1
gene 1 19 35 -0.670311 0 99 -0.670311 1
gene 1 19 36 0.258003 0 100 0.258003 1
gene 1 20 35 0.505439 0 101 0.505439 1
gene 1 20 36 3.92095 0 102 3.92095 1
gene 1 21 35 0.603855 0 103 0.603855 1
gene 1 21 36 -3.29627 0 104 -3.29627 1
gene 1 22 35 4.84403 0 105 4.84403 1
gene 1 22 36 -5 0 106 -5 1
gene 1 23 35 -1.1208 0 107 -1.1208 1
gene 1 23 36 -2.36465 0 108 -2.36465 1
gene 1 24 35 5 0 109 5 1
gene 1 24 36 1.38917 0 110 1.38917 1
gene 1 25 35 -0.402385 0 111 -0.402385 1
gene 1 25 36 0.95663 0 112 0.95663 1
gene 1 26 35 -0.426697 0 113 -0.426697 1
gene 1 26 36 -0.292355 0 114 -0.292355 1
gene 1 27 35 0.323233 0 115 0.323233 1
gene 1 27 36 -0.697224 0 116 -0.697224 1
gene 1 28 35 -0.55195 0 117 -0.55195 1
gene 1 28 36 0.616661 0 118 0.616661 1
gene 1 29 35 0.639649 0 119 0.639649 1
gene 1 29 36 0.380369 0 120 0.380369 1
gene 1 30 35 -0.287819 0 121 -0.287819 1
gene 1 30 36 3.63861 0 122 3.63861 1
gene 1 31 35 -0.514653 0 123 -0.514653 1
gene 1 31 36 -0.543408 0 124 -0.543408 1
gene 1 35 32 -0.356207 0 125 -0.356207 1
gene 1 35 33 0.507812 0 126 0.507812 1
gene 1 35 34 -0.26566 0 127 -0.26566 1
gene 1 36 32 0.830189 0 128 0.830189 1
gene 1 36 33 -2.89398 0 129 -2.89398 1
gene 1 36 34 1.57384 0 130 1.57384 1
gene 1 35 35 0.944927 1 131 0.944927 1
gene 1 36 36 1.51602 1 132 1.51602 1
gene 1 34 37 -0.261701 1 133 -0.261701 1
gene 1 37 32 0.475329 0 134 0.475329 1
gene 1 37 33 0.627686 0 135 0.627686 1
gene 1 37 34 -1.2896 0 136 -1.2896 1
genomeend 4


