/* Organism #1 Fitness: 13743.100000 Time: 0 */
genomestart 1
trait 1 0.000000 0.000000 0.000000 0.750006 0.381339 0.181156 0.068213 0.199074 
node 1 1 1 1
node 2 1 1 1
node 3 1 1 1
node 4 1 1 1
node 5 1 1 1
node 6 1 1 1
node 7 1 1 1
node 8 1 1 1
node 9 1 1 1
node 10 1 1 1
node 11 1 1 1
node 12 1 1 1
node 13 1 1 1
node 14 1 1 1
node 15 1 1 1
node 16 1 1 1
node 17 1 1 1
node 18 1 1 1
node 19 1 1 1
node 20 1 1 1
node 21 1 1 1
node 22 1 1 1
node 23 1 1 1
node 24 1 1 1
node 25 1 1 1
node 26 1 1 1
node 27 1 1 1
node 28 1 1 1
node 29 1 1 1
node 30 1 1 1
node 31 1 1 3
node 32 1 0 2
node 33 1 0 2
node 34 1 0 2
node 35 1 0 0
node 36 1 0 0
node 37 1 0 1
gene 1 1 32 -4.31499 0 1 -4.31499 1
gene 1 1 33 2.76591 0 2 2.76591 1
gene 1 2 32 -1.98412 0 3 -1.98412 1
gene 1 2 33 2.10676 0 4 2.10676 1
gene 1 3 32 -0.812006 0 5 -0.812006 1
gene 1 3 33 1.21458 0 6 1.21458 1
gene 1 4 32 0.850306 0 7 0.850306 1
gene 1 4 33 -0.906142 0 8 -0.906142 1
gene 1 5 32 0.479109 0 9 0.479109 1
gene 1 5 33 -1.1123 0 10 -1.1123 1
gene 1 6 32 1.52008 0 11 1.52008 1
gene 1 6 33 0.377472 0 12 0.377472 1
gene 1 7 32 4.05796 0 13 4.05796 1
gene 1 7 33 3.48306 0 14 3.48306 1
gene 1 8 32 -0.485436 0 15 -0.485436 1
gene 1 8 33 -1.76895 0 16 -1.76895 1
gene 1 9 32 -3.11747 0 17 -3.11747 1
gene 1 9 33 -2.8351 0 18 -2.8351 1
gene 1 10 32 3.05603 0 19 3.05603 1
gene 1 10 33 -1.39452 0 20 -1.39452 1
gene 1 11 32 2.85804 0 21 2.85804 1
gene 1 11 33 -0.629452 0 22 -0.629452 1
gene 1 12 32 2.88247 0 23 2.88247 1
gene 1 12 33 -1.62645 0 24 -1.62645 1
gene 1 13 32 -4.16236 0 25 -4.16236 1
gene 1 13 33 4.74144 0 26 4.74144 1
gene 1 14 32 1.6623 0 27 1.6623 1
gene 1 14 33 0.888222 0 28 0.888222 1
gene 1 15 32 0.664556 0 29 0.664556 1
gene 1 15 33 2.42828 0 30 2.42828 1
gene 1 16 32 1.90633 0 31 1.90633 1
gene 1 16 33 0.23031 0 32 0.23031 1
gene 1 17 32 1.43426 0 33 1.43426 1
gene 1 17 33 0.229228 0 34 0.229228 1
gene 1 18 32 5 0 35 5 1
gene 1 18 33 2.23148 0 36 2.23148 1
gene 1 19 32 0.58535 0 37 0.58535 1
gene 1 19 33 -0.451759 0 38 -0.451759 1
gene 1 20 32 -0.744489 0 39 -0.744489 1
gene 1 20 33 -2.83067 0 40 -2.83067 1
gene 1 21 32 3.30692 0 41 3.30692 1
gene 1 21 33 -1.94839 0 42 -1.94839 1
gene 1 22 32 -0.979264 0 43 -0.979264 1
gene 1 22 33 2.8644 0 44 2.8644 1
gene 1 23 32 -3.60862 0 45 -3.60862 1
gene 1 23 33 2.08453 0 46 2.08453 1
gene 1 24 32 1.88839 0 47 1.88839 1
gene 1 24 33 3.79785 0 48 3.79785 1
gene 1 25 32 0.212168 0 49 0.212168 1
gene 1 25 33 1.05606 0 50 1.05606 1
gene 1 26 32 -0.972756 0 51 -0.972756 1
gene 1 26 33 2.89924 0 52 2.89924 1
gene 1 27 32 -1.1791 0 53 -1.1791 1
gene 1 27 33 -2.51458 0 54 -2.51458 1
gene 1 28 32 0.116737 0 55 0.116737 1
gene 1 28 33 1.4936 0 56 1.4936 1
gene 1 29 32 -1.35646 0 57 -1.35646 1
gene 1 29 33 0.53867 0 58 0.53867 1
gene 1 30 32 -5 0 59 -5 1
gene 1 30 33 -4.21342 0 60 -4.21342 1
gene 1 31 32 -0.370196 0 61 -0.370196 1
gene 1 31 33 -0.668716 0 62 -0.668716 1
gene 1 1 35 -4.23652 0 63 -4.23652 1
gene 1 1 36 1.22551 0 64 1.22551 1
gene 1 2 35 -0.155322 0 65 -0.155322 1
gene 1 2 36 -0.623946 0 66 -0.623946 1
gene 1 3 35 1.55512 0 67 1.55512 1
gene 1 3 36 1.54177 0 68 1.54177 1
gene 1 4 35 1.23527 0 69 1.23527 1
gene 1 4 36 -0.611296 0 70 -0.611296 1
gene 1 5 35 0.668503 0 71 0.668503 1
gene 1 5 36 0.366462 0 72 0.366462 1
gene 1 6 35 -3.59306 0 73 -3.59306 1
gene 1 6 36 2.3319 0 74 2.3319 1
gene 1 7 35 -3.12262 0 75 -3.12262 1
gene 1 7 36 -0.414537 0 76 -0.414537 1
gene 1 8 35 2.73899 0 77 2.73899 1
gene 1 8 36 -4.32372 0 78 -4.32372 1
gene 1 9 35 4.99022 0 79 4.99022 1
gene 1 9 36 1.3719 0 80 1.3719 1
gene 1 10 35 -1.7104 0 81 -1.7104 1
gene 1 10 36 -1.1398 0 82 -1.1398 1
gene 1 11 35 -3.71958 0 83 -3.71958 1
gene 1 11 36 2.91776 0 84 2.91776 1
gene 1 12 35 -4.816 0 85 -4.816 1
gene 1 12 36 0.685571 0 86 0.685571 1
gene 1 13 35 -1.43693 0 87 -1.43693 1
gene 1 13 36 2.02603 0 88 2.02603 1
gene 1 14 35 0.284332 0 89 0.284332 1
gene 1 14 36 1.91 0 90 1.91 1
gene 1 15 35 -3.25381 0 91 -3.25381 1
gene 1 15 36 2.05554 0 92 2.05554 1
gene 1 16 35 0.0957017 0 93 0.0957017 1
gene 1 16 36 1.87751 0 94 1.87751 1
gene 1 17 35 4.6113 0 95 4.6113 1
gene 1 17 36 -2.73746 0 96 -2.73746 1
gene 1 18 35 -0.377989 0 97 -0.377989 1
gene 1 18 36 -2.58278 0 98 -2.58278 1
gene 1 19 35 1.22259 0 99 1.22259 1
gene 1 19 36 1.0485 0 100 1.0485 1
gene 1 20 35 -3.74806 0 101 -3.74806 1
gene 1 20 36 2.58275 0 102 2.58275 1
gene 1 21 35 -2.698 0 103 -2.698 1
gene 1 21 36 -0.829181 0 104 -0.829181 1
gene 1 22 35 1.48289 0 105 1.48289 1
gene 1 22 36 1.63698 0 106 1.63698 1
gene 1 23 35 -3.94085 0 107 -3.94085 1
gene 1 23 36 1.35235 0 108 1.35235 1
gene 1 24 35 1.10045 0 109 1.10045 1
gene 1 24 36 -1.59342 0 110 -1.59342 1
gene 1 25 35 2.08485 0 111 2.08485 1
gene 1 25 36 0.463699 0 112 0.463699 1
gene 1 26 35 -0.20637 0 113 -0.20637 1
gene 1 26 36 0.743048 0 114 0.743048 1
gene 1 27 35 1.05142 0 115 1.05142 1
gene 1 27 36 -0.14393 0 116 -0.14393 1
gene 1 28 35 0.226521 0 117 0.226521 1
gene 1 28 36 -0.870085 0 118 -0.870085 1
gene 1 29 35 1.04159 0 119 1.04159 1
gene 1 29 36 0.522982 0 120 0.522982 1
gene 1 30 35 0.93902 0 121 0.93902 1
gene 1 30 36 -0.219372 0 122 -0.219372 1
gene 1 31 35 0.322307 0 123 0.322307 1
gene 1 31 36 -0.288359 0 124 -0.288359 1
gene 1 35 32 -0.177614 0 125 -0.177614 1
gene 1 35 33 -3.13843 0 126 -3.13843 1
gene 1 35 34 -0.248745 0 127 -0.248745 1
gene 1 36 32 -0.398677 0 128 -0.398677 1
gene 1 36 33 -2.2018 0 129 -2.2018 1
gene 1 36 34 -0.849733 0 130 -0.849733 1
gene 1 35 35 -0.903562 1 131 -0.903562 1
gene 1 36 36 1.20975 1 132 1.20975 1
gene 1 34 37 -0.205806 1 133 -0.205806 1
gene 1 37 32 0.565642 0 134 0.565642 1
gene 1 37 33 -1.35012 0 135 -1.35012 1
gene 1 37 34 0.561838 0 136 0.561838 1
genomeend 1


