/* Organism #0 Fitness: 14094.630000 Time: 0 */
genomestart 0
trait 1 0.000000 0.000000 0.000000 0.472218 0.000000 0.494090 0.607855 0.000000 
node 1 1 1 1
node 2 1 1 1
node 3 1 1 1
node 4 1 1 1
node 5 1 1 1
node 6 1 1 1
node 7 1 1 1
node 8 1 1 1
node 9 1 1 1
node 10 1 1 1
node 11 1 1 1
node 12 1 1 1
node 13 1 1 1
node 14 1 1 1
node 15 1 1 1
node 16 1 1 1
node 17 1 1 1
node 18 1 1 1
node 19 1 1 1
node 20 1 1 1
node 21 1 1 1
node 22 1 1 1
node 23 1 1 1
node 24 1 1 1
node 25 1 1 1
node 26 1 1 1
node 27 1 1 1
node 28 1 1 1
node 29 1 1 1
node 30 1 1 1
node 31 1 1 3
node 32 1 0 2
node 33 1 0 2
node 34 1 0 2
node 35 1 0 0
node 36 1 0 0
node 37 1 0 1
gene 1 1 32 -4.49761 0 1 -4.49761 1
gene 1 1 33 -3.24909 0 2 -3.24909 1
gene 1 2 32 -1.24517 0 3 -1.24517 1
gene 1 2 33 4.20784 0 4 4.20784 1
gene 1 3 32 -1.28169 0 5 -1.28169 1
gene 1 3 33 4.8356 0 6 4.8356 1
gene 1 4 32 1.52632 0 7 1.52632 1
gene 1 4 33 -1.41545 0 8 -1.41545 1
gene 1 5 32 2.73348 0 9 2.73348 1
gene 1 5 33 -0.945121 0 10 -0.945121 1
gene 1 6 32 3.06923 0 11 3.06923 1
gene 1 6 33 -0.734306 0 12 -0.734306 1
gene 1 7 32 3.264 0 13 3.264 1
gene 1 7 33 -1.48985 0 14 -1.48985 1
gene 1 8 32 2.82092 0 15 2.82092 1
gene 1 8 33 -3.20441 0 16 -3.20441 1
gene 1 9 32 1.91299 0 17 1.91299 1
gene 1 9 33 2.8369 0 18 2.8369 1
gene 1 10 32 4.20067 0 19 4.20067 1
gene 1 10 33 0.995041 0 20 0.995041 1
gene 1 11 32 0.336651 0 21 0.336651 1
gene 1 11 33 -3.00072 0 22 -3.00072 1
gene 1 12 32 -1.66842 0 23 -1.66842 1
gene 1 12 33 -2.84614 0 24 -2.84614 1
gene 1 13 32 2.60431 0 25 2.60431 1
gene 1 13 33 2.82613 0 26 2.82613 1
gene 1 14 32 0.019848 0 27 0.019848 1
gene 1 14 33 -2.95832 0 28 -2.95832 1
gene 1 15 32 1.34031 0 29 1.34031 1
gene 1 15 33 1.31827 0 30 1.31827 1
gene 1 16 32 1.31044 0 31 1.31044 1
gene 1 16 33 1.74338 0 32 1.74338 1
gene 1 17 32 3.18477 0 33 3.18477 1
gene 1 17 33 -0.305776 0 34 -0.305776 1
gene 1 18 32 4.97139 0 35 4.97139 1
gene 1 18 33 1.21636 0 36 1.21636 1
gene 1 19 32 0.628424 0 37 0.628424 1
gene 1 19 33 -2.26606 0 38 -2.26606 1
gene 1 20 32 0.691414 0 39 0.691414 1
gene 1 20 33 -3.71976 0 40 -3.71976 1
gene 1 21 32 -0.206529 0 41 -0.206529 1
gene 1 21 33 1.16316 0 42 1.16316 1
gene 1 22 32 0.208937 0 43 0.208937 1
gene 1 22 33 -2.79936 0 44 -2.79936 1
gene 1 23 32 -0.643033 0 45 -0.643033 1
gene 1 23 33 2.08126 0 46 2.08126 1
gene 1 24 32 0.269362 0 47 0.269362 1
gene 1 24 33 0.853788 0 48 0.853788 1
gene 1 25 32 4.18058 0 49 4.18058 1
gene 1 25 33 1.85856 0 50 1.85856 1
gene 1 26 32 1.25545 0 51 1.25545 1
gene 1 26 33 2.23461 0 52 2.23461 1
gene 1 27 32 0.368584 0 53 0.368584 1
gene 1 27 33 -0.229732 0 54 -0.229732 1
gene 1 28 32 -2.87835 0 55 -2.87835 1
gene 1 28 33 3.20292 0 56 3.20292 1
gene 1 29 32 0.467366 0 57 0.467366 1
gene 1 29 33 0.907456 0 58 0.907456 1
gene 1 30 32 -5 0 59 -5 1
gene 1 30 33 -1.09995 0 60 -1.09995 1
gene 1 31 32 1.49495 0 61 1.49495 1
gene 1 31 33 0.0833128 0 62 0.0833128 1
gene 1 1 35 -0.865726 0 63 -0.865726 1
gene 1 1 36 0.139649 0 64 0.139649 1
gene 1 2 35 -0.679316 0 65 -0.679316 1
gene 1 2 36 -2.5955 0 66 -2.5955 1
gene 1 3 35 -0.544546 0 67 -0.544546 1
gene 1 3 36 1.46741 0 68 1.46741 1
gene 1 4 35 0.323479 0 69 0.323479 1
gene 1 4 36 -0.0517299 0 70 -0.0517299 1
gene 1 5 35 0.844928 0 71 0.844928 1
gene 1 5 36 5 0 72 5 1
gene 1 6 35 -1.24342 0 73 -1.24342 1
gene 1 6 36 1.29688 0 74 1.29688 1
gene 1 7 35 0.299893 0 75 0.299893 1
gene 1 7 36 -3.24242 0 76 -3.24242 1
gene 1 8 35 -1.89344 0 77 -1.89344 1
gene 1 8 36 -0.513588 0 78 -0.513588 1
gene 1 9 35 5 0 79 5 1
gene 1 9 36 0.328942 0 80 0.328942 1
gene 1 10 35 0.280632 0 81 0.280632 1
gene 1 10 36 2.57933 0 82 2.57933 1
gene 1 11 35 1.01597 0 83 1.01597 1
gene 1 11 36 -1.90198 0 84 -1.90198 1
gene 1 12 35 -0.00536413 0 85 -0.00536413 1
gene 1 12 36 2.32944 0 86 2.32944 1
gene 1 13 35 -0.794246 0 87 -0.794246 1
gene 1 13 36 0.350781 0 88 0.350781 1
gene 1 14 35 -0.776499 0 89 -0.776499 1
gene 1 14 36 1.36303 0 90 1.36303 1
gene 1 15 35 1.41378 0 91 1.41378 1
gene 1 15 36 -3.15378 0 92 -3.15378 1
gene 1 16 35 2.25749 0 93 2.25749 1
gene 1 16 36 1.33346 0 94 1.33346 1
gene 1 17 35 0.156992 0 95 0.156992 1
gene 1 17 36 0.28841 0 96 0.28841 1
gene 1 18 35 0.303001 0 97 0.303001 1
gene 1 18 36 -2.19873 0 98 -2.19873 1
gene 1 19 35 4.03681 0 99 4.03681 1
gene 1 19 36 2.30194 0 100 2.30194 1
gene 1 20 35 -5 0 101 -5 1
gene 1 20 36 -4.40062 0 102 -4.40062 1
gene 1 21 35 3.56686 0 103 3.56686 1
gene 1 21 36 -0.014318 0 104 -0.014318 1
gene 1 22 35 -3.00826 0 105 -3.00826 1
gene 1 22 36 4.581 0 106 4.581 1
gene 1 23 35 0.300642 0 107 0.300642 1
gene 1 23 36 2.7294 0 108 2.7294 1
gene 1 24 35 0.845305 0 109 0.845305 1
gene 1 24 36 0.82463 0 110 0.82463 1
gene 1 25 35 -0.972237 0 111 -0.972237 1
gene 1 25 36 0.760383 0 112 0.760383 1
gene 1 26 35 -0.99158 0 113 -0.99158 1
gene 1 26 36 0.269959 0 114 0.269959 1
gene 1 27 35 -0.262143 0 115 -0.262143 1
gene 1 27 36 0.129216 0 116 0.129216 1
gene 1 28 35 1.09392 0 117 1.09392 1
gene 1 28 36 -1.67115 0 118 -1.67115 1
gene 1 29 35 2.35752 0 119 2.35752 1
gene 1 29 36 -0.35759 0 120 -0.35759 1
gene 1 30 35 0.398706 0 121 0.398706 1
gene 1 30 36 -0.175352 0 122 -0.175352 1
gene 1 31 35 -0.0968187 0 123 -0.0968187 1
gene 1 31 36 -0.538887 0 124 -0.538887 1
gene 1 35 32 -2.55412 0 125 -2.55412 1
gene 1 35 33 0.440476 0 126 0.440476 1
gene 1 35 34 -1.58409 0 127 -1.58409 1
gene 1 36 32 -0.241411 0 128 -0.241411 1
gene 1 36 33 0.0684145 0 129 0.0684145 1
gene 1 36 34 0.292876 0 130 0.292876 1
gene 1 35 35 5 1 131 5 1
gene 1 36 36 -0.40974 1 132 -0.40974 1
gene 1 34 37 -0.543387 1 133 -0.543387 1
gene 1 37 32 -0.70386 0 134 -0.70386 1
gene 1 37 33 -1.06826 0 135 -1.06826 1
gene 1 37 34 -0.650386 0 136 -0.650386 1
genomeend 0


