/* Organism #0 Fitness: 13984.466000 Time: 0 */
genomestart 0
trait 1 0.000000 0.260134 0.002005 0.216706 0.000000 0.000000 0.000000 0.000000 
node 1 1 1 1
node 2 1 1 1
node 3 1 1 1
node 4 1 1 1
node 5 1 1 1
node 6 1 1 1
node 7 1 1 1
node 8 1 1 1
node 9 1 1 1
node 10 1 1 1
node 11 1 1 1
node 12 1 1 1
node 13 1 1 1
node 14 1 1 1
node 15 1 1 1
node 16 1 1 1
node 17 1 1 1
node 18 1 1 1
node 19 1 1 1
node 20 1 1 1
node 21 1 1 1
node 22 1 1 1
node 23 1 1 1
node 24 1 1 1
node 25 1 1 1
node 26 1 1 1
node 27 1 1 1
node 28 1 1 1
node 29 1 1 1
node 30 1 1 1
node 31 1 1 3
node 32 1 0 2
node 33 1 0 2
node 34 1 0 2
node 35 1 0 0
node 36 1 0 0
node 37 1 0 1
gene 1 1 32 -4.78936 0 1 -4.78936 1
gene 1 1 33 1.66033 0 2 1.66033 1
gene 1 2 32 0.300409 0 3 0.300409 1
gene 1 2 33 2.11199 0 4 2.11199 1
gene 1 3 32 -1.15019 0 5 -1.15019 1
gene 1 3 33 -0.182884 0 6 -0.182884 1
gene 1 4 32 0.648954 0 7 0.648954 1
gene 1 4 33 -0.995948 0 8 -0.995948 1
gene 1 5 32 1.11723 0 9 1.11723 1
gene 1 5 33 -0.209592 0 10 -0.209592 1
gene 1 6 32 0.801801 0 11 0.801801 1
gene 1 6 33 0.285936 0 12 0.285936 1
gene 1 7 32 3.76775 0 13 3.76775 1
gene 1 7 33 -2.36255 0 14 -2.36255 1
gene 1 8 32 -1.36387 0 15 -1.36387 1
gene 1 8 33 -0.712101 0 16 -0.712101 1
gene 1 9 32 0.838796 0 17 0.838796 1
gene 1 9 33 -0.0639605 0 18 -0.0639605 1
gene 1 10 32 -0.49748 0 19 -0.49748 1
gene 1 10 33 0.644155 0 20 0.644155 1
gene 1 11 32 -0.815566 0 21 -0.815566 1
gene 1 11 33 2.46779 0 22 2.46779 1
gene 1 12 32 -0.0289033 0 23 -0.0289033 1
gene 1 12 33 -0.318171 0 24 -0.318171 1
gene 1 13 32 0.510762 0 25 0.510762 1
gene 1 13 33 -0.435568 0 26 -0.435568 1
gene 1 14 32 4.39036 0 27 4.39036 1
gene 1 14 33 -3.77524 0 28 -3.77524 1
gene 1 15 32 1.01444 0 29 1.01444 1
gene 1 15 33 0.128102 0 30 0.128102 1
gene 1 16 32 1.47312 0 31 1.47312 1
gene 1 16 33 1.33755 0 32 1.33755 1
gene 1 17 32 1.01617 0 33 1.01617 1
gene 1 17 33 -2.75036 0 34 -2.75036 1
gene 1 18 32 5 0 35 5 1
gene 1 18 33 3.2834 0 36 3.2834 1
gene 1 19 32 0.389748 0 37 0.389748 1
gene 1 19 33 -0.94545 0 38 -0.94545 1
gene 1 20 32 -0.949364 0 39 -0.949364 1
gene 1 20 33 -3.88186 0 40 -3.88186 1
gene 1 21 32 0.948785 0 41 0.948785 1
gene 1 21 33 -0.931642 0 42 -0.931642 1
gene 1 22 32 -0.400557 0 43 -0.400557 1
gene 1 22 33 1.16879 0 44 1.16879 1
gene 1 23 32 -3.32909 0 45 -3.32909 1
gene 1 23 33 1.75726 0 46 1.75726 1
gene 1 24 32 1.75395 0 47 1.75395 1
gene 1 24 33 1.822 0 48 1.822 1
gene 1 25 32 1.76046 0 49 1.76046 1
gene 1 25 33 -1.28546 0 50 -1.28546 1
gene 1 26 32 -1.05415 0 51 -1.05415 1
gene 1 26 33 0.15995 0 52 0.15995 1
gene 1 27 32 0.472153 0 53 0.472153 1
gene 1 27 33 -0.912617 0 54 -0.912617 1
gene 1 28 32 1.49794 0 55 1.49794 1
gene 1 28 33 0.0221434 0 56 0.0221434 1
gene 1 29 32 0.187624 0 57 0.187624 1
gene 1 29 33 -0.402515 0 58 -0.402515 1
gene 1 30 32 -4.5618 0 59 -4.5618 1
gene 1 30 33 -4.67908 0 60 -4.67908 1
gene 1 31 32 0.041085 0 61 0.041085 1
gene 1 31 33 -0.207389 0 62 -0.207389 1
gene 1 1 35 -3.89747 0 63 -3.89747 1
gene 1 1 36 1.4011 0 64 1.4011 1
gene 1 2 35 3.93579 0 65 3.93579 1
gene 1 2 36 0.660911 0 66 0.660911 1
gene 1 3 35 1.70507 0 67 1.70507 1
gene 1 3 36 2.50358 0 68 2.50358 1
gene 1 4 35 -3.50648 0 69 -3.50648 1
gene 1 4 36 -1.09075 0 70 -1.09075 1
gene 1 5 35 -0.991287 0 71 -0.991287 1
gene 1 5 36 0.145959 0 72 0.145959 1
gene 1 6 35 0.739857 0 73 0.739857 1
gene 1 6 36 -2.05054 0 74 -2.05054 1
gene 1 7 35 3.02245 0 75 3.02245 1
gene 1 7 36 -0.751068 0 76 -0.751068 1
gene 1 8 35 -0.199664 0 77 -0.199664 1
gene 1 8 36 -0.0140264 0 78 -0.0140264 1
gene 1 9 35 -0.226514 0 79 -0.226514 1
gene 1 9 36 -0.145564 0 80 -0.145564 1
gene 1 10 35 -0.675264 0 81 -0.675264 1
gene 1 10 36 -0.241419 0 82 -0.241419 1
gene 1 11 35 2.6363 0 83 2.6363 1
gene 1 11 36 0.0368829 0 84 0.0368829 1
gene 1 12 35 -1.71895 0 85 -1.71895 1
gene 1 12 36 -2.28777 0 86 -2.28777 1
gene 1 13 35 1.54601 0 87 1.54601 1
gene 1 13 36 -0.218696 0 88 -0.218696 1
gene 1 14 35 -4.41022 0 89 -4.41022 1
gene 1 14 36 -0.276084 0 90 -0.276084 1
gene 1 15 35 2.54107 0 91 2.54107 1
gene 1 15 36 -0.810743 0 92 -0.810743 1
gene 1 16 35 -0.907539 0 93 -0.907539 1
gene 1 16 36 -0.120905 0 94 -0.120905 1
gene 1 17 35 -0.372241 0 95 -0.372241 1
gene 1 17 36 -0.596559 0 96 -0.596559 1
gene 1 18 35 -1.41439 0 97 -1.41439 1
gene 1 18 36 -4.16873 0 98 -4.16873 1
gene 1 19 35 0.379665 0 99 0.379665 1
gene 1 19 36 -2.42525 0 100 -2.42525 1
gene 1 20 35 -1.16747 0 101 -1.16747 1
gene 1 20 36 -1.20648 0 102 -1.20648 1
gene 1 21 35 -0.548736 0 103 -0.548736 1
gene 1 21 36 0.242375 0 104 0.242375 1
gene 1 22 35 1.19781 0 105 1.19781 1
gene 1 22 36 1.27047 0 106 1.27047 1
gene 1 23 35 0.854666 0 107 0.854666 1
gene 1 23 36 1.22389 0 108 1.22389 1
gene 1 24 35 1.76026 0 109 1.76026 1
gene 1 24 36 -1.41637 0 110 -1.41637 1
gene 1 25 35 2.03984 0 111 2.03984 1
gene 1 25 36 1.00304 0 112 1.00304 1
gene 1 26 35 -0.405795 0 113 -0.405795 1
gene 1 26 36 -0.454219 0 114 -0.454219 1
gene 1 27 35 -0.691481 0 115 -0.691481 1
gene 1 27 36 -0.17587 0 116 -0.17587 1
gene 1 28 35 -1.8974 0 117 -1.8974 1
gene 1 28 36 -0.942105 0 118 -0.942105 1
gene 1 29 35 -1.81406 0 119 -1.81406 1
gene 1 29 36 -0.795237 0 120 -0.795237 1
gene 1 30 35 1.29223 0 121 1.29223 1
gene 1 30 36 -0.161799 0 122 -0.161799 1
gene 1 31 35 1.01357 0 123 1.01357 1
gene 1 31 36 0.66688 0 124 0.66688 1
gene 1 35 32 0.128581 0 125 0.128581 1
gene 1 35 33 -2.07884 0 126 -2.07884 1
gene 1 35 34 -1.3444 0 127 -1.3444 1
gene 1 36 32 -0.386798 0 128 -0.386798 1
gene 1 36 33 0.2891 0 129 0.2891 1
gene 1 36 34 0.0907608 0 130 0.0907608 1
gene 1 35 35 -0.595241 1 131 -0.595241 1
gene 1 36 36 -1.13504 1 132 -1.13504 1
gene 1 34 37 0.691475 1 133 0.691475 1
gene 1 37 32 0.63545 0 134 0.63545 1
gene 1 37 33 -0.755466 0 135 -0.755466 1
gene 1 37 34 -0.688961 0 136 -0.688961 1
genomeend 0


