/* Organism #4 Fitness: 14684.018000 Time: 0 */
genomestart 4
trait 1 1.000000 0.000000 0.622409 0.000000 0.553645 1.000000 1.000000 1.000000 
node 1 1 1 1
node 2 1 1 1
node 3 1 1 1
node 4 1 1 1
node 5 1 1 1
node 6 1 1 1
node 7 1 1 1
node 8 1 1 1
node 9 1 1 1
node 10 1 1 1
node 11 1 1 1
node 12 1 1 1
node 13 1 1 1
node 14 1 1 1
node 15 1 1 1
node 16 1 1 1
node 17 1 1 1
node 18 1 1 1
node 19 1 1 1
node 20 1 1 1
node 21 1 1 1
node 22 1 1 1
node 23 1 1 1
node 24 1 1 1
node 25 1 1 1
node 26 1 1 1
node 27 1 1 1
node 28 1 1 1
node 29 1 1 1
node 30 1 1 1
node 31 1 1 3
node 32 1 0 2
node 33 1 0 2
node 34 1 0 2
node 35 1 0 0
node 36 1 0 0
node 37 1 0 1
gene 1 1 32 -1.75742 0 1 -1.75742 1
gene 1 1 33 -4.00742 0 2 -4.00742 1
gene 1 2 32 -1.39429 0 3 -1.39429 1
gene 1 2 33 4.22837 0 4 4.22837 1
gene 1 3 32 3.37481 0 5 3.37481 1
gene 1 3 33 1.93268 0 6 1.93268 1
gene 1 4 32 0.902032 0 7 0.902032 1
gene 1 4 33 1.43587 0 8 1.43587 1
gene 1 5 32 1.90297 0 9 1.90297 1
gene 1 5 33 2.24035 0 10 2.24035 1
gene 1 6 32 0.389825 0 11 0.389825 1
gene 1 6 33 1.74332 0 12 1.74332 1
gene 1 7 32 -1.44284 0 13 -1.44284 1
gene 1 7 33 0.0149093 0 14 0.0149093 1
gene 1 8 32 1.25677 0 15 1.25677 1
gene 1 8 33 -3.42053 0 16 -3.42053 1
gene 1 9 32 3.17405 0 17 3.17405 1
gene 1 9 33 -1.61934 0 18 -1.61934 1
gene 1 10 32 -3.98586 0 19 -3.98586 1
gene 1 10 33 0.266272 0 20 0.266272 1
gene 1 11 32 4.88668 0 21 4.88668 1
gene 1 11 33 1.97676 0 22 1.97676 1
gene 1 12 32 0.776107 0 23 0.776107 1
gene 1 12 33 -1.11956 0 24 -1.11956 1
gene 1 13 32 1.15183 0 25 1.15183 1
gene 1 13 33 -0.884097 0 26 -0.884097 1
gene 1 14 32 1.60292 0 27 1.60292 1
gene 1 14 33 0.532099 0 28 0.532099 1
gene 1 15 32 1.73154 0 29 1.73154 1
gene 1 15 33 0.668376 0 30 0.668376 1
gene 1 16 32 4.26481 0 31 4.26481 1
gene 1 16 33 1.62508 0 32 1.62508 1
gene 1 17 32 -0.522035 0 33 -0.522035 1
gene 1 17 33 2.78746 0 34 2.78746 1
gene 1 18 32 1.60228 0 35 1.60228 1
gene 1 18 33 4.45209 0 36 4.45209 1
gene 1 19 32 -0.106749 0 37 -0.106749 1
gene 1 19 33 -0.40486 0 38 -0.40486 1
gene 1 20 32 -0.12305 0 39 -0.12305 1
gene 1 20 33 -0.324558 0 40 -0.324558 1
gene 1 21 32 3.53828 0 41 3.53828 1
gene 1 21 33 0.886581 0 42 0.886581 1
gene 1 22 32 2.70533 0 43 2.70533 1
gene 1 22 33 -0.855558 0 44 -0.855558 1
gene 1 23 32 -0.962821 0 45 -0.962821 1
gene 1 23 33 -3.24549 0 46 -3.24549 1
gene 1 24 32 0.634813 0 47 0.634813 1
gene 1 24 33 3.14241 0 48 3.14241 1
gene 1 25 32 -1.04595 0 49 -1.04595 1
gene 1 25 33 -0.208581 0 50 -0.208581 1
gene 1 26 32 0.228947 0 51 0.228947 1
gene 1 26 33 -1.66038 0 52 -1.66038 1
gene 1 27 32 1.90627 0 53 1.90627 1
gene 1 27 33 0.0874258 0 54 0.0874258 1
gene 1 28 32 -0.00801184 0 55 -0.00801184 1
gene 1 28 33 1.11695 0 56 1.11695 1
gene 1 29 32 -1.68629 0 57 -1.68629 1
gene 1 29 33 -1.27605 0 58 -1.27605 1
gene 1 30 32 -4.01935 0 59 -4.01935 1
gene 1 30 33 -5 0 60 -5 1
gene 1 31 32 1.21733 0 61 1.21733 1
gene 1 31 33 -4.83247 0 62 -4.83247 1
gene 1 1 35 -0.236974 0 63 -0.236974 1
gene 1 1 36 0.330712 0 64 0.330712 1
gene 1 2 35 0.105763 0 65 0.105763 1
gene 1 2 36 1.6699 0 66 1.6699 1
gene 1 3 35 0.237595 0 67 0.237595 1
gene 1 3 36 3.10232 0 68 3.10232 1
gene 1 4 35 -3.31663 0 69 -3.31663 1
gene 1 4 36 -2.95171 0 70 -2.95171 1
gene 1 5 35 -2.05981 0 71 -2.05981 1
gene 1 5 36 -1.41813 0 72 -1.41813 1
gene 1 6 35 1.36635 0 73 1.36635 1
gene 1 6 36 2.67396 0 74 2.67396 1
gene 1 7 35 -2.66983 0 75 -2.66983 1
gene 1 7 36 -1.26159 0 76 -1.26159 1
gene 1 8 35 0.396686 0 77 0.396686 1
gene 1 8 36 -0.0632827 0 78 -0.0632827 1
gene 1 9 35 2.13286 0 79 2.13286 1
gene 1 9 36 5 0 80 5 1
gene 1 10 35 -0.93384 0 81 -0.93384 1
gene 1 10 36 1.83494 0 82 1.83494 1
gene 1 11 35 -4.14023 0 83 -4.14023 1
gene 1 11 36 -2.75316 0 84 -2.75316 1
gene 1 12 35 -3.6333 0 85 -3.6333 1
gene 1 12 36 0.978534 0 86 0.978534 1
gene 1 13 35 -4.84288 0 87 -4.84288 1
gene 1 13 36 3.0546 0 88 3.0546 1
gene 1 14 35 1.52178 0 89 1.52178 1
gene 1 14 36 2.22802 0 90 2.22802 1
gene 1 15 35 -0.0226172 0 91 -0.0226172 1
gene 1 15 36 -1.52271 0 92 -1.52271 1
gene 1 16 35 1.07226 0 93 1.07226 1
gene 1 16 36 -1.29311 0 94 -1.29311 1
gene 1 17 35 0.21829 0 95 0.21829 1
gene 1 17 36 2.15563 0 96 2.15563 1
gene 1 18 35 -3.87611 0 97 -3.87611 1
gene 1 18 36 1.56523 0 98 1.56523 1
gene 1 19 35 0.181601 0 99 0.181601 1
gene 1 19 36 0.785916 0 100 0.785916 1
gene 1 20 35 -1.84521 0 101 -1.84521 1
gene 1 20 36 1.16132 0 102 1.16132 1
gene 1 21 35 2.27227 0 103 2.27227 1
gene 1 21 36 -1.40958 0 104 -1.40958 1
gene 1 22 35 -0.788923 0 105 -0.788923 1
gene 1 22 36 -3.18452 0 106 -3.18452 1
gene 1 23 35 0.660719 0 107 0.660719 1
gene 1 23 36 5 0 108 5 1
gene 1 24 35 -0.448853 0 109 -0.448853 1
gene 1 24 36 -0.194932 0 110 -0.194932 1
gene 1 25 35 -0.46835 0 111 -0.46835 1
gene 1 25 36 0.596287 0 112 0.596287 1
gene 1 26 35 -2.08052 0 113 -2.08052 1
gene 1 26 36 -0.975941 0 114 -0.975941 1
gene 1 27 35 0.943029 0 115 0.943029 1
gene 1 27 36 1.19221 0 116 1.19221 1
gene 1 28 35 0.214822 0 117 0.214822 1
gene 1 28 36 -0.118757 0 118 -0.118757 1
gene 1 29 35 0.646088 0 119 0.646088 1
gene 1 29 36 -0.221177 0 120 -0.221177 1
gene 1 30 35 -0.00651046 0 121 -0.00651046 1
gene 1 30 36 0.839955 0 122 0.839955 1
gene 1 31 35 -1.68205 0 123 -1.68205 1
gene 1 31 36 0.427071 0 124 0.427071 1
gene 1 35 32 -0.408411 0 125 -0.408411 1
gene 1 35 33 0.692366 0 126 0.692366 1
gene 1 35 34 0.593249 0 127 0.593249 1
gene 1 36 32 -0.633618 0 128 -0.633618 1
gene 1 36 33 -0.212335 0 129 -0.212335 1
gene 1 36 34 0.925279 0 130 0.925279 1
gene 1 35 35 -0.891702 1 131 -0.891702 1
gene 1 36 36 -0.333866 1 132 -0.333866 1
gene 1 34 37 -1.47156 1 133 -1.47156 1
gene 1 37 32 0.871726 0 134 0.871726 1
gene 1 37 33 -0.415327 0 135 -0.415327 1
gene 1 37 34 1.1863 0 136 1.1863 1
genomeend 4


