/* Organism #4 Fitness: 19864.192000 Time: 0 */
genomestart 4
trait 1 0.100000 0.000000 0.344419 0.000000 0.000000 0.000000 0.000000 0.063353 
node 1 1 1 1
node 2 1 1 1
node 3 1 1 1
node 4 1 1 1
node 5 1 1 1
node 6 1 1 1
node 7 1 1 1
node 8 1 1 1
node 9 1 1 1
node 10 1 1 1
node 11 1 1 1
node 12 1 1 1
node 13 1 1 1
node 14 1 1 1
node 15 1 1 1
node 16 1 1 1
node 17 1 1 1
node 18 1 1 1
node 19 1 1 1
node 20 1 1 1
node 21 1 1 1
node 22 1 1 1
node 23 1 1 1
node 24 1 1 1
node 25 1 1 1
node 26 1 1 1
node 27 1 1 1
node 28 1 1 3
node 29 1 0 2
node 30 1 0 2
node 31 1 0 2
node 32 1 0 2
node 33 1 0 2
gene 1 1 29 -0.365237 0 1 -0.365237 1
gene 1 1 30 -1.92721 0 2 -1.92721 1
gene 1 1 31 0.312267 0 3 0.312267 1
gene 1 1 32 -2.09552 0 4 -2.09552 1
gene 1 1 33 1.62006 0 5 1.62006 1
gene 1 2 29 -0.00314256 0 6 -0.00314256 1
gene 1 2 30 1.96853 0 7 1.96853 1
gene 1 2 31 3.24752 0 8 3.24752 1
gene 1 2 32 0.0663969 0 9 0.0663969 1
gene 1 2 33 1.9542 0 10 1.9542 1
gene 1 3 29 3.24322 0 11 3.24322 1
gene 1 3 30 4.45118 0 12 4.45118 1
gene 1 3 31 -2.48531 0 13 -2.48531 1
gene 1 3 32 -0.306024 0 14 -0.306024 1
gene 1 3 33 -1.25707 0 15 -1.25707 1
gene 1 4 29 0.141304 0 16 0.141304 1
gene 1 4 30 3.53627 0 17 3.53627 1
gene 1 4 31 0.231805 0 18 0.231805 1
gene 1 4 32 -0.100075 0 19 -0.100075 1
gene 1 4 33 -1.66887 0 20 -1.66887 1
gene 1 5 29 1.64089 0 21 1.64089 1
gene 1 5 30 0.828153 0 22 0.828153 1
gene 1 5 31 1.35309 0 23 1.35309 1
gene 1 5 32 -0.600207 0 24 -0.600207 1
gene 1 5 33 -3.26345 0 25 -3.26345 1
gene 1 6 29 5 0 26 5 1
gene 1 6 30 0.574059 0 27 0.574059 1
gene 1 6 31 2.75866 0 28 2.75866 1
gene 1 6 32 1.86872 0 29 1.86872 1
gene 1 6 33 -0.193942 0 30 -0.193942 1
gene 1 7 29 0.208472 0 31 0.208472 1
gene 1 7 30 4.1818 0 32 4.1818 1
gene 1 7 31 0.663662 0 33 0.663662 1
gene 1 7 32 -0.703165 0 34 -0.703165 1
gene 1 7 33 0.817975 0 35 0.817975 1
gene 1 8 29 0.00947048 0 36 0.00947048 1
gene 1 8 30 -0.420599 0 37 -0.420599 1
gene 1 8 31 0.316028 0 38 0.316028 1
gene 1 8 32 -3.49964 0 39 -3.49964 1
gene 1 8 33 -3.59255 0 40 -3.59255 1
gene 1 9 29 -1.12936 0 41 -1.12936 1
gene 1 9 30 -0.382803 0 42 -0.382803 1
gene 1 9 31 -0.822777 0 43 -0.822777 1
gene 1 9 32 -0.157032 0 44 -0.157032 1
gene 1 9 33 -0.196055 0 45 -0.196055 1
gene 1 10 29 -0.352496 0 46 -0.352496 1
gene 1 10 30 -1.05279 0 47 -1.05279 1
gene 1 10 31 -0.172153 0 48 -0.172153 1
gene 1 10 32 0.278515 0 49 0.278515 1
gene 1 10 33 3.43822 0 50 3.43822 1
gene 1 11 29 0.714119 0 51 0.714119 1
gene 1 11 30 -2.13889 0 52 -2.13889 1
gene 1 11 31 -1.2788 0 53 -1.2788 1
gene 1 11 32 -1.27428 0 54 -1.27428 1
gene 1 11 33 -1.59387 0 55 -1.59387 1
gene 1 12 29 0.65925 0 56 0.65925 1
gene 1 12 30 0.944467 0 57 0.944467 1
gene 1 12 31 -1.11927 0 58 -1.11927 1
gene 1 12 32 -3.05118 0 59 -3.05118 1
gene 1 12 33 0.243021 0 60 0.243021 1
gene 1 13 29 0.596899 0 61 0.596899 1
gene 1 13 30 1.54162 0 62 1.54162 1
gene 1 13 31 1.10326 0 63 1.10326 1
gene 1 13 32 -0.490312 0 64 -0.490312 1
gene 1 13 33 3.05741 0 65 3.05741 1
gene 1 14 29 -0.917006 0 66 -0.917006 1
gene 1 14 30 0.0832532 0 67 0.0832532 1
gene 1 14 31 -0.555069 0 68 -0.555069 1
gene 1 14 32 1.06099 0 69 1.06099 1
gene 1 14 33 1.17533 0 70 1.17533 1
gene 1 15 29 0.0928194 0 71 0.0928194 1
gene 1 15 30 0.224536 0 72 0.224536 1
gene 1 15 31 0.256754 0 73 0.256754 1
gene 1 15 32 -0.456538 0 74 -0.456538 1
gene 1 15 33 -1.14811 0 75 -1.14811 1
gene 1 16 29 3.51899 0 76 3.51899 1
gene 1 16 30 2.16239 0 77 2.16239 1
gene 1 16 31 0.91658 0 78 0.91658 1
gene 1 16 32 0.903487 0 79 0.903487 1
gene 1 16 33 -1.71707 0 80 -1.71707 1
gene 1 17 29 3.49971 0 81 3.49971 1
gene 1 17 30 1.57022 0 82 1.57022 1
gene 1 17 31 -0.1006 0 83 -0.1006 1
gene 1 17 32 5 0 84 5 1
gene 1 17 33 0.207175 0 85 0.207175 1
gene 1 18 29 -0.516483 0 86 -0.516483 1
gene 1 18 30 0.558513 0 87 0.558513 1
gene 1 18 31 1.42489 0 88 1.42489 1
gene 1 18 32 -4.90244 0 89 -4.90244 1
gene 1 18 33 1.36161 0 90 1.36161 1
gene 1 19 29 1.31005 0 91 1.31005 1
gene 1 19 30 4.78064 0 92 4.78064 1
gene 1 19 31 0.906304 0 93 0.906304 1
gene 1 19 32 0.0549655 0 94 0.0549655 1
gene 1 19 33 -0.704956 0 95 -0.704956 1
gene 1 20 29 -2.21941 0 96 -2.21941 1
gene 1 20 30 -1.78831 0 97 -1.78831 1
gene 1 20 31 -1.07073 0 98 -1.07073 1
gene 1 20 32 -1.7847 0 99 -1.7847 1
gene 1 20 33 2.69941 0 100 2.69941 1
gene 1 21 29 3.64469 0 101 3.64469 1
gene 1 21 30 -0.841301 0 102 -0.841301 1
gene 1 21 31 2.64208 0 103 2.64208 1
gene 1 21 32 -0.489746 0 104 -0.489746 1
gene 1 21 33 0.284588 0 105 0.284588 1
gene 1 22 29 1.53174 0 106 1.53174 1
gene 1 22 30 0.357703 0 107 0.357703 1
gene 1 22 31 -0.130419 0 108 -0.130419 1
gene 1 22 32 -0.634521 0 109 -0.634521 1
gene 1 22 33 -0.888522 0 110 -0.888522 1
gene 1 23 29 1.30663 0 111 1.30663 1
gene 1 23 30 -0.227802 0 112 -0.227802 1
gene 1 23 31 -1.81746 0 113 -1.81746 1
gene 1 23 32 1.85593 0 114 1.85593 1
gene 1 23 33 0.0387582 0 115 0.0387582 1
gene 1 24 29 0.778415 0 116 0.778415 1
gene 1 24 30 -1.49402 0 117 -1.49402 1
gene 1 24 31 -0.591669 0 118 -0.591669 1
gene 1 24 32 1.07273 0 119 1.07273 1
gene 1 24 33 -0.905296 0 120 -0.905296 1
gene 1 25 29 -2.54287 0 121 -2.54287 1
gene 1 25 30 4.2903 0 122 4.2903 1
gene 1 25 31 0.172143 0 123 0.172143 1
gene 1 25 32 0.209959 0 124 0.209959 1
gene 1 25 33 0.494801 0 125 0.494801 1
gene 1 26 29 -2.76536 0 126 -2.76536 1
gene 1 26 30 -0.78869 0 127 -0.78869 1
gene 1 26 31 -3.27181 0 128 -3.27181 1
gene 1 26 32 2.1311 0 129 2.1311 1
gene 1 26 33 0.790682 0 130 0.790682 1
gene 1 27 29 0.193915 0 131 0.193915 1
gene 1 27 30 -0.34814 0 132 -0.34814 1
gene 1 27 31 1.87194 0 133 1.87194 1
gene 1 27 32 -0.32363 0 134 -0.32363 1
gene 1 27 33 0.276115 0 135 0.276115 1
gene 1 28 29 5 0 136 5 1
gene 1 28 30 -0.156166 0 137 -0.156166 1
gene 1 28 31 2.0728 0 138 2.0728 1
gene 1 28 32 -0.591976 0 139 -0.591976 1
gene 1 28 33 0.383528 0 140 0.383528 1
genomeend 4


