/* Organism #58 Fitness: 19563.924000 Time: 0 */
genomestart 58
trait 1 0.100000 0.000000 0.000000 0.000000 0.000000 0.000000 0.517808 0.000000 
node 1 1 1 1
node 2 1 1 1
node 3 1 1 1
node 4 1 1 1
node 5 1 1 1
node 6 1 1 1
node 7 1 1 1
node 8 1 1 1
node 9 1 1 1
node 10 1 1 1
node 11 1 1 1
node 12 1 1 1
node 13 1 1 1
node 14 1 1 1
node 15 1 1 1
node 16 1 1 1
node 17 1 1 1
node 18 1 1 1
node 19 1 1 1
node 20 1 1 1
node 21 1 1 1
node 22 1 1 1
node 23 1 1 1
node 24 1 1 1
node 25 1 1 1
node 26 1 1 1
node 27 1 1 1
node 28 1 1 3
node 29 1 0 2
node 30 1 0 2
node 31 1 0 2
node 32 1 0 2
node 33 1 0 2
gene 1 1 29 0.760063 0 1 0.760063 1
gene 1 1 30 -1.03951 0 2 -1.03951 1
gene 1 1 31 1.82313 0 3 1.82313 1
gene 1 1 32 -0.857693 0 4 -0.857693 1
gene 1 1 33 -0.691468 0 5 -0.691468 1
gene 1 2 29 4.36619 0 6 4.36619 1
gene 1 2 30 1.027 0 7 1.027 1
gene 1 2 31 -2.70969 0 8 -2.70969 1
gene 1 2 32 0.50003 0 9 0.50003 1
gene 1 2 33 0.471762 0 10 0.471762 1
gene 1 3 29 3.10056 0 11 3.10056 1
gene 1 3 30 3.20828 0 12 3.20828 1
gene 1 3 31 -0.122516 0 13 -0.122516 1
gene 1 3 32 -1.27095 0 14 -1.27095 1
gene 1 3 33 -0.839741 0 15 -0.839741 1
gene 1 4 29 0.430776 0 16 0.430776 1
gene 1 4 30 1.11533 0 17 1.11533 1
gene 1 4 31 -0.275768 0 18 -0.275768 1
gene 1 4 32 -0.185656 0 19 -0.185656 1
gene 1 4 33 0.293799 0 20 0.293799 1
gene 1 5 29 -0.383918 0 21 -0.383918 1
gene 1 5 30 -0.130574 0 22 -0.130574 1
gene 1 5 31 -0.383952 0 23 -0.383952 1
gene 1 5 32 0.927905 0 24 0.927905 1
gene 1 5 33 0.558637 0 25 0.558637 1
gene 1 6 29 3.2039 0 26 3.2039 1
gene 1 6 30 -0.334252 0 27 -0.334252 1
gene 1 6 31 1.61377 0 28 1.61377 1
gene 1 6 32 0.00817053 0 29 0.00817053 1
gene 1 6 33 -0.61336 0 30 -0.61336 1
gene 1 7 29 -0.0479866 0 31 -0.0479866 1
gene 1 7 30 4.68096 0 32 4.68096 1
gene 1 7 31 -0.723376 0 33 -0.723376 1
gene 1 7 32 0.540486 0 34 0.540486 1
gene 1 7 33 -0.448372 0 35 -0.448372 1
gene 1 8 29 -0.485744 0 36 -0.485744 1
gene 1 8 30 0.905799 0 37 0.905799 1
gene 1 8 31 -1.72384 0 38 -1.72384 1
gene 1 8 32 0.841834 0 39 0.841834 1
gene 1 8 33 -0.862154 0 40 -0.862154 1
gene 1 9 29 -0.268133 0 41 -0.268133 1
gene 1 9 30 -0.909678 0 42 -0.909678 1
gene 1 9 31 -0.820919 0 43 -0.820919 1
gene 1 9 32 0.382311 0 44 0.382311 1
gene 1 9 33 -0.170063 0 45 -0.170063 1
gene 1 10 29 0.618961 0 46 0.618961 1
gene 1 10 30 -0.437804 0 47 -0.437804 1
gene 1 10 31 -0.592991 0 48 -0.592991 1
gene 1 10 32 2.66189 0 49 2.66189 1
gene 1 10 33 -1.62878 0 50 -1.62878 1
gene 1 11 29 0.519481 0 51 0.519481 1
gene 1 11 30 -0.902183 0 52 -0.902183 1
gene 1 11 31 -0.446445 0 53 -0.446445 1
gene 1 11 32 1.32056 0 54 1.32056 1
gene 1 11 33 -0.629111 0 55 -0.629111 1
gene 1 12 29 1.98424 0 56 1.98424 1
gene 1 12 30 -0.710529 0 57 -0.710529 1
gene 1 12 31 0.680508 0 58 0.680508 1
gene 1 12 32 -0.843258 0 59 -0.843258 1
gene 1 12 33 -0.509572 0 60 -0.509572 1
gene 1 13 29 0.395606 0 61 0.395606 1
gene 1 13 30 -0.341846 0 62 -0.341846 1
gene 1 13 31 3.08903 0 63 3.08903 1
gene 1 13 32 0.537924 0 64 0.537924 1
gene 1 13 33 -1.19257 0 65 -1.19257 1
gene 1 14 29 1.96333 0 66 1.96333 1
gene 1 14 30 0.0754449 0 67 0.0754449 1
gene 1 14 31 -0.662986 0 68 -0.662986 1
gene 1 14 32 1.10412 0 69 1.10412 1
gene 1 14 33 1.40714 0 70 1.40714 1
gene 1 15 29 -0.93371 0 71 -0.93371 1
gene 1 15 30 1.51386 0 72 1.51386 1
gene 1 15 31 -1.13596 0 73 -1.13596 1
gene 1 15 32 0.0486237 0 74 0.0486237 1
gene 1 15 33 1.18284 0 75 1.18284 1
gene 1 16 29 -0.809157 0 76 -0.809157 1
gene 1 16 30 0.157473 0 77 0.157473 1
gene 1 16 31 -0.831179 0 78 -0.831179 1
gene 1 16 32 -0.622227 0 79 -0.622227 1
gene 1 16 33 -4.35253 0 80 -4.35253 1
gene 1 17 29 0.674072 0 81 0.674072 1
gene 1 17 30 2.97169 0 82 2.97169 1
gene 1 17 31 1.76778 0 83 1.76778 1
gene 1 17 32 -2.05654 0 84 -2.05654 1
gene 1 17 33 0.627352 0 85 0.627352 1
gene 1 18 29 -1.76008 0 86 -1.76008 1
gene 1 18 30 -0.722467 0 87 -0.722467 1
gene 1 18 31 -1.67821 0 88 -1.67821 1
gene 1 18 32 -0.235791 0 89 -0.235791 1
gene 1 18 33 0.0339895 0 90 0.0339895 1
gene 1 19 29 0.0150997 0 91 0.0150997 1
gene 1 19 30 -0.538335 0 92 -0.538335 1
gene 1 19 31 0.893792 0 93 0.893792 1
gene 1 19 32 1.88189 0 94 1.88189 1
gene 1 19 33 -3.93045 0 95 -3.93045 1
gene 1 20 29 3.3114 0 96 3.3114 1
gene 1 20 30 -2.34637 0 97 -2.34637 1
gene 1 20 31 0.893299 0 98 0.893299 1
gene 1 20 32 0.367953 0 99 0.367953 1
gene 1 20 33 -0.262685 0 100 -0.262685 1
gene 1 21 29 0.406713 0 101 0.406713 1
gene 1 21 30 0.143245 0 102 0.143245 1
gene 1 21 31 -0.497811 0 103 -0.497811 1
gene 1 21 32 -0.216317 0 104 -0.216317 1
gene 1 21 33 -0.303982 0 105 -0.303982 1
gene 1 22 29 -0.913848 0 106 -0.913848 1
gene 1 22 30 -1.08279 0 107 -1.08279 1
gene 1 22 31 0.922775 0 108 0.922775 1
gene 1 22 32 0.65681 0 109 0.65681 1
gene 1 22 33 -0.455575 0 110 -0.455575 1
gene 1 23 29 1.55947 0 111 1.55947 1
gene 1 23 30 -0.199392 0 112 -0.199392 1
gene 1 23 31 -2.76685 0 113 -2.76685 1
gene 1 23 32 0.189395 0 114 0.189395 1
gene 1 23 33 -0.120458 0 115 -0.120458 1
gene 1 24 29 -0.743015 0 116 -0.743015 1
gene 1 24 30 -0.105505 0 117 -0.105505 1
gene 1 24 31 0.477994 0 118 0.477994 1
gene 1 24 32 0.485153 0 119 0.485153 1
gene 1 24 33 0.885689 0 120 0.885689 1
gene 1 25 29 0.00306902 0 121 0.00306902 1
gene 1 25 30 -0.194425 0 122 -0.194425 1
gene 1 25 31 -1.68865 0 123 -1.68865 1
gene 1 25 32 0.515904 0 124 0.515904 1
gene 1 25 33 0.841869 0 125 0.841869 1
gene 1 26 29 1.03465 0 126 1.03465 1
gene 1 26 30 1.29357 0 127 1.29357 1
gene 1 26 31 -0.113624 0 128 -0.113624 1
gene 1 26 32 1.35697 0 129 1.35697 1
gene 1 26 33 0.906308 0 130 0.906308 1
gene 1 27 29 0.0827326 0 131 0.0827326 1
gene 1 27 30 -1.84444 0 132 -1.84444 1
gene 1 27 31 -0.216227 0 133 -0.216227 1
gene 1 27 32 -1.05614 0 134 -1.05614 1
gene 1 27 33 0.734075 0 135 0.734075 1
gene 1 28 29 2.60662 0 136 2.60662 1
gene 1 28 30 2.05829 0 137 2.05829 1
gene 1 28 31 1.3356 0 138 1.3356 1
gene 1 28 32 -0.105731 0 139 -0.105731 1
gene 1 28 33 0.232001 0 140 0.232001 1
genomeend 58


