/* Organism #12 Fitness: 20209.002000 Time: 0 */
genomestart 12
trait 1 0.100000 0.000000 0.000000 0.000000 0.000000 0.000000 0.000000 0.000000 
node 1 1 1 1
node 2 1 1 1
node 3 1 1 1
node 4 1 1 1
node 5 1 1 1
node 6 1 1 1
node 7 1 1 1
node 8 1 1 1
node 9 1 1 1
node 10 1 1 1
node 11 1 1 1
node 12 1 1 1
node 13 1 1 1
node 14 1 1 1
node 15 1 1 1
node 16 1 1 1
node 17 1 1 1
node 18 1 1 1
node 19 1 1 1
node 20 1 1 1
node 21 1 1 1
node 22 1 1 1
node 23 1 1 1
node 24 1 1 1
node 25 1 1 1
node 26 1 1 1
node 27 1 1 1
node 28 1 1 3
node 29 1 0 2
node 30 1 0 2
node 31 1 0 2
node 32 1 0 2
node 33 1 0 2
gene 1 1 29 3.12343 0 1 3.12343 1
gene 1 1 30 2.16565 0 2 2.16565 1
gene 1 1 31 -4.10718 0 3 -4.10718 1
gene 1 1 32 2.22272 0 4 2.22272 1
gene 1 1 33 0.517556 0 5 0.517556 1
gene 1 2 29 5 0 6 5 1
gene 1 2 30 -3.20557 0 7 -3.20557 1
gene 1 2 31 -4.59038 0 8 -4.59038 1
gene 1 2 32 -1.73617 0 9 -1.73617 1
gene 1 2 33 -0.719679 0 10 -0.719679 1
gene 1 3 29 -1.88631 0 11 -1.88631 1
gene 1 3 30 -0.669086 0 12 -0.669086 1
gene 1 3 31 -1.44155 0 13 -1.44155 1
gene 1 3 32 0.234511 0 14 0.234511 1
gene 1 3 33 -2.83549 0 15 -2.83549 1
gene 1 4 29 -2.00128 0 16 -2.00128 1
gene 1 4 30 0.676542 0 17 0.676542 1
gene 1 4 31 -1.23234 0 18 -1.23234 1
gene 1 4 32 1.24429 0 19 1.24429 1
gene 1 4 33 -2.0808 0 20 -2.0808 1
gene 1 5 29 -4.48397 0 21 -4.48397 1
gene 1 5 30 -0.0841464 0 22 -0.0841464 1
gene 1 5 31 -2.79246 0 23 -2.79246 1
gene 1 5 32 -0.615685 0 24 -0.615685 1
gene 1 5 33 4.70726 0 25 4.70726 1
gene 1 6 29 -1.31694 0 26 -1.31694 1
gene 1 6 30 -1.41514 0 27 -1.41514 1
gene 1 6 31 0.296965 0 28 0.296965 1
gene 1 6 32 -2.61151 0 29 -2.61151 1
gene 1 6 33 0.798078 0 30 0.798078 1
gene 1 7 29 -5 0 31 -5 1
gene 1 7 30 0.781388 0 32 0.781388 1
gene 1 7 31 0.090501 0 33 0.090501 1
gene 1 7 32 -1.91959 0 34 -1.91959 1
gene 1 7 33 -3.54794 0 35 -3.54794 1
gene 1 8 29 2.80199 0 36 2.80199 1
gene 1 8 30 0.0669189 0 37 0.0669189 1
gene 1 8 31 3.63262 0 38 3.63262 1
gene 1 8 32 0.754916 0 39 0.754916 1
gene 1 8 33 -0.543119 0 40 -0.543119 1
gene 1 9 29 -0.0172232 0 41 -0.0172232 1
gene 1 9 30 2.89278 0 42 2.89278 1
gene 1 9 31 -1.50185 0 43 -1.50185 1
gene 1 9 32 -1.3893 0 44 -1.3893 1
gene 1 9 33 -0.579734 0 45 -0.579734 1
gene 1 10 29 0.911325 0 46 0.911325 1
gene 1 10 30 3.4417 0 47 3.4417 1
gene 1 10 31 -0.520932 0 48 -0.520932 1
gene 1 10 32 1.2248 0 49 1.2248 1
gene 1 10 33 3.13959 0 50 3.13959 1
gene 1 11 29 1.51674 0 51 1.51674 1
gene 1 11 30 0.00410117 0 52 0.00410117 1
gene 1 11 31 2.97137 0 53 2.97137 1
gene 1 11 32 -0.486598 0 54 -0.486598 1
gene 1 11 33 -2.78465 0 55 -2.78465 1
gene 1 12 29 0.158556 0 56 0.158556 1
gene 1 12 30 -1.15223 0 57 -1.15223 1
gene 1 12 31 -0.259548 0 58 -0.259548 1
gene 1 12 32 3.89376 0 59 3.89376 1
gene 1 12 33 0.111986 0 60 0.111986 1
gene 1 13 29 -1.23749 0 61 -1.23749 1
gene 1 13 30 -0.594947 0 62 -0.594947 1
gene 1 13 31 -0.675125 0 63 -0.675125 1
gene 1 13 32 -0.44126 0 64 -0.44126 1
gene 1 13 33 0.399554 0 65 0.399554 1
gene 1 14 29 3.3093 0 66 3.3093 1
gene 1 14 30 -0.779805 0 67 -0.779805 1
gene 1 14 31 -0.331317 0 68 -0.331317 1
gene 1 14 32 1.23611 0 69 1.23611 1
gene 1 14 33 0.547138 0 70 0.547138 1
gene 1 15 29 -0.240529 0 71 -0.240529 1
gene 1 15 30 4.56074 0 72 4.56074 1
gene 1 15 31 -0.601922 0 73 -0.601922 1
gene 1 15 32 1.19627 0 74 1.19627 1
gene 1 15 33 -0.507408 0 75 -0.507408 1
gene 1 16 29 -1.73552 0 76 -1.73552 1
gene 1 16 30 0.208172 0 77 0.208172 1
gene 1 16 31 -1.3054 0 78 -1.3054 1
gene 1 16 32 -0.607692 0 79 -0.607692 1
gene 1 16 33 -0.288373 0 80 -0.288373 1
gene 1 17 29 -2.55838 0 81 -2.55838 1
gene 1 17 30 -3.5343 0 82 -3.5343 1
gene 1 17 31 2.14409 0 83 2.14409 1
gene 1 17 32 -2.88625 0 84 -2.88625 1
gene 1 17 33 -4.38763 0 85 -4.38763 1
gene 1 18 29 -1.79735 0 86 -1.79735 1
gene 1 18 30 -2.96156 0 87 -2.96156 1
gene 1 18 31 -3.42655 0 88 -3.42655 1
gene 1 18 32 2.17438 0 89 2.17438 1
gene 1 18 33 2.10932 0 90 2.10932 1
gene 1 19 29 -0.114226 0 91 -0.114226 1
gene 1 19 30 -1.68057 0 92 -1.68057 1
gene 1 19 31 -0.571074 0 93 -0.571074 1
gene 1 19 32 -0.0785999 0 94 -0.0785999 1
gene 1 19 33 1.07477 0 95 1.07477 1
gene 1 20 29 -4.48333 0 96 -4.48333 1
gene 1 20 30 2.4397 0 97 2.4397 1
gene 1 20 31 -0.00415612 0 98 -0.00415612 1
gene 1 20 32 3.72394 0 99 3.72394 1
gene 1 20 33 -1.91669 0 100 -1.91669 1
gene 1 21 29 -0.194192 0 101 -0.194192 1
gene 1 21 30 0.518836 0 102 0.518836 1
gene 1 21 31 2.5129 0 103 2.5129 1
gene 1 21 32 -0.694285 0 104 -0.694285 1
gene 1 21 33 0.485798 0 105 0.485798 1
gene 1 22 29 1.66659 0 106 1.66659 1
gene 1 22 30 1.73788 0 107 1.73788 1
gene 1 22 31 -0.588644 0 108 -0.588644 1
gene 1 22 32 2.4568 0 109 2.4568 1
gene 1 22 33 -2.81647 0 110 -2.81647 1
gene 1 23 29 0.400105 0 111 0.400105 1
gene 1 23 30 1.00518 0 112 1.00518 1
gene 1 23 31 1.54671 0 113 1.54671 1
gene 1 23 32 -0.132541 0 114 -0.132541 1
gene 1 23 33 0.968853 0 115 0.968853 1
gene 1 24 29 -0.564386 0 116 -0.564386 1
gene 1 24 30 0.469383 0 117 0.469383 1
gene 1 24 31 -0.771935 0 118 -0.771935 1
gene 1 24 32 1.10981 0 119 1.10981 1
gene 1 24 33 0.718862 0 120 0.718862 1
gene 1 25 29 -1.0162 0 121 -1.0162 1
gene 1 25 30 0.456693 0 122 0.456693 1
gene 1 25 31 0.134926 0 123 0.134926 1
gene 1 25 32 0.767678 0 124 0.767678 1
gene 1 25 33 0.849756 0 125 0.849756 1
gene 1 26 29 -0.548328 0 126 -0.548328 1
gene 1 26 30 2.85021 0 127 2.85021 1
gene 1 26 31 2.33189 0 128 2.33189 1
gene 1 26 32 0.905972 0 129 0.905972 1
gene 1 26 33 -0.678725 0 130 -0.678725 1
gene 1 27 29 1.03466 0 131 1.03466 1
gene 1 27 30 0.454487 0 132 0.454487 1
gene 1 27 31 -0.253171 0 133 -0.253171 1
gene 1 27 32 -0.230593 0 134 -0.230593 1
gene 1 27 33 0.0668915 0 135 0.0668915 1
gene 1 28 29 -0.581545 0 136 -0.581545 1
gene 1 28 30 -2.60789 0 137 -2.60789 1
gene 1 28 31 -0.424325 0 138 -0.424325 1
gene 1 28 32 -1.0972 0 139 -1.0972 1
gene 1 28 33 -3.45818 0 140 -3.45818 1
genomeend 12


