/* Organism #1 Fitness: 20171.784000 Time: 0 */
genomestart 1
trait 1 0.000000 0.000000 0.734417 0.000000 0.365544 0.000000 0.000000 0.000000 
node 1 1 1 1
node 2 1 1 1
node 3 1 1 1
node 4 1 1 1
node 5 1 1 1
node 6 1 1 1
node 7 1 1 1
node 8 1 1 1
node 9 1 1 1
node 10 1 1 1
node 11 1 1 1
node 12 1 1 1
node 13 1 1 1
node 14 1 1 1
node 15 1 1 1
node 16 1 1 1
node 17 1 1 1
node 18 1 1 1
node 19 1 1 1
node 20 1 1 1
node 21 1 1 1
node 22 1 1 1
node 23 1 1 1
node 24 1 1 1
node 25 1 1 1
node 26 1 1 1
node 27 1 1 1
node 28 1 1 3
node 29 1 0 2
node 30 1 0 2
node 31 1 0 2
node 32 1 0 2
node 33 1 0 2
gene 1 1 29 0.878861 0 1 0.878861 1
gene 1 1 30 1.90162 0 2 1.90162 1
gene 1 1 31 -3.18942 0 3 -3.18942 1
gene 1 1 32 -2.42058 0 4 -2.42058 1
gene 1 1 33 1.55305 0 5 1.55305 1
gene 1 2 29 -0.734154 0 6 -0.734154 1
gene 1 2 30 -2.46432 0 7 -2.46432 1
gene 1 2 31 -0.576379 0 8 -0.576379 1
gene 1 2 32 2.09302 0 9 2.09302 1
gene 1 2 33 -2.53871 0 10 -2.53871 1
gene 1 3 29 -1.54268 0 11 -1.54268 1
gene 1 3 30 -0.231093 0 12 -0.231093 1
gene 1 3 31 2.14438 0 13 2.14438 1
gene 1 3 32 1.22627 0 14 1.22627 1
gene 1 3 33 -1.27693 0 15 -1.27693 1
gene 1 4 29 -1.37245 0 16 -1.37245 1
gene 1 4 30 -1.71785 0 17 -1.71785 1
gene 1 4 31 -5 0 18 -5 1
gene 1 4 32 1.15667 0 19 1.15667 1
gene 1 4 33 -3.75082 0 20 -3.75082 1
gene 1 5 29 1.06931 0 21 1.06931 1
gene 1 5 30 -2.22079 0 22 -2.22079 1
gene 1 5 31 -3.08131 0 23 -3.08131 1
gene 1 5 32 -0.424357 0 24 -0.424357 1
gene 1 5 33 -0.0994537 0 25 -0.0994537 1
gene 1 6 29 1.52948 0 26 1.52948 1
gene 1 6 30 -2.09911 0 27 -2.09911 1
gene 1 6 31 -0.913003 0 28 -0.913003 1
gene 1 6 32 -0.194595 0 29 -0.194595 1
gene 1 6 33 -2.47389 0 30 -2.47389 1
gene 1 7 29 -5 0 31 -5 1
gene 1 7 30 -0.359849 0 32 -0.359849 1
gene 1 7 31 1.71937 0 33 1.71937 1
gene 1 7 32 2.55721 0 34 2.55721 1
gene 1 7 33 -1.76944 0 35 -1.76944 1
gene 1 8 29 -0.402123 0 36 -0.402123 1
gene 1 8 30 0.430379 0 37 0.430379 1
gene 1 8 31 2.5797 0 38 2.5797 1
gene 1 8 32 4.39283 0 39 4.39283 1
gene 1 8 33 -0.13455 0 40 -0.13455 1
gene 1 9 29 2.97642 0 41 2.97642 1
gene 1 9 30 1.45653 0 42 1.45653 1
gene 1 9 31 0.775087 0 43 0.775087 1
gene 1 9 32 0.319968 0 44 0.319968 1
gene 1 9 33 -1.58964 0 45 -1.58964 1
gene 1 10 29 0.892947 0 46 0.892947 1
gene 1 10 30 -0.591495 0 47 -0.591495 1
gene 1 10 31 -1.8013 0 48 -1.8013 1
gene 1 10 32 -0.732172 0 49 -0.732172 1
gene 1 10 33 0.73406 0 50 0.73406 1
gene 1 11 29 -1.41676 0 51 -1.41676 1
gene 1 11 30 -0.616325 0 52 -0.616325 1
gene 1 11 31 4.94557 0 53 4.94557 1
gene 1 11 32 -2.48124 0 54 -2.48124 1
gene 1 11 33 -1.46502 0 55 -1.46502 1
gene 1 12 29 -0.717903 0 56 -0.717903 1
gene 1 12 30 0.545241 0 57 0.545241 1
gene 1 12 31 -0.566308 0 58 -0.566308 1
gene 1 12 32 -2.54771 0 59 -2.54771 1
gene 1 12 33 -0.381844 0 60 -0.381844 1
gene 1 13 29 0.575796 0 61 0.575796 1
gene 1 13 30 3.12795 0 62 3.12795 1
gene 1 13 31 -0.81868 0 63 -0.81868 1
gene 1 13 32 0.914457 0 64 0.914457 1
gene 1 13 33 -1.27739 0 65 -1.27739 1
gene 1 14 29 -5 0 66 -5 1
gene 1 14 30 -1.07295 0 67 -1.07295 1
gene 1 14 31 2.58289 0 68 2.58289 1
gene 1 14 32 -0.488639 0 69 -0.488639 1
gene 1 14 33 1.38006 0 70 1.38006 1
gene 1 15 29 -0.0581178 0 71 -0.0581178 1
gene 1 15 30 0.266913 0 72 0.266913 1
gene 1 15 31 -1.4783 0 73 -1.4783 1
gene 1 15 32 -4.29713 0 74 -4.29713 1
gene 1 15 33 0.666989 0 75 0.666989 1
gene 1 16 29 -0.194917 0 76 -0.194917 1
gene 1 16 30 -1.61255 0 77 -1.61255 1
gene 1 16 31 -1.15801 0 78 -1.15801 1
gene 1 16 32 0.788399 0 79 0.788399 1
gene 1 16 33 1.8001 0 80 1.8001 1
gene 1 17 29 -0.137757 0 81 -0.137757 1
gene 1 17 30 -2.90975 0 82 -2.90975 1
gene 1 17 31 2.53257 0 83 2.53257 1
gene 1 17 32 0.261091 0 84 0.261091 1
gene 1 17 33 -0.704655 0 85 -0.704655 1
gene 1 18 29 0.61896 0 86 0.61896 1
gene 1 18 30 -1.95696 0 87 -1.95696 1
gene 1 18 31 -1.18208 0 88 -1.18208 1
gene 1 18 32 -1.17057 0 89 -1.17057 1
gene 1 18 33 -1.03981 0 90 -1.03981 1
gene 1 19 29 -1.07272 0 91 -1.07272 1
gene 1 19 30 -2.35053 0 92 -2.35053 1
gene 1 19 31 0.174059 0 93 0.174059 1
gene 1 19 32 2.53079 0 94 2.53079 1
gene 1 19 33 -1.29203 0 95 -1.29203 1
gene 1 20 29 2.8576 0 96 2.8576 1
gene 1 20 30 -3.66316 0 97 -3.66316 1
gene 1 20 31 -1.10389 0 98 -1.10389 1
gene 1 20 32 -3.55094 0 99 -3.55094 1
gene 1 20 33 -0.624044 0 100 -0.624044 1
gene 1 21 29 1.66828 0 101 1.66828 1
gene 1 21 30 -0.0321419 0 102 -0.0321419 1
gene 1 21 31 0.891876 0 103 0.891876 1
gene 1 21 32 -0.240098 0 104 -0.240098 1
gene 1 21 33 -0.975995 0 105 -0.975995 1
gene 1 22 29 -0.63577 0 106 -0.63577 1
gene 1 22 30 -3.74122 0 107 -3.74122 1
gene 1 22 31 -3.98677 0 108 -3.98677 1
gene 1 22 32 0.322108 0 109 0.322108 1
gene 1 22 33 0.883997 0 110 0.883997 1
gene 1 23 29 -0.202681 0 111 -0.202681 1
gene 1 23 30 -2.76548 0 112 -2.76548 1
gene 1 23 31 -1.57757 0 113 -1.57757 1
gene 1 23 32 -0.549209 0 114 -0.549209 1
gene 1 23 33 -0.383768 0 115 -0.383768 1
gene 1 24 29 0.747033 0 116 0.747033 1
gene 1 24 30 0.667829 0 117 0.667829 1
gene 1 24 31 -0.91693 0 118 -0.91693 1
gene 1 24 32 -0.29328 0 119 -0.29328 1
gene 1 24 33 0.916488 0 120 0.916488 1
gene 1 25 29 1.01801 0 121 1.01801 1
gene 1 25 30 -1.90653 0 122 -1.90653 1
gene 1 25 31 -1.51105 0 123 -1.51105 1
gene 1 25 32 -1.46135 0 124 -1.46135 1
gene 1 25 33 2.5242 0 125 2.5242 1
gene 1 26 29 -1.02804 0 126 -1.02804 1
gene 1 26 30 0.304933 0 127 0.304933 1
gene 1 26 31 1.20397 0 128 1.20397 1
gene 1 26 32 -0.154915 0 129 -0.154915 1
gene 1 26 33 0.324144 0 130 0.324144 1
gene 1 27 29 2.27186 0 131 2.27186 1
gene 1 27 30 -0.227472 0 132 -0.227472 1
gene 1 27 31 0.875485 0 133 0.875485 1
gene 1 27 32 -0.0162745 0 134 -0.0162745 1
gene 1 27 33 0.183384 0 135 0.183384 1
gene 1 28 29 -4.39418 0 136 -4.39418 1
gene 1 28 30 -0.778429 0 137 -0.778429 1
gene 1 28 31 -0.930927 0 138 -0.930927 1
gene 1 28 32 -0.340132 0 139 -0.340132 1
gene 1 28 33 0.258706 0 140 0.258706 1
genomeend 1


