/* Organism #0 Fitness: 20211.942000 Time: 0 */
genomestart 0
trait 1 0.000000 0.000000 0.959420 0.383165 0.000000 0.000000 0.000000 0.000000 
node 1 1 1 1
node 2 1 1 1
node 3 1 1 1
node 4 1 1 1
node 5 1 1 1
node 6 1 1 1
node 7 1 1 1
node 8 1 1 1
node 9 1 1 1
node 10 1 1 1
node 11 1 1 1
node 12 1 1 1
node 13 1 1 1
node 14 1 1 1
node 15 1 1 1
node 16 1 1 1
node 17 1 1 1
node 18 1 1 1
node 19 1 1 1
node 20 1 1 1
node 21 1 1 1
node 22 1 1 1
node 23 1 1 1
node 24 1 1 1
node 25 1 1 1
node 26 1 1 1
node 27 1 1 1
node 28 1 1 3
node 29 1 0 2
node 30 1 0 2
node 31 1 0 2
node 32 1 0 2
node 33 1 0 2
gene 1 1 29 -0.928401 0 1 -0.928401 1
gene 1 1 30 0.103913 0 2 0.103913 1
gene 1 1 31 -2.42637 0 3 -2.42637 1
gene 1 1 32 -0.370824 0 4 -0.370824 1
gene 1 1 33 -0.617433 0 5 -0.617433 1
gene 1 2 29 0.327048 0 6 0.327048 1
gene 1 2 30 0.636375 0 7 0.636375 1
gene 1 2 31 -0.232744 0 8 -0.232744 1
gene 1 2 32 -0.153081 0 9 -0.153081 1
gene 1 2 33 -0.273076 0 10 -0.273076 1
gene 1 3 29 -0.150945 0 11 -0.150945 1
gene 1 3 30 1.65825 0 12 1.65825 1
gene 1 3 31 -0.544624 0 13 -0.544624 1
gene 1 3 32 -1.90923 0 14 -1.90923 1
gene 1 3 33 -0.746465 0 15 -0.746465 1
gene 1 4 29 -2.18271 0 16 -2.18271 1
gene 1 4 30 -0.309719 0 17 -0.309719 1
gene 1 4 31 0.360887 0 18 0.360887 1
gene 1 4 32 -4.809 0 19 -4.809 1
gene 1 4 33 -0.606385 0 20 -0.606385 1
gene 1 5 29 1.18232 0 21 1.18232 1
gene 1 5 30 1.43672 0 22 1.43672 1
gene 1 5 31 1.7076 0 23 1.7076 1
gene 1 5 32 -1.72858 0 24 -1.72858 1
gene 1 5 33 -2.82557 0 25 -2.82557 1
gene 1 6 29 5 0 26 5 1
gene 1 6 30 -4.29498 0 27 -4.29498 1
gene 1 6 31 0.181614 0 28 0.181614 1
gene 1 6 32 -0.541481 0 29 -0.541481 1
gene 1 6 33 0.109673 0 30 0.109673 1
gene 1 7 29 0.314275 0 31 0.314275 1
gene 1 7 30 -0.561644 0 32 -0.561644 1
gene 1 7 31 -2.65672 0 33 -2.65672 1
gene 1 7 32 -0.452183 0 34 -0.452183 1
gene 1 7 33 -0.825968 0 35 -0.825968 1
gene 1 8 29 0.035587 0 36 0.035587 1
gene 1 8 30 2.02273 0 37 2.02273 1
gene 1 8 31 -0.484033 0 38 -0.484033 1
gene 1 8 32 -0.435547 0 39 -0.435547 1
gene 1 8 33 -5 0 40 -5 1
gene 1 9 29 -4.11699 0 41 -4.11699 1
gene 1 9 30 4.63298 0 42 4.63298 1
gene 1 9 31 -0.582474 0 43 -0.582474 1
gene 1 9 32 0.858696 0 44 0.858696 1
gene 1 9 33 -1.05283 0 45 -1.05283 1
gene 1 10 29 -0.221402 0 46 -0.221402 1
gene 1 10 30 -0.285868 0 47 -0.285868 1
gene 1 10 31 0.274588 0 48 0.274588 1
gene 1 10 32 0.983 0 49 0.983 1
gene 1 10 33 1.65302 0 50 1.65302 1
gene 1 11 29 -0.104929 0 51 -0.104929 1
gene 1 11 30 -1.12711 0 52 -1.12711 1
gene 1 11 31 0.924576 0 53 0.924576 1
gene 1 11 32 1.13213 0 54 1.13213 1
gene 1 11 33 4.52139 0 55 4.52139 1
gene 1 12 29 1.47713 0 56 1.47713 1
gene 1 12 30 -5 0 57 -5 1
gene 1 12 31 2.67383 0 58 2.67383 1
gene 1 12 32 0.645717 0 59 0.645717 1
gene 1 12 33 0.12322 0 60 0.12322 1
gene 1 13 29 3.60329 0 61 3.60329 1
gene 1 13 30 1.71795 0 62 1.71795 1
gene 1 13 31 0.433137 0 63 0.433137 1
gene 1 13 32 0.661198 0 64 0.661198 1
gene 1 13 33 0.717464 0 65 0.717464 1
gene 1 14 29 -1.80585 0 66 -1.80585 1
gene 1 14 30 4.53759 0 67 4.53759 1
gene 1 14 31 1.52361 0 68 1.52361 1
gene 1 14 32 -0.391896 0 69 -0.391896 1
gene 1 14 33 3.68156 0 70 3.68156 1
gene 1 15 29 2.09194 0 71 2.09194 1
gene 1 15 30 -0.514311 0 72 -0.514311 1
gene 1 15 31 -1.63695 0 73 -1.63695 1
gene 1 15 32 0.292744 0 74 0.292744 1
gene 1 15 33 -0.414281 0 75 -0.414281 1
gene 1 16 29 0.808896 0 76 0.808896 1
gene 1 16 30 0.47103 0 77 0.47103 1
gene 1 16 31 2.65636 0 78 2.65636 1
gene 1 16 32 0.130805 0 79 0.130805 1
gene 1 16 33 0.88819 0 80 0.88819 1
gene 1 17 29 0.609961 0 81 0.609961 1
gene 1 17 30 -1.32523 0 82 -1.32523 1
gene 1 17 31 -0.369412 0 83 -0.369412 1
gene 1 17 32 2.78208 0 84 2.78208 1
gene 1 17 33 1.89897 0 85 1.89897 1
gene 1 18 29 2.9605 0 86 2.9605 1
gene 1 18 30 -0.47288 0 87 -0.47288 1
gene 1 18 31 3.37368 0 88 3.37368 1
gene 1 18 32 3.91049 0 89 3.91049 1
gene 1 18 33 -1.1348 0 90 -1.1348 1
gene 1 19 29 -0.124367 0 91 -0.124367 1
gene 1 19 30 -0.147988 0 92 -0.147988 1
gene 1 19 31 2.11624 0 93 2.11624 1
gene 1 19 32 3.42965 0 94 3.42965 1
gene 1 19 33 -1.01433 0 95 -1.01433 1
gene 1 20 29 -3.8996 0 96 -3.8996 1
gene 1 20 30 0.248124 0 97 0.248124 1
gene 1 20 31 -1.62822 0 98 -1.62822 1
gene 1 20 32 1.60202 0 99 1.60202 1
gene 1 20 33 2.03332 0 100 2.03332 1
gene 1 21 29 0.417544 0 101 0.417544 1
gene 1 21 30 -0.867382 0 102 -0.867382 1
gene 1 21 31 -2.35521 0 103 -2.35521 1
gene 1 21 32 2.1074 0 104 2.1074 1
gene 1 21 33 -1.74372 0 105 -1.74372 1
gene 1 22 29 1.81738 0 106 1.81738 1
gene 1 22 30 0.135609 0 107 0.135609 1
gene 1 22 31 -1.94428 0 108 -1.94428 1
gene 1 22 32 0.796857 0 109 0.796857 1
gene 1 22 33 0.284465 0 110 0.284465 1
gene 1 23 29 -3.27796 0 111 -3.27796 1
gene 1 23 30 -2.27936 0 112 -2.27936 1
gene 1 23 31 0.0170215 0 113 0.0170215 1
gene 1 23 32 0.889369 0 114 0.889369 1
gene 1 23 33 -2.60544 0 115 -2.60544 1
gene 1 24 29 0.143792 0 116 0.143792 1
gene 1 24 30 0.547618 0 117 0.547618 1
gene 1 24 31 1.96178 0 118 1.96178 1
gene 1 24 32 0.267421 0 119 0.267421 1
gene 1 24 33 0.718778 0 120 0.718778 1
gene 1 25 29 -0.0664468 0 121 -0.0664468 1
gene 1 25 30 -1.44123 0 122 -1.44123 1
gene 1 25 31 1.93346 0 123 1.93346 1
gene 1 25 32 -0.0171163 0 124 -0.0171163 1
gene 1 25 33 -0.0885198 0 125 -0.0885198 1
gene 1 26 29 0.599314 0 126 0.599314 1
gene 1 26 30 2.82337 0 127 2.82337 1
gene 1 26 31 -0.681453 0 128 -0.681453 1
gene 1 26 32 0.847356 0 129 0.847356 1
gene 1 26 33 0.221698 0 130 0.221698 1
gene 1 27 29 -3.6309 0 131 -3.6309 1
gene 1 27 30 0.784143 0 132 0.784143 1
gene 1 27 31 -0.0737613 0 133 -0.0737613 1
gene 1 27 32 0.498162 0 134 0.498162 1
gene 1 27 33 -0.0698723 0 135 -0.0698723 1
gene 1 28 29 5 0 136 5 1
gene 1 28 30 2.76139 0 137 2.76139 1
gene 1 28 31 -0.336721 0 138 -0.336721 1
gene 1 28 32 -1.04604 0 139 -1.04604 1
gene 1 28 33 0.117827 0 140 0.117827 1
genomeend 0


