/* Organism #0 Fitness: 18250.376000 Time: 0 */
genomestart 0
trait 1 0.100000 0.000000 0.973892 0.000000 0.000000 0.437374 0.000000 0.000000 
node 1 1 1 1
node 2 1 1 1
node 3 1 1 1
node 4 1 1 1
node 5 1 1 1
node 6 1 1 1
node 7 1 1 1
node 8 1 1 1
node 9 1 1 1
node 10 1 1 1
node 11 1 1 1
node 12 1 1 1
node 13 1 1 1
node 14 1 1 1
node 15 1 1 1
node 16 1 1 1
node 17 1 1 1
node 18 1 1 1
node 19 1 1 1
node 20 1 1 1
node 21 1 1 1
node 22 1 1 1
node 23 1 1 1
node 24 1 1 1
node 25 1 1 1
node 26 1 1 1
node 27 1 1 3
node 28 1 0 2
node 29 1 0 2
node 30 1 0 2
node 31 1 0 2
gene 1 1 28 -5 0 1 -5 1
gene 1 1 29 2.37567 0 2 2.37567 1
gene 1 1 30 3.08109 0 3 3.08109 1
gene 1 1 31 -4.70479 0 4 -4.70479 1
gene 1 2 28 1.49813 0 5 1.49813 1
gene 1 2 29 -2.10292 0 6 -2.10292 1
gene 1 2 30 1.47113 0 7 1.47113 1
gene 1 2 31 -0.0212727 0 8 -0.0212727 1
gene 1 3 28 0.460456 0 9 0.460456 1
gene 1 3 29 -1.23247 0 10 -1.23247 1
gene 1 3 30 -1.16712 0 11 -1.16712 1
gene 1 3 31 -3.17163 0 12 -3.17163 1
gene 1 4 28 1.43782 0 13 1.43782 1
gene 1 4 29 1.45638 0 14 1.45638 1
gene 1 4 30 4.61811 0 15 4.61811 1
gene 1 4 31 0.54651 0 16 0.54651 1
gene 1 5 28 -0.916651 0 17 -0.916651 1
gene 1 5 29 0.702105 0 18 0.702105 1
gene 1 5 30 -0.187088 0 19 -0.187088 1
gene 1 5 31 -1.8203 0 20 -1.8203 1
gene 1 6 28 -0.172187 0 21 -0.172187 1
gene 1 6 29 -0.122772 0 22 -0.122772 1
gene 1 6 30 -1.49647 0 23 -1.49647 1
gene 1 6 31 -0.345087 0 24 -0.345087 1
gene 1 7 28 -1.38865 0 25 -1.38865 1
gene 1 7 29 1.33924 0 26 1.33924 1
gene 1 7 30 0.277283 0 27 0.277283 1
gene 1 7 31 -0.75193 0 28 -0.75193 1
gene 1 8 28 -3.50754 0 29 -3.50754 1
gene 1 8 29 3.19237 0 30 3.19237 1
gene 1 8 30 1.10865 0 31 1.10865 1
gene 1 8 31 -4.59917 0 32 -4.59917 1
gene 1 9 28 -1.22839 0 33 -1.22839 1
gene 1 9 29 -0.0879595 0 34 -0.0879595 1
gene 1 9 30 -0.246342 0 35 -0.246342 1
gene 1 9 31 0.104418 0 36 0.104418 1
gene 1 10 28 0.267297 0 37 0.267297 1
gene 1 10 29 -1.49153 0 38 -1.49153 1
gene 1 10 30 -2.49834 0 39 -2.49834 1
gene 1 10 31 -0.971758 0 40 -0.971758 1
gene 1 11 28 -3.96672 0 41 -3.96672 1
gene 1 11 29 2.8219 0 42 2.8219 1
gene 1 11 30 0.213193 0 43 0.213193 1
gene 1 11 31 -1.13022 0 44 -1.13022 1
gene 1 12 28 -1.94254 0 45 -1.94254 1
gene 1 12 29 -1.55062 0 46 -1.55062 1
gene 1 12 30 2.61838 0 47 2.61838 1
gene 1 12 31 -4.40045 0 48 -4.40045 1
gene 1 13 28 0.517416 0 49 0.517416 1
gene 1 13 29 1.90094 0 50 1.90094 1
gene 1 13 30 0.869 0 51 0.869 1
gene 1 13 31 0.357156 0 52 0.357156 1
gene 1 14 28 -1.89295 0 53 -1.89295 1
gene 1 14 29 3.0116 0 54 3.0116 1
gene 1 14 30 3.63555 0 55 3.63555 1
gene 1 14 31 -1.25615 0 56 -1.25615 1
gene 1 15 28 4.54613 0 57 4.54613 1
gene 1 15 29 -3.0138 0 58 -3.0138 1
gene 1 15 30 -0.729815 0 59 -0.729815 1
gene 1 15 31 0.823027 0 60 0.823027 1
gene 1 16 28 3.60599 0 61 3.60599 1
gene 1 16 29 -2.52953 0 62 -2.52953 1
gene 1 16 30 -2.29821 0 63 -2.29821 1
gene 1 16 31 1.23537 0 64 1.23537 1
gene 1 17 28 -0.153979 0 65 -0.153979 1
gene 1 17 29 4.50475 0 66 4.50475 1
gene 1 17 30 -0.914479 0 67 -0.914479 1
gene 1 17 31 -2.79835 0 68 -2.79835 1
gene 1 18 28 -0.854796 0 69 -0.854796 1
gene 1 18 29 0.581267 0 70 0.581267 1
gene 1 18 30 2.12586 0 71 2.12586 1
gene 1 18 31 -0.264411 0 72 -0.264411 1
gene 1 19 28 3.08233 0 73 3.08233 1
gene 1 19 29 -0.432066 0 74 -0.432066 1
gene 1 19 30 1.47781 0 75 1.47781 1
gene 1 19 31 -0.643535 0 76 -0.643535 1
gene 1 20 28 -0.602726 0 77 -0.602726 1
gene 1 20 29 1.57567 0 78 1.57567 1
gene 1 20 30 -2.1505 0 79 -2.1505 1
gene 1 20 31 -2.83296 0 80 -2.83296 1
gene 1 21 28 -1.39059 0 81 -1.39059 1
gene 1 21 29 0.457337 0 82 0.457337 1
gene 1 21 30 1.84633 0 83 1.84633 1
gene 1 21 31 -0.212963 0 84 -0.212963 1
gene 1 22 28 -1.33163 0 85 -1.33163 1
gene 1 22 29 -1.82777 0 86 -1.82777 1
gene 1 22 30 -2.08753 0 87 -2.08753 1
gene 1 22 31 -0.140813 0 88 -0.140813 1
gene 1 23 28 0.836938 0 89 0.836938 1
gene 1 23 29 0.00350687 0 90 0.00350687 1
gene 1 23 30 0.660625 0 91 0.660625 1
gene 1 23 31 0.525199 0 92 0.525199 1
gene 1 24 28 0.780289 0 93 0.780289 1
gene 1 24 29 0.102974 0 94 0.102974 1
gene 1 24 30 -0.111483 0 95 -0.111483 1
gene 1 24 31 -0.30414 0 96 -0.30414 1
gene 1 25 28 -5 0 97 -5 1
gene 1 25 29 0.436073 0 98 0.436073 1
gene 1 25 30 -0.663945 0 99 -0.663945 1
gene 1 25 31 -2.09555 0 100 -2.09555 1
gene 1 26 28 -0.330095 0 101 -0.330095 1
gene 1 26 29 2.51437 0 102 2.51437 1
gene 1 26 30 -0.887776 0 103 -0.887776 1
gene 1 26 31 2.7375 0 104 2.7375 1
gene 1 27 28 -0.488457 0 105 -0.488457 1
gene 1 27 29 -0.432804 0 106 -0.432804 1
gene 1 27 30 -3.41455 0 107 -3.41455 1
gene 1 27 31 -0.599661 0 108 -0.599661 1
genomeend 0


