/* Organism #2 Fitness: 19428.524000 Time: 0 */
genomestart 2
trait 1 0.000000 0.000000 0.000000 0.332166 0.000000 0.670202 1.000000 1.000000 
node 1 1 1 1
node 2 1 1 1
node 3 1 1 1
node 4 1 1 1
node 5 1 1 1
node 6 1 1 1
node 7 1 1 1
node 8 1 1 1
node 9 1 1 1
node 10 1 1 1
node 11 1 1 1
node 12 1 1 1
node 13 1 1 1
node 14 1 1 1
node 15 1 1 1
node 16 1 1 1
node 17 1 1 1
node 18 1 1 1
node 19 1 1 1
node 20 1 1 1
node 21 1 1 1
node 22 1 1 1
node 23 1 1 1
node 24 1 1 1
node 25 1 1 1
node 26 1 1 1
node 27 1 1 3
node 28 1 0 2
node 29 1 0 2
node 30 1 0 2
node 31 1 0 2
gene 1 1 28 -1.8312 0 1 -1.8312 1
gene 1 1 29 -0.511728 0 2 -0.511728 1
gene 1 1 30 2.0358 0 3 2.0358 1
gene 1 1 31 -3.10331 0 4 -3.10331 1
gene 1 2 28 -3.3532 0 5 -3.3532 1
gene 1 2 29 1.57633 0 6 1.57633 1
gene 1 2 30 -1.13752 0 7 -1.13752 1
gene 1 2 31 -3.91408 0 8 -3.91408 1
gene 1 3 28 1.12901 0 9 1.12901 1
gene 1 3 29 -1.13423 0 10 -1.13423 1
gene 1 3 30 -4.41275 0 11 -4.41275 1
gene 1 3 31 -0.447114 0 12 -0.447114 1
gene 1 4 28 -0.668501 0 13 -0.668501 1
gene 1 4 29 0.762594 0 14 0.762594 1
gene 1 4 30 4.49936 0 15 4.49936 1
gene 1 4 31 -0.364881 0 16 -0.364881 1
gene 1 5 28 -3.6138 0 17 -3.6138 1
gene 1 5 29 3.96575 0 18 3.96575 1
gene 1 5 30 -0.636314 0 19 -0.636314 1
gene 1 5 31 -1.1073 0 20 -1.1073 1
gene 1 6 28 0.174068 0 21 0.174068 1
gene 1 6 29 -0.0567991 0 22 -0.0567991 1
gene 1 6 30 0.506274 0 23 0.506274 1
gene 1 6 31 -1.89835 0 24 -1.89835 1
gene 1 7 28 0.755163 0 25 0.755163 1
gene 1 7 29 0.23381 0 26 0.23381 1
gene 1 7 30 0.466679 0 27 0.466679 1
gene 1 7 31 -1.63346 0 28 -1.63346 1
gene 1 8 28 -2.38799 0 29 -2.38799 1
gene 1 8 29 -1.97182 0 30 -1.97182 1
gene 1 8 30 -0.245181 0 31 -0.245181 1
gene 1 8 31 -2.55563 0 32 -2.55563 1
gene 1 9 28 -3.07682 0 33 -3.07682 1
gene 1 9 29 4.94129 0 34 4.94129 1
gene 1 9 30 -1.77546 0 35 -1.77546 1
gene 1 9 31 -3.72528 0 36 -3.72528 1
gene 1 10 28 -4.49648 0 37 -4.49648 1
gene 1 10 29 1.06612 0 38 1.06612 1
gene 1 10 30 0.264318 0 39 0.264318 1
gene 1 10 31 3.08874 0 40 3.08874 1
gene 1 11 28 1.35661 0 41 1.35661 1
gene 1 11 29 2.96793 0 42 2.96793 1
gene 1 11 30 1.3109 0 43 1.3109 1
gene 1 11 31 -1.36148 0 44 -1.36148 1
gene 1 12 28 -3.29865 0 45 -3.29865 1
gene 1 12 29 0.618461 0 46 0.618461 1
gene 1 12 30 -3.37153 0 47 -3.37153 1
gene 1 12 31 -1.9455 0 48 -1.9455 1
gene 1 13 28 1.5806 0 49 1.5806 1
gene 1 13 29 -0.619723 0 50 -0.619723 1
gene 1 13 30 0.0162214 0 51 0.0162214 1
gene 1 13 31 -0.826235 0 52 -0.826235 1
gene 1 14 28 1.28825 0 53 1.28825 1
gene 1 14 29 0.771657 0 54 0.771657 1
gene 1 14 30 0.281656 0 55 0.281656 1
gene 1 14 31 -1.22883 0 56 -1.22883 1
gene 1 15 28 1.55399 0 57 1.55399 1
gene 1 15 29 -3.83061 0 58 -3.83061 1
gene 1 15 30 -1.08957 0 59 -1.08957 1
gene 1 15 31 0.973915 0 60 0.973915 1
gene 1 16 28 2.25435 0 61 2.25435 1
gene 1 16 29 -1.76359 0 62 -1.76359 1
gene 1 16 30 0.71192 0 63 0.71192 1
gene 1 16 31 0.32064 0 64 0.32064 1
gene 1 17 28 0.268084 0 65 0.268084 1
gene 1 17 29 0.541212 0 66 0.541212 1
gene 1 17 30 -0.879209 0 67 -0.879209 1
gene 1 17 31 2.37036 0 68 2.37036 1
gene 1 18 28 2.08384 0 69 2.08384 1
gene 1 18 29 3.05061 0 70 3.05061 1
gene 1 18 30 -1.3799 0 71 -1.3799 1
gene 1 18 31 -1.49813 0 72 -1.49813 1
gene 1 19 28 0.853427 0 73 0.853427 1
gene 1 19 29 3.60832 0 74 3.60832 1
gene 1 19 30 0.00499827 0 75 0.00499827 1
gene 1 19 31 -4.572 0 76 -4.572 1
gene 1 20 28 -6.26608e-05 0 77 -6.26608e-05 1
gene 1 20 29 -5 0 78 -5 1
gene 1 20 30 -1.26183 0 79 -1.26183 1
gene 1 20 31 -0.260777 0 80 -0.260777 1
gene 1 21 28 1.28469 0 81 1.28469 1
gene 1 21 29 -1.28922 0 82 -1.28922 1
gene 1 21 30 -2.41689 0 83 -2.41689 1
gene 1 21 31 -1.83854 0 84 -1.83854 1
gene 1 22 28 1.83219 0 85 1.83219 1
gene 1 22 29 0.516041 0 86 0.516041 1
gene 1 22 30 -0.569242 0 87 -0.569242 1
gene 1 22 31 -0.305371 0 88 -0.305371 1
gene 1 23 28 -2.58049 0 89 -2.58049 1
gene 1 23 29 -0.876423 0 90 -0.876423 1
gene 1 23 30 0.5587 0 91 0.5587 1
gene 1 23 31 -0.418687 0 92 -0.418687 1
gene 1 24 28 -1.97283 0 93 -1.97283 1
gene 1 24 29 -0.732783 0 94 -0.732783 1
gene 1 24 30 1.22632 0 95 1.22632 1
gene 1 24 31 1.37074 0 96 1.37074 1
gene 1 25 28 0.506191 0 97 0.506191 1
gene 1 25 29 -0.222579 0 98 -0.222579 1
gene 1 25 30 -2.15553 0 99 -2.15553 1
gene 1 25 31 -0.235091 0 100 -0.235091 1
gene 1 26 28 2.18271 0 101 2.18271 1
gene 1 26 29 5 0 102 5 1
gene 1 26 30 -0.949551 0 103 -0.949551 1
gene 1 26 31 2.08046 0 104 2.08046 1
gene 1 27 28 0.008194 0 105 0.008194 1
gene 1 27 29 -0.0643283 0 106 -0.0643283 1
gene 1 27 30 -0.343301 0 107 -0.343301 1
gene 1 27 31 -0.701653 0 108 -0.701653 1
genomeend 2


