/* Organism #3 Fitness: 16162.198000 Time: 0 */
genomestart 3
trait 1 0.000000 0.000000 0.000000 0.900444 0.000000 0.206748 0.000000 0.000000 
node 1 1 1 1
node 2 1 1 1
node 3 1 1 1
node 4 1 1 1
node 5 1 1 1
node 6 1 1 1
node 7 1 1 1
node 8 1 1 1
node 9 1 1 1
node 10 1 1 1
node 11 1 1 1
node 12 1 1 1
node 13 1 1 1
node 14 1 1 1
node 15 1 1 1
node 16 1 1 1
node 17 1 1 1
node 18 1 1 1
node 19 1 1 1
node 20 1 1 1
node 21 1 1 1
node 22 1 1 1
node 23 1 1 1
node 24 1 1 1
node 25 1 1 1
node 26 1 1 1
node 27 1 1 3
node 28 1 0 2
node 29 1 0 2
node 30 1 0 2
node 31 1 0 2
gene 1 1 28 2.71541 0 1 2.71541 1
gene 1 1 29 -0.478742 0 2 -0.478742 1
gene 1 1 30 2.16172 0 3 2.16172 1
gene 1 1 31 -0.315907 0 4 -0.315907 1
gene 1 2 28 2.15536 0 5 2.15536 1
gene 1 2 29 -0.970431 0 6 -0.970431 1
gene 1 2 30 0.301219 0 7 0.301219 1
gene 1 2 31 -2.4471 0 8 -2.4471 1
gene 1 3 28 2.06709 0 9 2.06709 1
gene 1 3 29 -1.84616 0 10 -1.84616 1
gene 1 3 30 2.59675 0 11 2.59675 1
gene 1 3 31 -1.8263 0 12 -1.8263 1
gene 1 4 28 1.09787 0 13 1.09787 1
gene 1 4 29 1.25144 0 14 1.25144 1
gene 1 4 30 3.09724 0 15 3.09724 1
gene 1 4 31 0.0998483 0 16 0.0998483 1
gene 1 5 28 -2.85825 0 17 -2.85825 1
gene 1 5 29 -2.78205 0 18 -2.78205 1
gene 1 5 30 -0.464589 0 19 -0.464589 1
gene 1 5 31 -0.340535 0 20 -0.340535 1
gene 1 6 28 -1.46418 0 21 -1.46418 1
gene 1 6 29 3.57988 0 22 3.57988 1
gene 1 6 30 1.88504 0 23 1.88504 1
gene 1 6 31 1.19976 0 24 1.19976 1
gene 1 7 28 -5 0 25 -5 1
gene 1 7 29 -0.454713 0 26 -0.454713 1
gene 1 7 30 -0.219711 0 27 -0.219711 1
gene 1 7 31 1.21413 0 28 1.21413 1
gene 1 8 28 -0.512954 0 29 -0.512954 1
gene 1 8 29 1.08538 0 30 1.08538 1
gene 1 8 30 -2.22961 0 31 -2.22961 1
gene 1 8 31 -0.681693 0 32 -0.681693 1
gene 1 9 28 -0.503219 0 33 -0.503219 1
gene 1 9 29 0.556748 0 34 0.556748 1
gene 1 9 30 -0.624215 0 35 -0.624215 1
gene 1 9 31 2.51461 0 36 2.51461 1
gene 1 10 28 5 0 37 5 1
gene 1 10 29 3.56602 0 38 3.56602 1
gene 1 10 30 -2.27552 0 39 -2.27552 1
gene 1 10 31 -0.796301 0 40 -0.796301 1
gene 1 11 28 3.56776 0 41 3.56776 1
gene 1 11 29 -0.862673 0 42 -0.862673 1
gene 1 11 30 -0.687066 0 43 -0.687066 1
gene 1 11 31 0.747735 0 44 0.747735 1
gene 1 12 28 0.358667 0 45 0.358667 1
gene 1 12 29 -4.71853 0 46 -4.71853 1
gene 1 12 30 0.618524 0 47 0.618524 1
gene 1 12 31 -0.630832 0 48 -0.630832 1
gene 1 13 28 -0.265388 0 49 -0.265388 1
gene 1 13 29 1.73716 0 50 1.73716 1
gene 1 13 30 1.31856 0 51 1.31856 1
gene 1 13 31 0.527771 0 52 0.527771 1
gene 1 14 28 -1.86964 0 53 -1.86964 1
gene 1 14 29 -5 0 54 -5 1
gene 1 14 30 0.826818 0 55 0.826818 1
gene 1 14 31 0.558822 0 56 0.558822 1
gene 1 15 28 3.52606 0 57 3.52606 1
gene 1 15 29 0.37995 0 58 0.37995 1
gene 1 15 30 -2.5609 0 59 -2.5609 1
gene 1 15 31 -0.21172 0 60 -0.21172 1
gene 1 16 28 0.578639 0 61 0.578639 1
gene 1 16 29 3.78695 0 62 3.78695 1
gene 1 16 30 -2.0528 0 63 -2.0528 1
gene 1 16 31 1.13016 0 64 1.13016 1
gene 1 17 28 -0.23458 0 65 -0.23458 1
gene 1 17 29 0.589216 0 66 0.589216 1
gene 1 17 30 -1.79528 0 67 -1.79528 1
gene 1 17 31 -4.38382 0 68 -4.38382 1
gene 1 18 28 3.66073 0 69 3.66073 1
gene 1 18 29 0.66023 0 70 0.66023 1
gene 1 18 30 -1.50692 0 71 -1.50692 1
gene 1 18 31 0.2769 0 72 0.2769 1
gene 1 19 28 1.72247 0 73 1.72247 1
gene 1 19 29 -0.100726 0 74 -0.100726 1
gene 1 19 30 2.25488 0 75 2.25488 1
gene 1 19 31 3.0708 0 76 3.0708 1
gene 1 20 28 -1.93195 0 77 -1.93195 1
gene 1 20 29 -0.888471 0 78 -0.888471 1
gene 1 20 30 0.177686 0 79 0.177686 1
gene 1 20 31 -0.146738 0 80 -0.146738 1
gene 1 21 28 -0.109061 0 81 -0.109061 1
gene 1 21 29 -2.60028 0 82 -2.60028 1
gene 1 21 30 1.53668 0 83 1.53668 1
gene 1 21 31 -0.441261 0 84 -0.441261 1
gene 1 22 28 1.91474 0 85 1.91474 1
gene 1 22 29 -0.852248 0 86 -0.852248 1
gene 1 22 30 -2.24582 0 87 -2.24582 1
gene 1 22 31 -0.033364 0 88 -0.033364 1
gene 1 23 28 0.259888 0 89 0.259888 1
gene 1 23 29 -4.76695 0 90 -4.76695 1
gene 1 23 30 -1.70352 0 91 -1.70352 1
gene 1 23 31 -1.17024 0 92 -1.17024 1
gene 1 24 28 0.90347 0 93 0.90347 1
gene 1 24 29 2.35366 0 94 2.35366 1
gene 1 24 30 -0.585089 0 95 -0.585089 1
gene 1 24 31 0.768259 0 96 0.768259 1
gene 1 25 28 1.60287 0 97 1.60287 1
gene 1 25 29 -4.696 0 98 -4.696 1
gene 1 25 30 1.57636 0 99 1.57636 1
gene 1 25 31 -2.8634 0 100 -2.8634 1
gene 1 26 28 1.54234 0 101 1.54234 1
gene 1 26 29 0.585967 0 102 0.585967 1
gene 1 26 30 -3.7828 0 103 -3.7828 1
gene 1 26 31 -1.2207 0 104 -1.2207 1
gene 1 27 28 0.0171373 0 105 0.0171373 1
gene 1 27 29 0.0107815 0 106 0.0107815 1
gene 1 27 30 -2.41123 0 107 -2.41123 1
gene 1 27 31 -1.55343 0 108 -1.55343 1
genomeend 3


