/* Organism #0 Fitness: 17301.692000 Time: 0 */
genomestart 0
trait 1 0.100000 0.000000 0.000000 0.000000 0.000000 0.000000 0.000000 0.000000 
node 1 1 1 1
node 2 1 1 1
node 3 1 1 1
node 4 1 1 1
node 5 1 1 1
node 6 1 1 1
node 7 1 1 1
node 8 1 1 1
node 9 1 1 1
node 10 1 1 1
node 11 1 1 1
node 12 1 1 1
node 13 1 1 1
node 14 1 1 1
node 15 1 1 1
node 16 1 1 1
node 17 1 1 1
node 18 1 1 1
node 19 1 1 1
node 20 1 1 1
node 21 1 1 1
node 22 1 1 1
node 23 1 1 1
node 24 1 1 1
node 25 1 1 1
node 26 1 1 1
node 27 1 1 3
node 28 1 0 2
node 29 1 0 2
node 30 1 0 2
node 31 1 0 2
gene 1 1 28 -3.62106 0 1 -3.62106 1
gene 1 1 29 2.97627 0 2 2.97627 1
gene 1 1 30 0.627614 0 3 0.627614 1
gene 1 1 31 -0.953905 0 4 -0.953905 1
gene 1 2 28 -0.357365 0 5 -0.357365 1
gene 1 2 29 0.134189 0 6 0.134189 1
gene 1 2 30 5 0 7 5 1
gene 1 2 31 -0.29522 0 8 -0.29522 1
gene 1 3 28 2.1285 0 9 2.1285 1
gene 1 3 29 -0.853993 0 10 -0.853993 1
gene 1 3 30 3.02465 0 11 3.02465 1
gene 1 3 31 -1.66789 0 12 -1.66789 1
gene 1 4 28 0.116788 0 13 0.116788 1
gene 1 4 29 3.86873 0 14 3.86873 1
gene 1 4 30 0.466136 0 15 0.466136 1
gene 1 4 31 -0.33908 0 16 -0.33908 1
gene 1 5 28 -0.692117 0 17 -0.692117 1
gene 1 5 29 -2.50735 0 18 -2.50735 1
gene 1 5 30 1.35883 0 19 1.35883 1
gene 1 5 31 -2.34461 0 20 -2.34461 1
gene 1 6 28 -0.475824 0 21 -0.475824 1
gene 1 6 29 0.878298 0 22 0.878298 1
gene 1 6 30 -0.64207 0 23 -0.64207 1
gene 1 6 31 -4.52832 0 24 -4.52832 1
gene 1 7 28 -1.46493 0 25 -1.46493 1
gene 1 7 29 -1.36699 0 26 -1.36699 1
gene 1 7 30 3.55281 0 27 3.55281 1
gene 1 7 31 -1.24437 0 28 -1.24437 1
gene 1 8 28 -1.38492 0 29 -1.38492 1
gene 1 8 29 -2.36999 0 30 -2.36999 1
gene 1 8 30 0.604549 0 31 0.604549 1
gene 1 8 31 0.0319839 0 32 0.0319839 1
gene 1 9 28 -3.41135 0 33 -3.41135 1
gene 1 9 29 4.46203 0 34 4.46203 1
gene 1 9 30 -1.31077 0 35 -1.31077 1
gene 1 9 31 1.85191 0 36 1.85191 1
gene 1 10 28 1.24179 0 37 1.24179 1
gene 1 10 29 1.75373 0 38 1.75373 1
gene 1 10 30 -0.472773 0 39 -0.472773 1
gene 1 10 31 0.851629 0 40 0.851629 1
gene 1 11 28 -0.392551 0 41 -0.392551 1
gene 1 11 29 0.154486 0 42 0.154486 1
gene 1 11 30 1.30044 0 43 1.30044 1
gene 1 11 31 0.231165 0 44 0.231165 1
gene 1 12 28 -0.371154 0 45 -0.371154 1
gene 1 12 29 -3.65392 0 46 -3.65392 1
gene 1 12 30 -1.9285 0 47 -1.9285 1
gene 1 12 31 5 0 48 5 1
gene 1 13 28 0.637562 0 49 0.637562 1
gene 1 13 29 -2.46173 0 50 -2.46173 1
gene 1 13 30 0.609254 0 51 0.609254 1
gene 1 13 31 4.13006 0 52 4.13006 1
gene 1 14 28 1.78026 0 53 1.78026 1
gene 1 14 29 -1.17535 0 54 -1.17535 1
gene 1 14 30 -1.88124 0 55 -1.88124 1
gene 1 14 31 1.71769 0 56 1.71769 1
gene 1 15 28 2.64165 0 57 2.64165 1
gene 1 15 29 -4.32847 0 58 -4.32847 1
gene 1 15 30 2.5558 0 59 2.5558 1
gene 1 15 31 -1.31439 0 60 -1.31439 1
gene 1 16 28 2.87849 0 61 2.87849 1
gene 1 16 29 -3.14231 0 62 -3.14231 1
gene 1 16 30 0.429057 0 63 0.429057 1
gene 1 16 31 0.0470904 0 64 0.0470904 1
gene 1 17 28 1.39265 0 65 1.39265 1
gene 1 17 29 0.108935 0 66 0.108935 1
gene 1 17 30 -0.404713 0 67 -0.404713 1
gene 1 17 31 1.45268 0 68 1.45268 1
gene 1 18 28 -0.611569 0 69 -0.611569 1
gene 1 18 29 -1.11641 0 70 -1.11641 1
gene 1 18 30 -3.13447 0 71 -3.13447 1
gene 1 18 31 -2.36131 0 72 -2.36131 1
gene 1 19 28 0.317448 0 73 0.317448 1
gene 1 19 29 -0.265844 0 74 -0.265844 1
gene 1 19 30 -1.20128 0 75 -1.20128 1
gene 1 19 31 -1.00706 0 76 -1.00706 1
gene 1 20 28 -0.62061 0 77 -0.62061 1
gene 1 20 29 -0.994481 0 78 -0.994481 1
gene 1 20 30 -4.47565 0 79 -4.47565 1
gene 1 20 31 0.590567 0 80 0.590567 1
gene 1 21 28 -2.44773 0 81 -2.44773 1
gene 1 21 29 2.57995 0 82 2.57995 1
gene 1 21 30 0.745446 0 83 0.745446 1
gene 1 21 31 -1.57373 0 84 -1.57373 1
gene 1 22 28 0.911159 0 85 0.911159 1
gene 1 22 29 4.57857 0 86 4.57857 1
gene 1 22 30 -0.698206 0 87 -0.698206 1
gene 1 22 31 -0.976738 0 88 -0.976738 1
gene 1 23 28 0.583668 0 89 0.583668 1
gene 1 23 29 -1.54726 0 90 -1.54726 1
gene 1 23 30 0.0659006 0 91 0.0659006 1
gene 1 23 31 -0.537533 0 92 -0.537533 1
gene 1 24 28 0.21715 0 93 0.21715 1
gene 1 24 29 0.676116 0 94 0.676116 1
gene 1 24 30 -0.18011 0 95 -0.18011 1
gene 1 24 31 0.487107 0 96 0.487107 1
gene 1 25 28 -2.45128 0 97 -2.45128 1
gene 1 25 29 -3.40569 0 98 -3.40569 1
gene 1 25 30 0.0655259 0 99 0.0655259 1
gene 1 25 31 -0.700075 0 100 -0.700075 1
gene 1 26 28 1.2805 0 101 1.2805 1
gene 1 26 29 0.827655 0 102 0.827655 1
gene 1 26 30 -3.70654 0 103 -3.70654 1
gene 1 26 31 -0.78362 0 104 -0.78362 1
gene 1 27 28 0.279864 0 105 0.279864 1
gene 1 27 29 1.70993 0 106 1.70993 1
gene 1 27 30 0.161677 0 107 0.161677 1
gene 1 27 31 -0.740579 0 108 -0.740579 1
genomeend 0


