/* Organism #0 Fitness: 16766.558000 Time: 0 */
genomestart 0
trait 1 1.000000 0.234893 0.000000 0.673381 0.863395 0.000000 0.498164 1.000000 
node 1 1 1 1
node 2 1 1 1
node 3 1 1 1
node 4 1 1 1
node 5 1 1 1
node 6 1 1 1
node 7 1 1 1
node 8 1 1 1
node 9 1 1 1
node 10 1 1 1
node 11 1 1 1
node 12 1 1 1
node 13 1 1 1
node 14 1 1 1
node 15 1 1 1
node 16 1 1 1
node 17 1 1 1
node 18 1 1 1
node 19 1 1 1
node 20 1 1 1
node 21 1 1 1
node 22 1 1 1
node 23 1 1 1
node 24 1 1 1
node 25 1 1 1
node 26 1 1 1
node 27 1 1 3
node 28 1 0 2
node 29 1 0 2
node 30 1 0 2
node 31 1 0 2
gene 1 1 28 -2.84174 0 1 -2.84174 1
gene 1 1 29 0.206354 0 2 0.206354 1
gene 1 1 30 -2.73502 0 3 -2.73502 1
gene 1 1 31 -0.357402 0 4 -0.357402 1
gene 1 2 28 0.345399 0 5 0.345399 1
gene 1 2 29 0.0823449 0 6 0.0823449 1
gene 1 2 30 -0.543344 0 7 -0.543344 1
gene 1 2 31 2.0218 0 8 2.0218 1
gene 1 3 28 3.6394 0 9 3.6394 1
gene 1 3 29 5 0 10 5 1
gene 1 3 30 2.25593 0 11 2.25593 1
gene 1 3 31 -2.07187 0 12 -2.07187 1
gene 1 4 28 -1.93099 0 13 -1.93099 1
gene 1 4 29 2.18633 0 14 2.18633 1
gene 1 4 30 1.04568 0 15 1.04568 1
gene 1 4 31 -0.412231 0 16 -0.412231 1
gene 1 5 28 -2.03724 0 17 -2.03724 1
gene 1 5 29 0.879916 0 18 0.879916 1
gene 1 5 30 -1.63271 0 19 -1.63271 1
gene 1 5 31 -3.63797 0 20 -3.63797 1
gene 1 6 28 -1.27109 0 21 -1.27109 1
gene 1 6 29 -0.662735 0 22 -0.662735 1
gene 1 6 30 0.0296099 0 23 0.0296099 1
gene 1 6 31 2.0433 0 24 2.0433 1
gene 1 7 28 3.1607 0 25 3.1607 1
gene 1 7 29 -0.776577 0 26 -0.776577 1
gene 1 7 30 -0.416195 0 27 -0.416195 1
gene 1 7 31 -3.58517 0 28 -3.58517 1
gene 1 8 28 2.67139 0 29 2.67139 1
gene 1 8 29 -1.40302 0 30 -1.40302 1
gene 1 8 30 4.70137 0 31 4.70137 1
gene 1 8 31 1.66821 0 32 1.66821 1
gene 1 9 28 -4.13522 0 33 -4.13522 1
gene 1 9 29 5 0 34 5 1
gene 1 9 30 -0.586097 0 35 -0.586097 1
gene 1 9 31 4.26773 0 36 4.26773 1
gene 1 10 28 -2.61524 0 37 -2.61524 1
gene 1 10 29 2.02503 0 38 2.02503 1
gene 1 10 30 -0.332223 0 39 -0.332223 1
gene 1 10 31 2.37096 0 40 2.37096 1
gene 1 11 28 0.563893 0 41 0.563893 1
gene 1 11 29 -2.09843 0 42 -2.09843 1
gene 1 11 30 -1.31207 0 43 -1.31207 1
gene 1 11 31 3.66186 0 44 3.66186 1
gene 1 12 28 -2.5251 0 45 -2.5251 1
gene 1 12 29 -1.05604 0 46 -1.05604 1
gene 1 12 30 -1.62678 0 47 -1.62678 1
gene 1 12 31 -1.94386 0 48 -1.94386 1
gene 1 13 28 1.37308 0 49 1.37308 1
gene 1 13 29 -2.56856 0 50 -2.56856 1
gene 1 13 30 2.47611 0 51 2.47611 1
gene 1 13 31 -4.55511 0 52 -4.55511 1
gene 1 14 28 -0.507781 0 53 -0.507781 1
gene 1 14 29 0.503899 0 54 0.503899 1
gene 1 14 30 0.470204 0 55 0.470204 1
gene 1 14 31 0.983501 0 56 0.983501 1
gene 1 15 28 -0.634394 0 57 -0.634394 1
gene 1 15 29 -1.32466 0 58 -1.32466 1
gene 1 15 30 0.24236 0 59 0.24236 1
gene 1 15 31 -1.15114 0 60 -1.15114 1
gene 1 16 28 -0.491699 0 61 -0.491699 1
gene 1 16 29 -0.575756 0 62 -0.575756 1
gene 1 16 30 1.43404 0 63 1.43404 1
gene 1 16 31 -1.47587 0 64 -1.47587 1
gene 1 17 28 0.746834 0 65 0.746834 1
gene 1 17 29 0.0477495 0 66 0.0477495 1
gene 1 17 30 -3.20259 0 67 -3.20259 1
gene 1 17 31 0.279765 0 68 0.279765 1
gene 1 18 28 1.4226 0 69 1.4226 1
gene 1 18 29 1.27015 0 70 1.27015 1
gene 1 18 30 -3.62717 0 71 -3.62717 1
gene 1 18 31 -1.90645 0 72 -1.90645 1
gene 1 19 28 3.51533 0 73 3.51533 1
gene 1 19 29 -1.28525 0 74 -1.28525 1
gene 1 19 30 -0.666174 0 75 -0.666174 1
gene 1 19 31 -2.49011 0 76 -2.49011 1
gene 1 20 28 1.56377 0 77 1.56377 1
gene 1 20 29 -0.0774289 0 78 -0.0774289 1
gene 1 20 30 -4.15387 0 79 -4.15387 1
gene 1 20 31 -0.268012 0 80 -0.268012 1
gene 1 21 28 0.642177 0 81 0.642177 1
gene 1 21 29 -1.30469 0 82 -1.30469 1
gene 1 21 30 0.749024 0 83 0.749024 1
gene 1 21 31 1.47093 0 84 1.47093 1
gene 1 22 28 5 0 85 5 1
gene 1 22 29 2.50332 0 86 2.50332 1
gene 1 22 30 0.667864 0 87 0.667864 1
gene 1 22 31 0.286633 0 88 0.286633 1
gene 1 23 28 -1.23759 0 89 -1.23759 1
gene 1 23 29 -0.313639 0 90 -0.313639 1
gene 1 23 30 0.566178 0 91 0.566178 1
gene 1 23 31 1.57627 0 92 1.57627 1
gene 1 24 28 0.614293 0 93 0.614293 1
gene 1 24 29 -0.762624 0 94 -0.762624 1
gene 1 24 30 -0.99314 0 95 -0.99314 1
gene 1 24 31 -3.03693 0 96 -3.03693 1
gene 1 25 28 -3.50134 0 97 -3.50134 1
gene 1 25 29 -3.74498 0 98 -3.74498 1
gene 1 25 30 2.0736 0 99 2.0736 1
gene 1 25 31 -1.41822 0 100 -1.41822 1
gene 1 26 28 0.318384 0 101 0.318384 1
gene 1 26 29 -0.415527 0 102 -0.415527 1
gene 1 26 30 -4.70889 0 103 -4.70889 1
gene 1 26 31 0.41575 0 104 0.41575 1
gene 1 27 28 0.346072 0 105 0.346072 1
gene 1 27 29 0.112072 0 106 0.112072 1
gene 1 27 30 0.506408 0 107 0.506408 1
gene 1 27 31 -0.34535 0 108 -0.34535 1
genomeend 0


