/* Organism #0 Fitness: 17385.768000 Time: 0 */
genomestart 0
trait 1 0.000000 0.000000 0.629998 0.464806 1.000000 0.710513 0.489103 0.000000 
node 1 1 1 1
node 2 1 1 1
node 3 1 1 1
node 4 1 1 1
node 5 1 1 1
node 6 1 1 1
node 7 1 1 1
node 8 1 1 1
node 9 1 1 1
node 10 1 1 1
node 11 1 1 1
node 12 1 1 1
node 13 1 1 1
node 14 1 1 1
node 15 1 1 1
node 16 1 1 1
node 17 1 1 1
node 18 1 1 1
node 19 1 1 1
node 20 1 1 1
node 21 1 1 1
node 22 1 1 1
node 23 1 1 1
node 24 1 1 1
node 25 1 1 1
node 26 1 1 1
node 27 1 1 3
node 28 1 0 2
node 29 1 0 2
node 30 1 0 2
node 31 1 0 2
gene 1 1 28 3.91124 0 1 3.91124 1
gene 1 1 29 -3.2459 0 2 -3.2459 1
gene 1 1 30 1.12143 0 3 1.12143 1
gene 1 1 31 3.98507 0 4 3.98507 1
gene 1 2 28 0.228735 0 5 0.228735 1
gene 1 2 29 -0.719985 0 6 -0.719985 1
gene 1 2 30 1.89833 0 7 1.89833 1
gene 1 2 31 -1.4068 0 8 -1.4068 1
gene 1 3 28 -0.628925 0 9 -0.628925 1
gene 1 3 29 -1.12131 0 10 -1.12131 1
gene 1 3 30 -2.04114 0 11 -2.04114 1
gene 1 3 31 -4.05503 0 12 -4.05503 1
gene 1 4 28 -3.12602 0 13 -3.12602 1
gene 1 4 29 1.11669 0 14 1.11669 1
gene 1 4 30 -3.13367 0 15 -3.13367 1
gene 1 4 31 -1.45841 0 16 -1.45841 1
gene 1 5 28 1.13499 0 17 1.13499 1
gene 1 5 29 2.0048 0 18 2.0048 1
gene 1 5 30 2.61492 0 19 2.61492 1
gene 1 5 31 -3.31803 0 20 -3.31803 1
gene 1 6 28 3.35875 0 21 3.35875 1
gene 1 6 29 0.731684 0 22 0.731684 1
gene 1 6 30 0.341452 0 23 0.341452 1
gene 1 6 31 -2.18857 0 24 -2.18857 1
gene 1 7 28 -4.54099 0 25 -4.54099 1
gene 1 7 29 -2.22875 0 26 -2.22875 1
gene 1 7 30 -2.42093 0 27 -2.42093 1
gene 1 7 31 -3.91573 0 28 -3.91573 1
gene 1 8 28 -1.74832 0 29 -1.74832 1
gene 1 8 29 -0.999783 0 30 -0.999783 1
gene 1 8 30 -4.33486 0 31 -4.33486 1
gene 1 8 31 0.377143 0 32 0.377143 1
gene 1 9 28 5 0 33 5 1
gene 1 9 29 -3.64364 0 34 -3.64364 1
gene 1 9 30 3.05629 0 35 3.05629 1
gene 1 9 31 1.4688 0 36 1.4688 1
gene 1 10 28 1.55719 0 37 1.55719 1
gene 1 10 29 1.28346 0 38 1.28346 1
gene 1 10 30 -3.5388 0 39 -3.5388 1
gene 1 10 31 -3.15976 0 40 -3.15976 1
gene 1 11 28 3.84796 0 41 3.84796 1
gene 1 11 29 2.18269 0 42 2.18269 1
gene 1 11 30 -4.38258 0 43 -4.38258 1
gene 1 11 31 -4.66179 0 44 -4.66179 1
gene 1 12 28 3.86836 0 45 3.86836 1
gene 1 12 29 -2.82461 0 46 -2.82461 1
gene 1 12 30 -2.14407 0 47 -2.14407 1
gene 1 12 31 1.66354 0 48 1.66354 1
gene 1 13 28 -4.36563 0 49 -4.36563 1
gene 1 13 29 3.31903 0 50 3.31903 1
gene 1 13 30 -1.76847 0 51 -1.76847 1
gene 1 13 31 1.36539 0 52 1.36539 1
gene 1 14 28 -5 0 53 -5 1
gene 1 14 29 5 0 54 5 1
gene 1 14 30 -0.0512629 0 55 -0.0512629 1
gene 1 14 31 -0.634881 0 56 -0.634881 1
gene 1 15 28 0.474035 0 57 0.474035 1
gene 1 15 29 -0.870253 0 58 -0.870253 1
gene 1 15 30 -1.53244 0 59 -1.53244 1
gene 1 15 31 1.54446 0 60 1.54446 1
gene 1 16 28 -1.02863 0 61 -1.02863 1
gene 1 16 29 0.78017 0 62 0.78017 1
gene 1 16 30 2.34939 0 63 2.34939 1
gene 1 16 31 4.68407 0 64 4.68407 1
gene 1 17 28 -0.0582974 0 65 -0.0582974 1
gene 1 17 29 -3.39329 0 66 -3.39329 1
gene 1 17 30 -2.73541 0 67 -2.73541 1
gene 1 17 31 -3.85432 0 68 -3.85432 1
gene 1 18 28 0.972334 0 69 0.972334 1
gene 1 18 29 1.07627 0 70 1.07627 1
gene 1 18 30 -0.550563 0 71 -0.550563 1
gene 1 18 31 -0.691966 0 72 -0.691966 1
gene 1 19 28 -3.01041 0 73 -3.01041 1
gene 1 19 29 0.77653 0 74 0.77653 1
gene 1 19 30 -1.03514 0 75 -1.03514 1
gene 1 19 31 -0.739479 0 76 -0.739479 1
gene 1 20 28 0.275942 0 77 0.275942 1
gene 1 20 29 0.388782 0 78 0.388782 1
gene 1 20 30 -4.35737 0 79 -4.35737 1
gene 1 20 31 -0.393179 0 80 -0.393179 1
gene 1 21 28 1.64171 0 81 1.64171 1
gene 1 21 29 -1.24434 0 82 -1.24434 1
gene 1 21 30 -0.367687 0 83 -0.367687 1
gene 1 21 31 1.67036 0 84 1.67036 1
gene 1 22 28 4.29759 0 85 4.29759 1
gene 1 22 29 2.74026 0 86 2.74026 1
gene 1 22 30 2.05116 0 87 2.05116 1
gene 1 22 31 -0.033876 0 88 -0.033876 1
gene 1 23 28 -0.643231 0 89 -0.643231 1
gene 1 23 29 -0.14567 0 90 -0.14567 1
gene 1 23 30 -1.00214 0 91 -1.00214 1
gene 1 23 31 0.414668 0 92 0.414668 1
gene 1 24 28 0.7643 0 93 0.7643 1
gene 1 24 29 0.507827 0 94 0.507827 1
gene 1 24 30 3.50461 0 95 3.50461 1
gene 1 24 31 0.440804 0 96 0.440804 1
gene 1 25 28 4.78573 0 97 4.78573 1
gene 1 25 29 4.01361 0 98 4.01361 1
gene 1 25 30 -0.43863 0 99 -0.43863 1
gene 1 25 31 -0.358003 0 100 -0.358003 1
gene 1 26 28 -0.680766 0 101 -0.680766 1
gene 1 26 29 -1.06159 0 102 -1.06159 1
gene 1 26 30 0.436531 0 103 0.436531 1
gene 1 26 31 0.475546 0 104 0.475546 1
gene 1 27 28 -0.461391 0 105 -0.461391 1
gene 1 27 29 -0.636545 0 106 -0.636545 1
gene 1 27 30 -0.464863 0 107 -0.464863 1
gene 1 27 31 -0.503826 0 108 -0.503826 1
genomeend 0


