/* Organism #0 Fitness: 17552.504000 Time: 0 */
genomestart 0
trait 1 0.221328 0.000000 0.376852 0.000000 0.771077 0.366106 0.410071 0.708500 
node 1 1 1 1
node 2 1 1 1
node 3 1 1 1
node 4 1 1 1
node 5 1 1 1
node 6 1 1 1
node 7 1 1 1
node 8 1 1 1
node 9 1 1 1
node 10 1 1 1
node 11 1 1 1
node 12 1 1 1
node 13 1 1 1
node 14 1 1 1
node 15 1 1 1
node 16 1 1 1
node 17 1 1 1
node 18 1 1 1
node 19 1 1 1
node 20 1 1 1
node 21 1 1 1
node 22 1 1 1
node 23 1 1 1
node 24 1 1 1
node 25 1 1 1
node 26 1 1 1
node 27 1 1 3
node 28 1 0 2
node 29 1 0 2
node 30 1 0 2
node 31 1 0 2
gene 1 1 28 -1.19982 0 1 -1.19982 1
gene 1 1 29 -0.30444 0 2 -0.30444 1
gene 1 1 30 3.64852 0 3 3.64852 1
gene 1 1 31 0.460503 0 4 0.460503 1
gene 1 2 28 -4.26705 0 5 -4.26705 1
gene 1 2 29 -2.05035 0 6 -2.05035 1
gene 1 2 30 1.02557 0 7 1.02557 1
gene 1 2 31 -1.42909 0 8 -1.42909 1
gene 1 3 28 -1.85054 0 9 -1.85054 1
gene 1 3 29 4.67529 0 10 4.67529 1
gene 1 3 30 -3.99219 0 11 -3.99219 1
gene 1 3 31 0.448868 0 12 0.448868 1
gene 1 4 28 0.453775 0 13 0.453775 1
gene 1 4 29 -3.6581 0 14 -3.6581 1
gene 1 4 30 0.286617 0 15 0.286617 1
gene 1 4 31 1.4521 0 16 1.4521 1
gene 1 5 28 2.64489 0 17 2.64489 1
gene 1 5 29 -0.0593516 0 18 -0.0593516 1
gene 1 5 30 -1.04495 0 19 -1.04495 1
gene 1 5 31 0.657917 0 20 0.657917 1
gene 1 6 28 0.379241 0 21 0.379241 1
gene 1 6 29 -0.36316 0 22 -0.36316 1
gene 1 6 30 -1.07998 0 23 -1.07998 1
gene 1 6 31 -5 0 24 -5 1
gene 1 7 28 2.48039 0 25 2.48039 1
gene 1 7 29 -1.0006 0 26 -1.0006 1
gene 1 7 30 -1.06796 0 27 -1.06796 1
gene 1 7 31 -0.866594 0 28 -0.866594 1
gene 1 8 28 -3.03226 0 29 -3.03226 1
gene 1 8 29 -0.557025 0 30 -0.557025 1
gene 1 8 30 2.31856 0 31 2.31856 1
gene 1 8 31 -0.0998843 0 32 -0.0998843 1
gene 1 9 28 2.64229 0 33 2.64229 1
gene 1 9 29 1.21752 0 34 1.21752 1
gene 1 9 30 3.99435 0 35 3.99435 1
gene 1 9 31 0.454604 0 36 0.454604 1
gene 1 10 28 -5 0 37 -5 1
gene 1 10 29 4.65223 0 38 4.65223 1
gene 1 10 30 0.131138 0 39 0.131138 1
gene 1 10 31 -3.525 0 40 -3.525 1
gene 1 11 28 -3.34485 0 41 -3.34485 1
gene 1 11 29 2.76956 0 42 2.76956 1
gene 1 11 30 0.0877884 0 43 0.0877884 1
gene 1 11 31 2.71189 0 44 2.71189 1
gene 1 12 28 -2.72422 0 45 -2.72422 1
gene 1 12 29 -2.47664 0 46 -2.47664 1
gene 1 12 30 3.23454 0 47 3.23454 1
gene 1 12 31 2.75 0 48 2.75 1
gene 1 13 28 -0.265791 0 49 -0.265791 1
gene 1 13 29 -0.691575 0 50 -0.691575 1
gene 1 13 30 1.76553 0 51 1.76553 1
gene 1 13 31 3.60283 0 52 3.60283 1
gene 1 14 28 1.21103 0 53 1.21103 1
gene 1 14 29 -5 0 54 -5 1
gene 1 14 30 3.69322 0 55 3.69322 1
gene 1 14 31 2.56762 0 56 2.56762 1
gene 1 15 28 5 0 57 5 1
gene 1 15 29 -5 0 58 -5 1
gene 1 15 30 -2.10361 0 59 -2.10361 1
gene 1 15 31 -3.67563 0 60 -3.67563 1
gene 1 16 28 -0.262477 0 61 -0.262477 1
gene 1 16 29 -1.65371 0 62 -1.65371 1
gene 1 16 30 -0.676237 0 63 -0.676237 1
gene 1 16 31 -1.41821 0 64 -1.41821 1
gene 1 17 28 1.3368 0 65 1.3368 1
gene 1 17 29 -0.983087 0 66 -0.983087 1
gene 1 17 30 -0.141481 0 67 -0.141481 1
gene 1 17 31 -0.0638212 0 68 -0.0638212 1
gene 1 18 28 0.805166 0 69 0.805166 1
gene 1 18 29 0.34468 0 70 0.34468 1
gene 1 18 30 0.902549 0 71 0.902549 1
gene 1 18 31 1.3506 0 72 1.3506 1
gene 1 19 28 -1.23329 0 73 -1.23329 1
gene 1 19 29 -1.35434 0 74 -1.35434 1
gene 1 19 30 -1.27439 0 75 -1.27439 1
gene 1 19 31 2.03935 0 76 2.03935 1
gene 1 20 28 2.19873 0 77 2.19873 1
gene 1 20 29 0.428028 0 78 0.428028 1
gene 1 20 30 -4.11982 0 79 -4.11982 1
gene 1 20 31 -3.89889 0 80 -3.89889 1
gene 1 21 28 -1.60641 0 81 -1.60641 1
gene 1 21 29 -2.42131 0 82 -2.42131 1
gene 1 21 30 -0.159471 0 83 -0.159471 1
gene 1 21 31 3.70965 0 84 3.70965 1
gene 1 22 28 -1.08814 0 85 -1.08814 1
gene 1 22 29 -2.5989 0 86 -2.5989 1
gene 1 22 30 -2.52627 0 87 -2.52627 1
gene 1 22 31 -3.60076 0 88 -3.60076 1
gene 1 23 28 1.27421 0 89 1.27421 1
gene 1 23 29 0.926553 0 90 0.926553 1
gene 1 23 30 -1.41725 0 91 -1.41725 1
gene 1 23 31 -0.232613 0 92 -0.232613 1
gene 1 24 28 0.496058 0 93 0.496058 1
gene 1 24 29 -0.159656 0 94 -0.159656 1
gene 1 24 30 -1.78053 0 95 -1.78053 1
gene 1 24 31 0.0580282 0 96 0.0580282 1
gene 1 25 28 -4.70135 0 97 -4.70135 1
gene 1 25 29 -4.13082 0 98 -4.13082 1
gene 1 25 30 0.0477553 0 99 0.0477553 1
gene 1 25 31 0.499385 0 100 0.499385 1
gene 1 26 28 0.460277 0 101 0.460277 1
gene 1 26 29 2.50675 0 102 2.50675 1
gene 1 26 30 -1.82601 0 103 -1.82601 1
gene 1 26 31 0.362315 0 104 0.362315 1
gene 1 27 28 -0.129767 0 105 -0.129767 1
gene 1 27 29 1.28407 0 106 1.28407 1
gene 1 27 30 -1.02921 0 107 -1.02921 1
gene 1 27 31 -0.830233 0 108 -0.830233 1
genomeend 0


