/* Organism #0 Fitness: 17329.250000 Time: 0 */
genomestart 0
trait 1 0.074822 0.456851 0.000000 0.290571 0.000000 0.495883 1.000000 0.000000 
node 1 1 1 1
node 2 1 1 1
node 3 1 1 1
node 4 1 1 1
node 5 1 1 1
node 6 1 1 1
node 7 1 1 1
node 8 1 1 1
node 9 1 1 1
node 10 1 1 1
node 11 1 1 1
node 12 1 1 1
node 13 1 1 1
node 14 1 1 1
node 15 1 1 1
node 16 1 1 1
node 17 1 1 1
node 18 1 1 1
node 19 1 1 1
node 20 1 1 1
node 21 1 1 1
node 22 1 1 1
node 23 1 1 1
node 24 1 1 1
node 25 1 1 1
node 26 1 1 1
node 27 1 1 3
node 28 1 0 2
node 29 1 0 2
node 30 1 0 2
node 31 1 0 2
gene 1 1 28 0.529663 0 1 0.529663 1
gene 1 1 29 1.48284 0 2 1.48284 1
gene 1 1 30 0.440386 0 3 0.440386 1
gene 1 1 31 -0.281475 0 4 -0.281475 1
gene 1 2 28 -1.30709 0 5 -1.30709 1
gene 1 2 29 -0.637497 0 6 -0.637497 1
gene 1 2 30 -4.07919 0 7 -4.07919 1
gene 1 2 31 1.38613 0 8 1.38613 1
gene 1 3 28 -0.229644 0 9 -0.229644 1
gene 1 3 29 -2.23814 0 10 -2.23814 1
gene 1 3 30 -0.596417 0 11 -0.596417 1
gene 1 3 31 1.48625 0 12 1.48625 1
gene 1 4 28 -0.822326 0 13 -0.822326 1
gene 1 4 29 0.102346 0 14 0.102346 1
gene 1 4 30 -0.844115 0 15 -0.844115 1
gene 1 4 31 2.08951 0 16 2.08951 1
gene 1 5 28 -1.80515 0 17 -1.80515 1
gene 1 5 29 3.74344 0 18 3.74344 1
gene 1 5 30 -2.44443 0 19 -2.44443 1
gene 1 5 31 -5 0 20 -5 1
gene 1 6 28 -0.501888 0 21 -0.501888 1
gene 1 6 29 -0.122014 0 22 -0.122014 1
gene 1 6 30 4.45261 0 23 4.45261 1
gene 1 6 31 3.17298 0 24 3.17298 1
gene 1 7 28 3.4419 0 25 3.4419 1
gene 1 7 29 1.36667 0 26 1.36667 1
gene 1 7 30 0.738778 0 27 0.738778 1
gene 1 7 31 -3.14267 0 28 -3.14267 1
gene 1 8 28 0.150464 0 29 0.150464 1
gene 1 8 29 1.91273 0 30 1.91273 1
gene 1 8 30 -2.1381 0 31 -2.1381 1
gene 1 8 31 -0.95595 0 32 -0.95595 1
gene 1 9 28 -3.24014 0 33 -3.24014 1
gene 1 9 29 3.7486 0 34 3.7486 1
gene 1 9 30 -0.196631 0 35 -0.196631 1
gene 1 9 31 -4.39258 0 36 -4.39258 1
gene 1 10 28 1.58785 0 37 1.58785 1
gene 1 10 29 1.41032 0 38 1.41032 1
gene 1 10 30 1.15879 0 39 1.15879 1
gene 1 10 31 2.52489 0 40 2.52489 1
gene 1 11 28 -1.29488 0 41 -1.29488 1
gene 1 11 29 0.990767 0 42 0.990767 1
gene 1 11 30 0.54819 0 43 0.54819 1
gene 1 11 31 1.44764 0 44 1.44764 1
gene 1 12 28 3.87845 0 45 3.87845 1
gene 1 12 29 -1.49052 0 46 -1.49052 1
gene 1 12 30 1.34611 0 47 1.34611 1
gene 1 12 31 -1.18586 0 48 -1.18586 1
gene 1 13 28 1.46307 0 49 1.46307 1
gene 1 13 29 -1.10308 0 50 -1.10308 1
gene 1 13 30 -0.373801 0 51 -0.373801 1
gene 1 13 31 -1.74609 0 52 -1.74609 1
gene 1 14 28 1.47161 0 53 1.47161 1
gene 1 14 29 4.5008 0 54 4.5008 1
gene 1 14 30 -3.89626 0 55 -3.89626 1
gene 1 14 31 1.86789 0 56 1.86789 1
gene 1 15 28 -2.467 0 57 -2.467 1
gene 1 15 29 5 0 58 5 1
gene 1 15 30 0.301956 0 59 0.301956 1
gene 1 15 31 2.63653 0 60 2.63653 1
gene 1 16 28 -4.06356 0 61 -4.06356 1
gene 1 16 29 -0.134717 0 62 -0.134717 1
gene 1 16 30 -1.79257 0 63 -1.79257 1
gene 1 16 31 2.03179 0 64 2.03179 1
gene 1 17 28 0.955109 0 65 0.955109 1
gene 1 17 29 0.679811 0 66 0.679811 1
gene 1 17 30 -0.89992 0 67 -0.89992 1
gene 1 17 31 0.000296993 0 68 0.000296993 1
gene 1 18 28 -1.744 0 69 -1.744 1
gene 1 18 29 -1.26087 0 70 -1.26087 1
gene 1 18 30 0.0603788 0 71 0.0603788 1
gene 1 18 31 -3.19596 0 72 -3.19596 1
gene 1 19 28 -1.7808 0 73 -1.7808 1
gene 1 19 29 0.694121 0 74 0.694121 1
gene 1 19 30 0.621454 0 75 0.621454 1
gene 1 19 31 -0.179026 0 76 -0.179026 1
gene 1 20 28 -1.8375 0 77 -1.8375 1
gene 1 20 29 -0.488683 0 78 -0.488683 1
gene 1 20 30 -3.1585 0 79 -3.1585 1
gene 1 20 31 -0.369796 0 80 -0.369796 1
gene 1 21 28 -1.37001 0 81 -1.37001 1
gene 1 21 29 2.19229 0 82 2.19229 1
gene 1 21 30 -1.0736 0 83 -1.0736 1
gene 1 21 31 1.52925 0 84 1.52925 1
gene 1 22 28 -0.739465 0 85 -0.739465 1
gene 1 22 29 -1.02759 0 86 -1.02759 1
gene 1 22 30 -3.62106 0 87 -3.62106 1
gene 1 22 31 0.151592 0 88 0.151592 1
gene 1 23 28 -0.411505 0 89 -0.411505 1
gene 1 23 29 0.396071 0 90 0.396071 1
gene 1 23 30 0.431692 0 91 0.431692 1
gene 1 23 31 -1.76043 0 92 -1.76043 1
gene 1 24 28 -0.854946 0 93 -0.854946 1
gene 1 24 29 0.846348 0 94 0.846348 1
gene 1 24 30 0.715481 0 95 0.715481 1
gene 1 24 31 -0.947773 0 96 -0.947773 1
gene 1 25 28 0.610181 0 97 0.610181 1
gene 1 25 29 5 0 98 5 1
gene 1 25 30 0.756096 0 99 0.756096 1
gene 1 25 31 -0.345369 0 100 -0.345369 1
gene 1 26 28 -1.32372 0 101 -1.32372 1
gene 1 26 29 -0.133131 0 102 -0.133131 1
gene 1 26 30 -0.650821 0 103 -0.650821 1
gene 1 26 31 -1.97163 0 104 -1.97163 1
gene 1 27 28 -0.0389286 0 105 -0.0389286 1
gene 1 27 29 -0.527944 0 106 -0.527944 1
gene 1 27 30 -5 0 107 -5 1
gene 1 27 31 -1.92159 0 108 -1.92159 1
genomeend 0


