/* Organism #2 Fitness: 17169.334000 Time: 0 */
genomestart 2
trait 1 0.100000 0.000000 0.000000 0.000000 0.000000 0.000000 0.000000 0.000000 
node 1 1 1 1
node 2 1 1 1
node 3 1 1 1
node 4 1 1 1
node 5 1 1 1
node 6 1 1 1
node 7 1 1 1
node 8 1 1 1
node 9 1 1 1
node 10 1 1 1
node 11 1 1 1
node 12 1 1 1
node 13 1 1 1
node 14 1 1 1
node 15 1 1 1
node 16 1 1 1
node 17 1 1 1
node 18 1 1 1
node 19 1 1 1
node 20 1 1 1
node 21 1 1 1
node 22 1 1 1
node 23 1 1 1
node 24 1 1 1
node 25 1 1 1
node 26 1 1 1
node 27 1 1 3
node 28 1 0 2
node 29 1 0 2
node 30 1 0 2
node 31 1 0 2
gene 1 1 28 -0.756999 0 1 -0.756999 1
gene 1 1 29 -0.213342 0 2 -0.213342 1
gene 1 1 30 -0.248539 0 3 -0.248539 1
gene 1 1 31 0.0320138 0 4 0.0320138 1
gene 1 2 28 -0.207026 0 5 -0.207026 1
gene 1 2 29 -0.104886 0 6 -0.104886 1
gene 1 2 30 -0.0417075 0 7 -0.0417075 1
gene 1 2 31 -2.28197 0 8 -2.28197 1
gene 1 3 28 -1.21534 0 9 -1.21534 1
gene 1 3 29 0.646483 0 10 0.646483 1
gene 1 3 30 0.909416 0 11 0.909416 1
gene 1 3 31 -3.46735 0 12 -3.46735 1
gene 1 4 28 3.01779 0 13 3.01779 1
gene 1 4 29 0.377899 0 14 0.377899 1
gene 1 4 30 -0.115456 0 15 -0.115456 1
gene 1 4 31 0.935923 0 16 0.935923 1
gene 1 5 28 -3.2614 0 17 -3.2614 1
gene 1 5 29 3.24125 0 18 3.24125 1
gene 1 5 30 1.86074 0 19 1.86074 1
gene 1 5 31 1.36799 0 20 1.36799 1
gene 1 6 28 1.52649 0 21 1.52649 1
gene 1 6 29 1.35713 0 22 1.35713 1
gene 1 6 30 -0.961045 0 23 -0.961045 1
gene 1 6 31 -0.340383 0 24 -0.340383 1
gene 1 7 28 0.821019 0 25 0.821019 1
gene 1 7 29 -0.740107 0 26 -0.740107 1
gene 1 7 30 -0.930646 0 27 -0.930646 1
gene 1 7 31 -1.89947 0 28 -1.89947 1
gene 1 8 28 0.201969 0 29 0.201969 1
gene 1 8 29 -1.77494 0 30 -1.77494 1
gene 1 8 30 0.0236747 0 31 0.0236747 1
gene 1 8 31 -4.26001 0 32 -4.26001 1
gene 1 9 28 -4.19891 0 33 -4.19891 1
gene 1 9 29 0.492794 0 34 0.492794 1
gene 1 9 30 -2.20867 0 35 -2.20867 1
gene 1 9 31 1.33165 0 36 1.33165 1
gene 1 10 28 -1.71443 0 37 -1.71443 1
gene 1 10 29 3.2656 0 38 3.2656 1
gene 1 10 30 -0.285859 0 39 -0.285859 1
gene 1 10 31 1.4702 0 40 1.4702 1
gene 1 11 28 -1.17602 0 41 -1.17602 1
gene 1 11 29 0.535183 0 42 0.535183 1
gene 1 11 30 -4.06805 0 43 -4.06805 1
gene 1 11 31 2.35977 0 44 2.35977 1
gene 1 12 28 4.82988 0 45 4.82988 1
gene 1 12 29 -4.78821 0 46 -4.78821 1
gene 1 12 30 0.586866 0 47 0.586866 1
gene 1 12 31 -1.12122 0 48 -1.12122 1
gene 1 13 28 -0.323163 0 49 -0.323163 1
gene 1 13 29 0.667557 0 50 0.667557 1
gene 1 13 30 0.355266 0 51 0.355266 1
gene 1 13 31 1.03753 0 52 1.03753 1
gene 1 14 28 -3.06796 0 53 -3.06796 1
gene 1 14 29 3.79563 0 54 3.79563 1
gene 1 14 30 0.238298 0 55 0.238298 1
gene 1 14 31 -1.95651 0 56 -1.95651 1
gene 1 15 28 -0.114842 0 57 -0.114842 1
gene 1 15 29 4.63363 0 58 4.63363 1
gene 1 15 30 -1.66008 0 59 -1.66008 1
gene 1 15 31 1.54413 0 60 1.54413 1
gene 1 16 28 0.77114 0 61 0.77114 1
gene 1 16 29 0.774784 0 62 0.774784 1
gene 1 16 30 2.17796 0 63 2.17796 1
gene 1 16 31 -0.882024 0 64 -0.882024 1
gene 1 17 28 0.834338 0 65 0.834338 1
gene 1 17 29 -1.05655 0 66 -1.05655 1
gene 1 17 30 -0.286469 0 67 -0.286469 1
gene 1 17 31 -0.359026 0 68 -0.359026 1
gene 1 18 28 -2.94815 0 69 -2.94815 1
gene 1 18 29 0.690533 0 70 0.690533 1
gene 1 18 30 -2.26892 0 71 -2.26892 1
gene 1 18 31 0.3168 0 72 0.3168 1
gene 1 19 28 -1.26435 0 73 -1.26435 1
gene 1 19 29 -1.89972 0 74 -1.89972 1
gene 1 19 30 1.11538 0 75 1.11538 1
gene 1 19 31 3.1068 0 76 3.1068 1
gene 1 20 28 -0.387473 0 77 -0.387473 1
gene 1 20 29 -1.30656 0 78 -1.30656 1
gene 1 20 30 -2.46425 0 79 -2.46425 1
gene 1 20 31 -1.26705 0 80 -1.26705 1
gene 1 21 28 -1.76389 0 81 -1.76389 1
gene 1 21 29 -1.4714 0 82 -1.4714 1
gene 1 21 30 -1.55501 0 83 -1.55501 1
gene 1 21 31 3.42834 0 84 3.42834 1
gene 1 22 28 -2.01085 0 85 -2.01085 1
gene 1 22 29 -0.690836 0 86 -0.690836 1
gene 1 22 30 -0.792339 0 87 -0.792339 1
gene 1 22 31 0.254162 0 88 0.254162 1
gene 1 23 28 0.0897566 0 89 0.0897566 1
gene 1 23 29 -0.760402 0 90 -0.760402 1
gene 1 23 30 4.5088 0 91 4.5088 1
gene 1 23 31 0.633005 0 92 0.633005 1
gene 1 24 28 -1.47709 0 93 -1.47709 1
gene 1 24 29 -0.60176 0 94 -0.60176 1
gene 1 24 30 -0.155649 0 95 -0.155649 1
gene 1 24 31 3.62323 0 96 3.62323 1
gene 1 25 28 3.0958 0 97 3.0958 1
gene 1 25 29 3.93545 0 98 3.93545 1
gene 1 25 30 -0.166223 0 99 -0.166223 1
gene 1 25 31 0.444816 0 100 0.444816 1
gene 1 26 28 0.268558 0 101 0.268558 1
gene 1 26 29 1.93917 0 102 1.93917 1
gene 1 26 30 -3.80849 0 103 -3.80849 1
gene 1 26 31 -0.00836764 0 104 -0.00836764 1
gene 1 27 28 0.174901 0 105 0.174901 1
gene 1 27 29 -0.589835 0 106 -0.589835 1
gene 1 27 30 -1.73139 0 107 -1.73139 1
gene 1 27 31 1.0224 0 108 1.0224 1
genomeend 2


