/* Organism #4 Fitness: 16744.050000 Time: 0 */
genomestart 4
trait 1 0.000000 0.561877 0.938963 0.000000 0.922518 0.000000 1.000000 0.144806 
node 1 1 1 1
node 2 1 1 1
node 3 1 1 1
node 4 1 1 1
node 5 1 1 1
node 6 1 1 1
node 7 1 1 1
node 8 1 1 1
node 9 1 1 1
node 10 1 1 1
node 11 1 1 1
node 12 1 1 1
node 13 1 1 1
node 14 1 1 1
node 15 1 1 1
node 16 1 1 1
node 17 1 1 1
node 18 1 1 1
node 19 1 1 1
node 20 1 1 1
node 21 1 1 1
node 22 1 1 1
node 23 1 1 1
node 24 1 1 1
node 25 1 1 1
node 26 1 1 1
node 27 1 1 3
node 28 1 0 2
node 29 1 0 2
node 30 1 0 2
node 31 1 0 2
gene 1 1 28 -1.86001 0 1 -1.86001 1
gene 1 1 29 0.29178 0 2 0.29178 1
gene 1 1 30 2.662 0 3 2.662 1
gene 1 1 31 -0.300224 0 4 -0.300224 1
gene 1 2 28 0.950344 0 5 0.950344 1
gene 1 2 29 -2.79977 0 6 -2.79977 1
gene 1 2 30 1.16946 0 7 1.16946 1
gene 1 2 31 -1.93318 0 8 -1.93318 1
gene 1 3 28 2.79701 0 9 2.79701 1
gene 1 3 29 2.52738 0 10 2.52738 1
gene 1 3 30 -2.40521 0 11 -2.40521 1
gene 1 3 31 3.1099 0 12 3.1099 1
gene 1 4 28 3.816 0 13 3.816 1
gene 1 4 29 -0.928403 0 14 -0.928403 1
gene 1 4 30 1.65888 0 15 1.65888 1
gene 1 4 31 0.280585 0 16 0.280585 1
gene 1 5 28 2.08122 0 17 2.08122 1
gene 1 5 29 -2.43929 0 18 -2.43929 1
gene 1 5 30 -1.47788 0 19 -1.47788 1
gene 1 5 31 4.06038 0 20 4.06038 1
gene 1 6 28 -0.503592 0 21 -0.503592 1
gene 1 6 29 -0.138627 0 22 -0.138627 1
gene 1 6 30 -0.159465 0 23 -0.159465 1
gene 1 6 31 1.20075 0 24 1.20075 1
gene 1 7 28 -0.739253 0 25 -0.739253 1
gene 1 7 29 -1.44602 0 26 -1.44602 1
gene 1 7 30 0.765793 0 27 0.765793 1
gene 1 7 31 2.98283 0 28 2.98283 1
gene 1 8 28 -0.788675 0 29 -0.788675 1
gene 1 8 29 -2.10018 0 30 -2.10018 1
gene 1 8 30 -0.123269 0 31 -0.123269 1
gene 1 8 31 1.39082 0 32 1.39082 1
gene 1 9 28 -3.02995 0 33 -3.02995 1
gene 1 9 29 0.0606923 0 34 0.0606923 1
gene 1 9 30 -0.374559 0 35 -0.374559 1
gene 1 9 31 0.891224 0 36 0.891224 1
gene 1 10 28 2.41956 0 37 2.41956 1
gene 1 10 29 3.8416 0 38 3.8416 1
gene 1 10 30 -0.464213 0 39 -0.464213 1
gene 1 10 31 -1.60496 0 40 -1.60496 1
gene 1 11 28 -3.91695 0 41 -3.91695 1
gene 1 11 29 2.97327 0 42 2.97327 1
gene 1 11 30 -1.15131 0 43 -1.15131 1
gene 1 11 31 -0.196732 0 44 -0.196732 1
gene 1 12 28 1.75088 0 45 1.75088 1
gene 1 12 29 -0.615123 0 46 -0.615123 1
gene 1 12 30 -1.85162 0 47 -1.85162 1
gene 1 12 31 -1.3166 0 48 -1.3166 1
gene 1 13 28 -1.84249 0 49 -1.84249 1
gene 1 13 29 -1.60719 0 50 -1.60719 1
gene 1 13 30 0.16426 0 51 0.16426 1
gene 1 13 31 -1.56801 0 52 -1.56801 1
gene 1 14 28 2.14654 0 53 2.14654 1
gene 1 14 29 -2.72181 0 54 -2.72181 1
gene 1 14 30 1.42975 0 55 1.42975 1
gene 1 14 31 -0.568569 0 56 -0.568569 1
gene 1 15 28 3.16293 0 57 3.16293 1
gene 1 15 29 -0.898207 0 58 -0.898207 1
gene 1 15 30 0.681788 0 59 0.681788 1
gene 1 15 31 0.0987364 0 60 0.0987364 1
gene 1 16 28 3.29594 0 61 3.29594 1
gene 1 16 29 -1.72089 0 62 -1.72089 1
gene 1 16 30 -0.451447 0 63 -0.451447 1
gene 1 16 31 1.90697 0 64 1.90697 1
gene 1 17 28 -1.95725 0 65 -1.95725 1
gene 1 17 29 -0.272498 0 66 -0.272498 1
gene 1 17 30 -4.97149 0 67 -4.97149 1
gene 1 17 31 2.73794 0 68 2.73794 1
gene 1 18 28 2.7183 0 69 2.7183 1
gene 1 18 29 2.77147 0 70 2.77147 1
gene 1 18 30 3.321 0 71 3.321 1
gene 1 18 31 1.59742 0 72 1.59742 1
gene 1 19 28 0.951259 0 73 0.951259 1
gene 1 19 29 -1.27691 0 74 -1.27691 1
gene 1 19 30 -2.71907 0 75 -2.71907 1
gene 1 19 31 -2.41249 0 76 -2.41249 1
gene 1 20 28 0.404603 0 77 0.404603 1
gene 1 20 29 -0.708976 0 78 -0.708976 1
gene 1 20 30 1.67819 0 79 1.67819 1
gene 1 20 31 4.53806 0 80 4.53806 1
gene 1 21 28 0.946233 0 81 0.946233 1
gene 1 21 29 3.218 0 82 3.218 1
gene 1 21 30 -4.74111 0 83 -4.74111 1
gene 1 21 31 0.828545 0 84 0.828545 1
gene 1 22 28 -1.35055 0 85 -1.35055 1
gene 1 22 29 0.651803 0 86 0.651803 1
gene 1 22 30 -0.941116 0 87 -0.941116 1
gene 1 22 31 2.64406 0 88 2.64406 1
gene 1 23 28 -0.303497 0 89 -0.303497 1
gene 1 23 29 0.720877 0 90 0.720877 1
gene 1 23 30 1.43028 0 91 1.43028 1
gene 1 23 31 -1.30008 0 92 -1.30008 1
gene 1 24 28 -0.0786354 0 93 -0.0786354 1
gene 1 24 29 -2.66156 0 94 -2.66156 1
gene 1 24 30 0.223389 0 95 0.223389 1
gene 1 24 31 -0.703841 0 96 -0.703841 1
gene 1 25 28 -4.06415 0 97 -4.06415 1
gene 1 25 29 -3.26507 0 98 -3.26507 1
gene 1 25 30 0.518562 0 99 0.518562 1
gene 1 25 31 -0.621144 0 100 -0.621144 1
gene 1 26 28 0.346544 0 101 0.346544 1
gene 1 26 29 0.731235 0 102 0.731235 1
gene 1 26 30 -0.863808 0 103 -0.863808 1
gene 1 26 31 -0.444703 0 104 -0.444703 1
gene 1 27 28 -0.540617 0 105 -0.540617 1
gene 1 27 29 0.543708 0 106 0.543708 1
gene 1 27 30 -1.66589 0 107 -1.66589 1
gene 1 27 31 -1.58854 0 108 -1.58854 1
genomeend 4


