/* Organism #2 Fitness: 16549.666000 Time: 0 */
genomestart 2
trait 1 0.100000 0.849677 0.000000 0.000000 0.283157 0.448135 0.776863 0.000000 
node 1 1 1 1
node 2 1 1 1
node 3 1 1 1
node 4 1 1 1
node 5 1 1 1
node 6 1 1 1
node 7 1 1 1
node 8 1 1 1
node 9 1 1 1
node 10 1 1 1
node 11 1 1 1
node 12 1 1 1
node 13 1 1 1
node 14 1 1 1
node 15 1 1 1
node 16 1 1 1
node 17 1 1 1
node 18 1 1 1
node 19 1 1 1
node 20 1 1 1
node 21 1 1 1
node 22 1 1 1
node 23 1 1 1
node 24 1 1 1
node 25 1 1 1
node 26 1 1 1
node 27 1 1 3
node 28 1 0 2
node 29 1 0 2
node 30 1 0 2
node 31 1 0 2
gene 1 1 28 0.998681 0 1 0.998681 1
gene 1 1 29 0.808088 0 2 0.808088 1
gene 1 1 30 0.839649 0 3 0.839649 1
gene 1 1 31 -1.38944 0 4 -1.38944 1
gene 1 2 28 -0.224915 0 5 -0.224915 1
gene 1 2 29 -0.80444 0 6 -0.80444 1
gene 1 2 30 -2.36639 0 7 -2.36639 1
gene 1 2 31 2.97265 0 8 2.97265 1
gene 1 3 28 -1.92338 0 9 -1.92338 1
gene 1 3 29 2.42497 0 10 2.42497 1
gene 1 3 30 2.67941 0 11 2.67941 1
gene 1 3 31 0.777784 0 12 0.777784 1
gene 1 4 28 2.42221 0 13 2.42221 1
gene 1 4 29 4.31411 0 14 4.31411 1
gene 1 4 30 0.20008 0 15 0.20008 1
gene 1 4 31 1.7824 0 16 1.7824 1
gene 1 5 28 4.62947 0 17 4.62947 1
gene 1 5 29 -0.305339 0 18 -0.305339 1
gene 1 5 30 -1.94313 0 19 -1.94313 1
gene 1 5 31 -0.934761 0 20 -0.934761 1
gene 1 6 28 2.41689 0 21 2.41689 1
gene 1 6 29 0.143724 0 22 0.143724 1
gene 1 6 30 -0.254212 0 23 -0.254212 1
gene 1 6 31 -0.680603 0 24 -0.680603 1
gene 1 7 28 -2.88588 0 25 -2.88588 1
gene 1 7 29 -2.06688 0 26 -2.06688 1
gene 1 7 30 1.39752 0 27 1.39752 1
gene 1 7 31 -4.38255 0 28 -4.38255 1
gene 1 8 28 2.86919 0 29 2.86919 1
gene 1 8 29 1.13718 0 30 1.13718 1
gene 1 8 30 -0.286463 0 31 -0.286463 1
gene 1 8 31 4.75075 0 32 4.75075 1
gene 1 9 28 -2.55912 0 33 -2.55912 1
gene 1 9 29 -1.80711 0 34 -1.80711 1
gene 1 9 30 -1.11294 0 35 -1.11294 1
gene 1 9 31 2.9942 0 36 2.9942 1
gene 1 10 28 -5 0 37 -5 1
gene 1 10 29 -0.665468 0 38 -0.665468 1
gene 1 10 30 -3.29179 0 39 -3.29179 1
gene 1 10 31 0.857839 0 40 0.857839 1
gene 1 11 28 2.07517 0 41 2.07517 1
gene 1 11 29 -2.30324 0 42 -2.30324 1
gene 1 11 30 1.35606 0 43 1.35606 1
gene 1 11 31 -1.20939 0 44 -1.20939 1
gene 1 12 28 4.29983 0 45 4.29983 1
gene 1 12 29 -4.74883 0 46 -4.74883 1
gene 1 12 30 0.493011 0 47 0.493011 1
gene 1 12 31 2.60439 0 48 2.60439 1
gene 1 13 28 -2.0782 0 49 -2.0782 1
gene 1 13 29 -2.14111 0 50 -2.14111 1
gene 1 13 30 1.23108 0 51 1.23108 1
gene 1 13 31 -0.658317 0 52 -0.658317 1
gene 1 14 28 2.66664 0 53 2.66664 1
gene 1 14 29 2.58062 0 54 2.58062 1
gene 1 14 30 0.335728 0 55 0.335728 1
gene 1 14 31 -1.40388 0 56 -1.40388 1
gene 1 15 28 0.970701 0 57 0.970701 1
gene 1 15 29 1.82773 0 58 1.82773 1
gene 1 15 30 0.194917 0 59 0.194917 1
gene 1 15 31 -0.197004 0 60 -0.197004 1
gene 1 16 28 0.879951 0 61 0.879951 1
gene 1 16 29 1.55821 0 62 1.55821 1
gene 1 16 30 0.0964892 0 63 0.0964892 1
gene 1 16 31 2.52568 0 64 2.52568 1
gene 1 17 28 -0.717848 0 65 -0.717848 1
gene 1 17 29 0.387552 0 66 0.387552 1
gene 1 17 30 -1.34326 0 67 -1.34326 1
gene 1 17 31 0.920487 0 68 0.920487 1
gene 1 18 28 4.4998 0 69 4.4998 1
gene 1 18 29 0.540725 0 70 0.540725 1
gene 1 18 30 1.41581 0 71 1.41581 1
gene 1 18 31 0.884566 0 72 0.884566 1
gene 1 19 28 -0.957215 0 73 -0.957215 1
gene 1 19 29 -0.20334 0 74 -0.20334 1
gene 1 19 30 1.51377 0 75 1.51377 1
gene 1 19 31 -0.363719 0 76 -0.363719 1
gene 1 20 28 -0.50037 0 77 -0.50037 1
gene 1 20 29 0.700889 0 78 0.700889 1
gene 1 20 30 -2.62758 0 79 -2.62758 1
gene 1 20 31 0.494928 0 80 0.494928 1
gene 1 21 28 0.116148 0 81 0.116148 1
gene 1 21 29 0.242557 0 82 0.242557 1
gene 1 21 30 -0.516072 0 83 -0.516072 1
gene 1 21 31 -1.66121 0 84 -1.66121 1
gene 1 22 28 2.87474 0 85 2.87474 1
gene 1 22 29 1.09501 0 86 1.09501 1
gene 1 22 30 2.15906 0 87 2.15906 1
gene 1 22 31 -0.92994 0 88 -0.92994 1
gene 1 23 28 -1.48526 0 89 -1.48526 1
gene 1 23 29 -2.34336 0 90 -2.34336 1
gene 1 23 30 2.81092 0 91 2.81092 1
gene 1 23 31 -1.41913 0 92 -1.41913 1
gene 1 24 28 0.463329 0 93 0.463329 1
gene 1 24 29 -2.70112 0 94 -2.70112 1
gene 1 24 30 2.32928 0 95 2.32928 1
gene 1 24 31 -1.71504 0 96 -1.71504 1
gene 1 25 28 5 0 97 5 1
gene 1 25 29 -5 0 98 -5 1
gene 1 25 30 1.56333 0 99 1.56333 1
gene 1 25 31 0.0805488 0 100 0.0805488 1
gene 1 26 28 0.73671 0 101 0.73671 1
gene 1 26 29 -0.383496 0 102 -0.383496 1
gene 1 26 30 -1.1119 0 103 -1.1119 1
gene 1 26 31 -0.0311718 0 104 -0.0311718 1
gene 1 27 28 -4.50327 0 105 -4.50327 1
gene 1 27 29 0.017121 0 106 0.017121 1
gene 1 27 30 -1.99941 0 107 -1.99941 1
gene 1 27 31 -0.629943 0 108 -0.629943 1
genomeend 2


