/* Organism #2 Fitness: 17448.182000 Time: 0 */
genomestart 2
trait 1 0.000000 0.000000 0.000000 0.000000 0.000000 0.462706 0.000000 0.754562 
node 1 1 1 1
node 2 1 1 1
node 3 1 1 1
node 4 1 1 1
node 5 1 1 1
node 6 1 1 1
node 7 1 1 1
node 8 1 1 1
node 9 1 1 1
node 10 1 1 1
node 11 1 1 1
node 12 1 1 1
node 13 1 1 1
node 14 1 1 1
node 15 1 1 1
node 16 1 1 1
node 17 1 1 1
node 18 1 1 1
node 19 1 1 1
node 20 1 1 1
node 21 1 1 1
node 22 1 1 1
node 23 1 1 1
node 24 1 1 1
node 25 1 1 1
node 26 1 1 1
node 27 1 1 3
node 28 1 0 2
node 29 1 0 2
node 30 1 0 2
node 31 1 0 2
gene 1 1 28 -1.35572 0 1 -1.35572 1
gene 1 1 29 -2.53282 0 2 -2.53282 1
gene 1 1 30 2.62091 0 3 2.62091 1
gene 1 1 31 0.84448 0 4 0.84448 1
gene 1 2 28 0.131334 0 5 0.131334 1
gene 1 2 29 0.676267 0 6 0.676267 1
gene 1 2 30 -2.2941 0 7 -2.2941 1
gene 1 2 31 -0.932026 0 8 -0.932026 1
gene 1 3 28 -0.419213 0 9 -0.419213 1
gene 1 3 29 -0.43253 0 10 -0.43253 1
gene 1 3 30 -1.51547 0 11 -1.51547 1
gene 1 3 31 0.981587 0 12 0.981587 1
gene 1 4 28 0.886285 0 13 0.886285 1
gene 1 4 29 -0.851965 0 14 -0.851965 1
gene 1 4 30 -2.24658 0 15 -2.24658 1
gene 1 4 31 2.13151 0 16 2.13151 1
gene 1 5 28 -0.108094 0 17 -0.108094 1
gene 1 5 29 0.734438 0 18 0.734438 1
gene 1 5 30 -0.714741 0 19 -0.714741 1
gene 1 5 31 3.22648 0 20 3.22648 1
gene 1 6 28 -1.86822 0 21 -1.86822 1
gene 1 6 29 0.78825 0 22 0.78825 1
gene 1 6 30 3.93383 0 23 3.93383 1
gene 1 6 31 3.435 0 24 3.435 1
gene 1 7 28 -1.40654 0 25 -1.40654 1
gene 1 7 29 -0.794791 0 26 -0.794791 1
gene 1 7 30 1.24293 0 27 1.24293 1
gene 1 7 31 -1.61406 0 28 -1.61406 1
gene 1 8 28 -3.34197 0 29 -3.34197 1
gene 1 8 29 -0.235448 0 30 -0.235448 1
gene 1 8 30 3.11271 0 31 3.11271 1
gene 1 8 31 -1.77016 0 32 -1.77016 1
gene 1 9 28 4.9785 0 33 4.9785 1
gene 1 9 29 0.130176 0 34 0.130176 1
gene 1 9 30 -1.18846 0 35 -1.18846 1
gene 1 9 31 2.42415 0 36 2.42415 1
gene 1 10 28 0.168398 0 37 0.168398 1
gene 1 10 29 -5 0 38 -5 1
gene 1 10 30 -0.183183 0 39 -0.183183 1
gene 1 10 31 0.131721 0 40 0.131721 1
gene 1 11 28 1.3455 0 41 1.3455 1
gene 1 11 29 -1.89096 0 42 -1.89096 1
gene 1 11 30 -1.11974 0 43 -1.11974 1
gene 1 11 31 -3.7698 0 44 -3.7698 1
gene 1 12 28 0.39759 0 45 0.39759 1
gene 1 12 29 -4.12339 0 46 -4.12339 1
gene 1 12 30 -0.0252267 0 47 -0.0252267 1
gene 1 12 31 1.87976 0 48 1.87976 1
gene 1 13 28 -4.538 0 49 -4.538 1
gene 1 13 29 3.20816 0 50 3.20816 1
gene 1 13 30 -3.14067 0 51 -3.14067 1
gene 1 13 31 -1.68377 0 52 -1.68377 1
gene 1 14 28 -1.32313 0 53 -1.32313 1
gene 1 14 29 5 0 54 5 1
gene 1 14 30 -3.64412 0 55 -3.64412 1
gene 1 14 31 0.698996 0 56 0.698996 1
gene 1 15 28 -4.24581 0 57 -4.24581 1
gene 1 15 29 2.09959 0 58 2.09959 1
gene 1 15 30 -3.86923 0 59 -3.86923 1
gene 1 15 31 3.61521 0 60 3.61521 1
gene 1 16 28 -0.512043 0 61 -0.512043 1
gene 1 16 29 1.8612 0 62 1.8612 1
gene 1 16 30 -1.58901 0 63 -1.58901 1
gene 1 16 31 -0.251727 0 64 -0.251727 1
gene 1 17 28 0.134415 0 65 0.134415 1
gene 1 17 29 -1.57004 0 66 -1.57004 1
gene 1 17 30 -1.54258 0 67 -1.54258 1
gene 1 17 31 4.18407 0 68 4.18407 1
gene 1 18 28 2.7022 0 69 2.7022 1
gene 1 18 29 -0.567346 0 70 -0.567346 1
gene 1 18 30 -3.48521 0 71 -3.48521 1
gene 1 18 31 -2.23073 0 72 -2.23073 1
gene 1 19 28 -4.26895 0 73 -4.26895 1
gene 1 19 29 -0.390672 0 74 -0.390672 1
gene 1 19 30 0.603945 0 75 0.603945 1
gene 1 19 31 3.4047 0 76 3.4047 1
gene 1 20 28 0.270633 0 77 0.270633 1
gene 1 20 29 2.10981 0 78 2.10981 1
gene 1 20 30 -5 0 79 -5 1
gene 1 20 31 -1.07646 0 80 -1.07646 1
gene 1 21 28 4.96731 0 81 4.96731 1
gene 1 21 29 -0.860563 0 82 -0.860563 1
gene 1 21 30 -1.527 0 83 -1.527 1
gene 1 21 31 1.74934 0 84 1.74934 1
gene 1 22 28 -2.23934 0 85 -2.23934 1
gene 1 22 29 -1.46911 0 86 -1.46911 1
gene 1 22 30 -1.40034 0 87 -1.40034 1
gene 1 22 31 0.00291331 0 88 0.00291331 1
gene 1 23 28 1.07498 0 89 1.07498 1
gene 1 23 29 1.1584 0 90 1.1584 1
gene 1 23 30 0.870543 0 91 0.870543 1
gene 1 23 31 -0.0146226 0 92 -0.0146226 1
gene 1 24 28 1.40797 0 93 1.40797 1
gene 1 24 29 0.949154 0 94 0.949154 1
gene 1 24 30 0.367385 0 95 0.367385 1
gene 1 24 31 -0.0525274 0 96 -0.0525274 1
gene 1 25 28 4.85851 0 97 4.85851 1
gene 1 25 29 4.27655 0 98 4.27655 1
gene 1 25 30 -0.0597908 0 99 -0.0597908 1
gene 1 25 31 0.702096 0 100 0.702096 1
gene 1 26 28 -0.300872 0 101 -0.300872 1
gene 1 26 29 -1.03062 0 102 -1.03062 1
gene 1 26 30 -0.734715 0 103 -0.734715 1
gene 1 26 31 -0.401478 0 104 -0.401478 1
gene 1 27 28 0.0441865 0 105 0.0441865 1
gene 1 27 29 -0.193393 0 106 -0.193393 1
gene 1 27 30 -0.70686 0 107 -0.70686 1
gene 1 27 31 -1.49084 0 108 -1.49084 1
genomeend 2


