/* Organism #0 Fitness: 17557.806000 Time: 0 */
genomestart 0
trait 1 0.383496 0.641454 0.840139 0.370974 0.937878 0.183666 0.065789 0.000000 
node 1 1 1 1
node 2 1 1 1
node 3 1 1 1
node 4 1 1 1
node 5 1 1 1
node 6 1 1 1
node 7 1 1 1
node 8 1 1 1
node 9 1 1 1
node 10 1 1 1
node 11 1 1 1
node 12 1 1 1
node 13 1 1 1
node 14 1 1 1
node 15 1 1 1
node 16 1 1 1
node 17 1 1 1
node 18 1 1 1
node 19 1 1 1
node 20 1 1 1
node 21 1 1 1
node 22 1 1 1
node 23 1 1 1
node 24 1 1 1
node 25 1 1 1
node 26 1 1 1
node 27 1 1 3
node 28 1 0 2
node 29 1 0 2
node 30 1 0 2
node 31 1 0 2
gene 1 1 28 -2.03654 0 1 -2.03654 1
gene 1 1 29 -1.7906 0 2 -1.7906 1
gene 1 1 30 1.82474 0 3 1.82474 1
gene 1 1 31 -0.948825 0 4 -0.948825 1
gene 1 2 28 -0.0753087 0 5 -0.0753087 1
gene 1 2 29 3.37535 0 6 3.37535 1
gene 1 2 30 4.43462 0 7 4.43462 1
gene 1 2 31 3.30527 0 8 3.30527 1
gene 1 3 28 2.36523 0 9 2.36523 1
gene 1 3 29 -3.49435 0 10 -3.49435 1
gene 1 3 30 3.95328 0 11 3.95328 1
gene 1 3 31 -0.63881 0 12 -0.63881 1
gene 1 4 28 -1.71917 0 13 -1.71917 1
gene 1 4 29 3.16825 0 14 3.16825 1
gene 1 4 30 1.91079 0 15 1.91079 1
gene 1 4 31 -0.463282 0 16 -0.463282 1
gene 1 5 28 -1.30932 0 17 -1.30932 1
gene 1 5 29 3.13887 0 18 3.13887 1
gene 1 5 30 -0.207745 0 19 -0.207745 1
gene 1 5 31 0.413731 0 20 0.413731 1
gene 1 6 28 0.7742 0 21 0.7742 1
gene 1 6 29 -3.50491 0 22 -3.50491 1
gene 1 6 30 -4.89978 0 23 -4.89978 1
gene 1 6 31 0.974352 0 24 0.974352 1
gene 1 7 28 -2.62439 0 25 -2.62439 1
gene 1 7 29 1.48315 0 26 1.48315 1
gene 1 7 30 -0.11467 0 27 -0.11467 1
gene 1 7 31 1.41429 0 28 1.41429 1
gene 1 8 28 -5 0 29 -5 1
gene 1 8 29 -2.70592 0 30 -2.70592 1
gene 1 8 30 3.91382 0 31 3.91382 1
gene 1 8 31 -1.33942 0 32 -1.33942 1
gene 1 9 28 2.94259 0 33 2.94259 1
gene 1 9 29 -0.835177 0 34 -0.835177 1
gene 1 9 30 2.45568 0 35 2.45568 1
gene 1 9 31 -2.13519 0 36 -2.13519 1
gene 1 10 28 0.742765 0 37 0.742765 1
gene 1 10 29 3.10338 0 38 3.10338 1
gene 1 10 30 3.59964 0 39 3.59964 1
gene 1 10 31 0.791868 0 40 0.791868 1
gene 1 11 28 3.2845 0 41 3.2845 1
gene 1 11 29 0.598025 0 42 0.598025 1
gene 1 11 30 -0.930724 0 43 -0.930724 1
gene 1 11 31 -0.146691 0 44 -0.146691 1
gene 1 12 28 3.64916 0 45 3.64916 1
gene 1 12 29 -2.41174 0 46 -2.41174 1
gene 1 12 30 -4.57144 0 47 -4.57144 1
gene 1 12 31 -3.35654 0 48 -3.35654 1
gene 1 13 28 -5 0 49 -5 1
gene 1 13 29 0.530044 0 50 0.530044 1
gene 1 13 30 -3.23624 0 51 -3.23624 1
gene 1 13 31 2.19149 0 52 2.19149 1
gene 1 14 28 -2.64801 0 53 -2.64801 1
gene 1 14 29 5 0 54 5 1
gene 1 14 30 -1.65792 0 55 -1.65792 1
gene 1 14 31 3.82209 0 56 3.82209 1
gene 1 15 28 -4.33199 0 57 -4.33199 1
gene 1 15 29 1.19112 0 58 1.19112 1
gene 1 15 30 2.05857 0 59 2.05857 1
gene 1 15 31 -3.40123 0 60 -3.40123 1
gene 1 16 28 0.129986 0 61 0.129986 1
gene 1 16 29 0.297344 0 62 0.297344 1
gene 1 16 30 -1.30744 0 63 -1.30744 1
gene 1 16 31 4.55771 0 64 4.55771 1
gene 1 17 28 2.57787 0 65 2.57787 1
gene 1 17 29 1.54922 0 66 1.54922 1
gene 1 17 30 -2.90262 0 67 -2.90262 1
gene 1 17 31 1.44258 0 68 1.44258 1
gene 1 18 28 -4.47004 0 69 -4.47004 1
gene 1 18 29 -1.04119 0 70 -1.04119 1
gene 1 18 30 4.51448 0 71 4.51448 1
gene 1 18 31 3.3013 0 72 3.3013 1
gene 1 19 28 1.29071 0 73 1.29071 1
gene 1 19 29 0.160373 0 74 0.160373 1
gene 1 19 30 -5 0 75 -5 1
gene 1 19 31 0.0983167 0 76 0.0983167 1
gene 1 20 28 -0.70689 0 77 -0.70689 1
gene 1 20 29 -1.33945 0 78 -1.33945 1
gene 1 20 30 -1.65019 0 79 -1.65019 1
gene 1 20 31 2.22634 0 80 2.22634 1
gene 1 21 28 -1.64296 0 81 -1.64296 1
gene 1 21 29 0.107769 0 82 0.107769 1
gene 1 21 30 0.385707 0 83 0.385707 1
gene 1 21 31 -1.54464 0 84 -1.54464 1
gene 1 22 28 2.35398 0 85 2.35398 1
gene 1 22 29 -3.72376 0 86 -3.72376 1
gene 1 22 30 -0.481674 0 87 -0.481674 1
gene 1 22 31 -2.73824 0 88 -2.73824 1
gene 1 23 28 -0.542823 0 89 -0.542823 1
gene 1 23 29 0.428617 0 90 0.428617 1
gene 1 23 30 -0.354822 0 91 -0.354822 1
gene 1 23 31 -0.0572392 0 92 -0.0572392 1
gene 1 24 28 -1.19078 0 93 -1.19078 1
gene 1 24 29 0.1634 0 94 0.1634 1
gene 1 24 30 0.2461 0 95 0.2461 1
gene 1 24 31 -0.0463414 0 96 -0.0463414 1
gene 1 25 28 5 0 97 5 1
gene 1 25 29 3.86881 0 98 3.86881 1
gene 1 25 30 -0.182951 0 99 -0.182951 1
gene 1 25 31 -2.53754 0 100 -2.53754 1
gene 1 26 28 0.244503 0 101 0.244503 1
gene 1 26 29 -0.324979 0 102 -0.324979 1
gene 1 26 30 -3.40749 0 103 -3.40749 1
gene 1 26 31 -1.1531 0 104 -1.1531 1
gene 1 27 28 -0.854511 0 105 -0.854511 1
gene 1 27 29 -0.825848 0 106 -0.825848 1
gene 1 27 30 -1.38415 0 107 -1.38415 1
gene 1 27 31 -3.73519 0 108 -3.73519 1
genomeend 0


