/* Organism #1 Fitness: 17417.376000 Time: 0 */
genomestart 1
trait 1 0.106614 0.313393 0.216579 0.051597 0.000000 0.000000 0.000000 0.067341 
node 1 1 1 1
node 2 1 1 1
node 3 1 1 1
node 4 1 1 1
node 5 1 1 1
node 6 1 1 1
node 7 1 1 1
node 8 1 1 1
node 9 1 1 1
node 10 1 1 1
node 11 1 1 1
node 12 1 1 1
node 13 1 1 1
node 14 1 1 1
node 15 1 1 1
node 16 1 1 1
node 17 1 1 1
node 18 1 1 1
node 19 1 1 1
node 20 1 1 1
node 21 1 1 1
node 22 1 1 1
node 23 1 1 1
node 24 1 1 1
node 25 1 1 1
node 26 1 1 1
node 27 1 1 3
node 28 1 0 2
node 29 1 0 2
node 30 1 0 2
node 31 1 0 2
gene 1 1 28 -0.512202 0 1 -0.512202 1
gene 1 1 29 -0.533691 0 2 -0.533691 1
gene 1 1 30 -1.18026 0 3 -1.18026 1
gene 1 1 31 -0.064832 0 4 -0.064832 1
gene 1 2 28 -1.09824 0 5 -1.09824 1
gene 1 2 29 2.95077 0 6 2.95077 1
gene 1 2 30 1.23426 0 7 1.23426 1
gene 1 2 31 -1.19844 0 8 -1.19844 1
gene 1 3 28 2.86864 0 9 2.86864 1
gene 1 3 29 -0.176829 0 10 -0.176829 1
gene 1 3 30 -3.75841 0 11 -3.75841 1
gene 1 3 31 -0.629702 0 12 -0.629702 1
gene 1 4 28 0.856869 0 13 0.856869 1
gene 1 4 29 2.73481 0 14 2.73481 1
gene 1 4 30 3.54205 0 15 3.54205 1
gene 1 4 31 1.80707 0 16 1.80707 1
gene 1 5 28 -0.304431 0 17 -0.304431 1
gene 1 5 29 1.11033 0 18 1.11033 1
gene 1 5 30 0.117749 0 19 0.117749 1
gene 1 5 31 1.56653 0 20 1.56653 1
gene 1 6 28 0.212834 0 21 0.212834 1
gene 1 6 29 1.88156 0 22 1.88156 1
gene 1 6 30 -3.00425 0 23 -3.00425 1
gene 1 6 31 -2.70468 0 24 -2.70468 1
gene 1 7 28 -2.91573 0 25 -2.91573 1
gene 1 7 29 1.48069 0 26 1.48069 1
gene 1 7 30 2.40893 0 27 2.40893 1
gene 1 7 31 -3.23655 0 28 -3.23655 1
gene 1 8 28 3.10153 0 29 3.10153 1
gene 1 8 29 -3.36111 0 30 -3.36111 1
gene 1 8 30 -0.0667064 0 31 -0.0667064 1
gene 1 8 31 -1.50866 0 32 -1.50866 1
gene 1 9 28 -3.07461 0 33 -3.07461 1
gene 1 9 29 1.21836 0 34 1.21836 1
gene 1 9 30 -5 0 35 -5 1
gene 1 9 31 -2.54805 0 36 -2.54805 1
gene 1 10 28 -1.5872 0 37 -1.5872 1
gene 1 10 29 2.08225 0 38 2.08225 1
gene 1 10 30 -1.78631 0 39 -1.78631 1
gene 1 10 31 1.5727 0 40 1.5727 1
gene 1 11 28 -2.9527 0 41 -2.9527 1
gene 1 11 29 -1.00137 0 42 -1.00137 1
gene 1 11 30 -3.52748 0 43 -3.52748 1
gene 1 11 31 -2.83887 0 44 -2.83887 1
gene 1 12 28 1.11347 0 45 1.11347 1
gene 1 12 29 -0.577178 0 46 -0.577178 1
gene 1 12 30 -2.01793 0 47 -2.01793 1
gene 1 12 31 -0.745049 0 48 -0.745049 1
gene 1 13 28 -1.39291 0 49 -1.39291 1
gene 1 13 29 -2.89633 0 50 -2.89633 1
gene 1 13 30 -2.23283 0 51 -2.23283 1
gene 1 13 31 -3.09178 0 52 -3.09178 1
gene 1 14 28 0.921586 0 53 0.921586 1
gene 1 14 29 -0.0481971 0 54 -0.0481971 1
gene 1 14 30 -2.57398 0 55 -2.57398 1
gene 1 14 31 -0.691749 0 56 -0.691749 1
gene 1 15 28 2.72175 0 57 2.72175 1
gene 1 15 29 -2.56983 0 58 -2.56983 1
gene 1 15 30 1.83602 0 59 1.83602 1
gene 1 15 31 -1.47725 0 60 -1.47725 1
gene 1 16 28 4.81971 0 61 4.81971 1
gene 1 16 29 -3.75126 0 62 -3.75126 1
gene 1 16 30 0.991092 0 63 0.991092 1
gene 1 16 31 3.64189 0 64 3.64189 1
gene 1 17 28 0.729958 0 65 0.729958 1
gene 1 17 29 1.17361 0 66 1.17361 1
gene 1 17 30 0.173369 0 67 0.173369 1
gene 1 17 31 0.373512 0 68 0.373512 1
gene 1 18 28 3.09913 0 69 3.09913 1
gene 1 18 29 3.73498 0 70 3.73498 1
gene 1 18 30 -0.795576 0 71 -0.795576 1
gene 1 18 31 -0.278681 0 72 -0.278681 1
gene 1 19 28 -2.08742 0 73 -2.08742 1
gene 1 19 29 -0.328053 0 74 -0.328053 1
gene 1 19 30 -2.47362 0 75 -2.47362 1
gene 1 19 31 -1.11907 0 76 -1.11907 1
gene 1 20 28 -1.2333 0 77 -1.2333 1
gene 1 20 29 3.27724 0 78 3.27724 1
gene 1 20 30 -2.0784 0 79 -2.0784 1
gene 1 20 31 -0.0233151 0 80 -0.0233151 1
gene 1 21 28 1.58598 0 81 1.58598 1
gene 1 21 29 -2.30595 0 82 -2.30595 1
gene 1 21 30 -0.532112 0 83 -0.532112 1
gene 1 21 31 -3.31443 0 84 -3.31443 1
gene 1 22 28 0.436506 0 85 0.436506 1
gene 1 22 29 -1.46246 0 86 -1.46246 1
gene 1 22 30 0.567378 0 87 0.567378 1
gene 1 22 31 -1.33713 0 88 -1.33713 1
gene 1 23 28 1.03835 0 89 1.03835 1
gene 1 23 29 0.325456 0 90 0.325456 1
gene 1 23 30 0.893014 0 91 0.893014 1
gene 1 23 31 0.341384 0 92 0.341384 1
gene 1 24 28 0.0729557 0 93 0.0729557 1
gene 1 24 29 -2.09045 0 94 -2.09045 1
gene 1 24 30 0.0225818 0 95 0.0225818 1
gene 1 24 31 -0.79997 0 96 -0.79997 1
gene 1 25 28 -2.58662 0 97 -2.58662 1
gene 1 25 29 -2.66659 0 98 -2.66659 1
gene 1 25 30 0.950868 0 99 0.950868 1
gene 1 25 31 -0.751085 0 100 -0.751085 1
gene 1 26 28 1.65819 0 101 1.65819 1
gene 1 26 29 0.812504 0 102 0.812504 1
gene 1 26 30 -0.143216 0 103 -0.143216 1
gene 1 26 31 2.88919 0 104 2.88919 1
gene 1 27 28 0.0359936 0 105 0.0359936 1
gene 1 27 29 -0.416095 0 106 -0.416095 1
gene 1 27 30 -0.0421923 0 107 -0.0421923 1
gene 1 27 31 -2.60174 0 108 -2.60174 1
genomeend 1


