/* Organism #0 Fitness: 14742.086000 Time: 0 */
genomestart 0
trait 1 0.000000 0.000000 0.800556 0.294424 0.700996 0.000000 0.000000 0.000000 
node 1 1 1 1
node 2 1 1 1
node 3 1 1 1
node 4 1 1 1
node 5 1 1 1
node 6 1 1 1
node 7 1 1 1
node 8 1 1 1
node 9 1 1 1
node 10 1 1 1
node 11 1 1 1
node 12 1 1 1
node 13 1 1 1
node 14 1 1 1
node 15 1 1 1
node 16 1 1 1
node 17 1 1 1
node 18 1 1 1
node 19 1 1 1
node 20 1 1 1
node 21 1 1 1
node 22 1 1 1
node 23 1 1 1
node 24 1 1 1
node 25 1 1 1
node 26 1 1 1
node 27 1 1 1
node 28 1 1 1
node 29 1 1 1
node 30 1 1 3
node 31 1 0 2
node 32 1 0 2
node 33 1 0 2
gene 1 1 31 -3.55629 0 1 -3.55629 1
gene 1 1 32 -0.114259 0 2 -0.114259 1
gene 1 1 33 0.827834 0 3 0.827834 1
gene 1 2 31 -0.802748 0 4 -0.802748 1
gene 1 2 32 3.74739 0 5 3.74739 1
gene 1 2 33 0.640198 0 6 0.640198 1
gene 1 3 31 -1.66847 0 7 -1.66847 1
gene 1 3 32 3.60143 0 8 3.60143 1
gene 1 3 33 -1.96085 0 9 -1.96085 1
gene 1 4 31 1.18547 0 10 1.18547 1
gene 1 4 32 3.71983 0 11 3.71983 1
gene 1 4 33 0.0237751 0 12 0.0237751 1
gene 1 5 31 0.904413 0 13 0.904413 1
gene 1 5 32 1.86054 0 14 1.86054 1
gene 1 5 33 0.0885022 0 15 0.0885022 1
gene 1 6 31 2.14088 0 16 2.14088 1
gene 1 6 32 -0.686095 0 17 -0.686095 1
gene 1 6 33 0.123237 0 18 0.123237 1
gene 1 7 31 4.5735 0 19 4.5735 1
gene 1 7 32 -3.52284 0 20 -3.52284 1
gene 1 7 33 4.36316 0 21 4.36316 1
gene 1 8 31 -0.119301 0 22 -0.119301 1
gene 1 8 32 -2.67113 0 23 -2.67113 1
gene 1 8 33 0.600474 0 24 0.600474 1
gene 1 9 31 1.35034 0 25 1.35034 1
gene 1 9 32 -0.303253 0 26 -0.303253 1
gene 1 9 33 -0.952913 0 27 -0.952913 1
gene 1 10 31 0.467085 0 28 0.467085 1
gene 1 10 32 2.48539 0 29 2.48539 1
gene 1 10 33 0.245787 0 30 0.245787 1
gene 1 11 31 5 0 31 5 1
gene 1 11 32 -0.389263 0 32 -0.389263 1
gene 1 11 33 -2.29408 0 33 -2.29408 1
gene 1 12 31 0.45958 0 34 0.45958 1
gene 1 12 32 1.29546 0 35 1.29546 1
gene 1 12 33 1.05477 0 36 1.05477 1
gene 1 13 31 -1.18783 0 37 -1.18783 1
gene 1 13 32 -1.669 0 38 -1.669 1
gene 1 13 33 0.972915 0 39 0.972915 1
gene 1 14 31 0.917118 0 40 0.917118 1
gene 1 14 32 -1.29839 0 41 -1.29839 1
gene 1 14 33 -0.837755 0 42 -0.837755 1
gene 1 15 31 -1.03411 0 43 -1.03411 1
gene 1 15 32 -1.18499 0 44 -1.18499 1
gene 1 15 33 -2.22572 0 45 -2.22572 1
gene 1 16 31 -0.197801 0 46 -0.197801 1
gene 1 16 32 -3.11687 0 47 -3.11687 1
gene 1 16 33 -2.00246 0 48 -2.00246 1
gene 1 17 31 0.183261 0 49 0.183261 1
gene 1 17 32 1.34079 0 50 1.34079 1
gene 1 17 33 4.51976 0 51 4.51976 1
gene 1 18 31 5 0 52 5 1
gene 1 18 32 -1.01878 0 53 -1.01878 1
gene 1 18 33 0.253138 0 54 0.253138 1
gene 1 19 31 -0.319106 0 55 -0.319106 1
gene 1 19 32 -0.176277 0 56 -0.176277 1
gene 1 19 33 1.23177 0 57 1.23177 1
gene 1 20 31 1.34185 0 58 1.34185 1
gene 1 20 32 -0.922092 0 59 -0.922092 1
gene 1 20 33 0.486687 0 60 0.486687 1
gene 1 21 31 0.800874 0 61 0.800874 1
gene 1 21 32 -0.893367 0 62 -0.893367 1
gene 1 21 33 0.181818 0 63 0.181818 1
gene 1 22 31 1.97488 0 64 1.97488 1
gene 1 22 32 0.632547 0 65 0.632547 1
gene 1 22 33 -0.209853 0 66 -0.209853 1
gene 1 23 31 1.16177 0 67 1.16177 1
gene 1 23 32 0.703323 0 68 0.703323 1
gene 1 23 33 1.39307 0 69 1.39307 1
gene 1 24 31 -0.498131 0 70 -0.498131 1
gene 1 24 32 0.698451 0 71 0.698451 1
gene 1 24 33 -1.0812 0 72 -1.0812 1
gene 1 25 31 -0.714356 0 73 -0.714356 1
gene 1 25 32 1.47441 0 74 1.47441 1
gene 1 25 33 0.0337283 0 75 0.0337283 1
gene 1 26 31 0.621214 0 76 0.621214 1
gene 1 26 32 0.145378 0 77 0.145378 1
gene 1 26 33 -0.732942 0 78 -0.732942 1
gene 1 27 31 -0.915504 0 79 -0.915504 1
gene 1 27 32 -1.83151 0 80 -1.83151 1
gene 1 27 33 -0.0848054 0 81 -0.0848054 1
gene 1 28 31 0.810411 0 82 0.810411 1
gene 1 28 32 1.06689 0 83 1.06689 1
gene 1 28 33 -0.596008 0 84 -0.596008 1
gene 1 29 31 0.703508 0 85 0.703508 1
gene 1 29 32 -1.0009 0 86 -1.0009 1
gene 1 29 33 -0.929792 0 87 -0.929792 1
gene 1 30 31 -5 0 88 -5 1
gene 1 30 32 -5 0 89 -5 1
gene 1 30 33 -0.93612 0 90 -0.93612 1
genomeend 0


