/* Organism #44 Fitness: 14369.896000 Time: 0 */
genomestart 44
trait 1 0.891004 0.000000 0.893519 0.763893 0.134545 0.811427 0.871983 0.000000 
node 1 1 1 1
node 2 1 1 1
node 3 1 1 1
node 4 1 1 1
node 5 1 1 1
node 6 1 1 1
node 7 1 1 1
node 8 1 1 1
node 9 1 1 1
node 10 1 1 1
node 11 1 1 1
node 12 1 1 1
node 13 1 1 1
node 14 1 1 1
node 15 1 1 1
node 16 1 1 1
node 17 1 1 1
node 18 1 1 1
node 19 1 1 1
node 20 1 1 1
node 21 1 1 1
node 22 1 1 1
node 23 1 1 1
node 24 1 1 1
node 25 1 1 1
node 26 1 1 1
node 27 1 1 1
node 28 1 1 1
node 29 1 1 1
node 30 1 1 3
node 31 1 0 2
node 32 1 0 2
node 33 1 0 2
gene 1 1 31 2.54793 0 1 2.54793 1
gene 1 1 32 -2.75292 0 2 -2.75292 1
gene 1 1 33 -4.48784 0 3 -4.48784 1
gene 1 2 31 1.5526 0 4 1.5526 1
gene 1 2 32 4.39583 0 5 4.39583 1
gene 1 2 33 -3.20062 0 6 -3.20062 1
gene 1 3 31 -5 0 7 -5 1
gene 1 3 32 2.62185 0 8 2.62185 1
gene 1 3 33 2.47146 0 9 2.47146 1
gene 1 4 31 0.678589 0 10 0.678589 1
gene 1 4 32 1.05169 0 11 1.05169 1
gene 1 4 33 0.131801 0 12 0.131801 1
gene 1 5 31 -2.1279 0 13 -2.1279 1
gene 1 5 32 1.82197 0 14 1.82197 1
gene 1 5 33 -1.26978 0 15 -1.26978 1
gene 1 6 31 -0.416964 0 16 -0.416964 1
gene 1 6 32 1.13621 0 17 1.13621 1
gene 1 6 33 -2.09411 0 18 -2.09411 1
gene 1 7 31 -1.22898 0 19 -1.22898 1
gene 1 7 32 0.216566 0 20 0.216566 1
gene 1 7 33 -0.26145 0 21 -0.26145 1
gene 1 8 31 0.897131 0 22 0.897131 1
gene 1 8 32 -2.79696 0 23 -2.79696 1
gene 1 8 33 1.34446 0 24 1.34446 1
gene 1 9 31 -0.404351 0 25 -0.404351 1
gene 1 9 32 -1.02402 0 26 -1.02402 1
gene 1 9 33 3.22171 0 27 3.22171 1
gene 1 10 31 2.92497 0 28 2.92497 1
gene 1 10 32 -1.1429 0 29 -1.1429 1
gene 1 10 33 2.52423 0 30 2.52423 1
gene 1 11 31 1.19555 0 31 1.19555 1
gene 1 11 32 0.206353 0 32 0.206353 1
gene 1 11 33 2.13922 0 33 2.13922 1
gene 1 12 31 -0.627998 0 34 -0.627998 1
gene 1 12 32 -0.974897 0 35 -0.974897 1
gene 1 12 33 0.358518 0 36 0.358518 1
gene 1 13 31 0.682259 0 37 0.682259 1
gene 1 13 32 0.945858 0 38 0.945858 1
gene 1 13 33 1.19329 0 39 1.19329 1
gene 1 14 31 2.61995 0 40 2.61995 1
gene 1 14 32 -1.69425 0 41 -1.69425 1
gene 1 14 33 0.827784 0 42 0.827784 1
gene 1 15 31 0.0466357 0 43 0.0466357 1
gene 1 15 32 -2.99203 0 44 -2.99203 1
gene 1 15 33 -1.70531 0 45 -1.70531 1
gene 1 16 31 2.43065 0 46 2.43065 1
gene 1 16 32 3.78515 0 47 3.78515 1
gene 1 16 33 -0.786246 0 48 -0.786246 1
gene 1 17 31 -4.67325 0 49 -4.67325 1
gene 1 17 32 1.60187 0 50 1.60187 1
gene 1 17 33 2.2408 0 51 2.2408 1
gene 1 18 31 -2.02563 0 52 -2.02563 1
gene 1 18 32 4.4538 0 53 4.4538 1
gene 1 18 33 -4.59188 0 54 -4.59188 1
gene 1 19 31 -0.849744 0 55 -0.849744 1
gene 1 19 32 0.201573 0 56 0.201573 1
gene 1 19 33 -2.38069 0 57 -2.38069 1
gene 1 20 31 -3.15335 0 58 -3.15335 1
gene 1 20 32 -0.608471 0 59 -0.608471 1
gene 1 20 33 -2.94007 0 60 -2.94007 1
gene 1 21 31 4.70272 0 61 4.70272 1
gene 1 21 32 1.96208 0 62 1.96208 1
gene 1 21 33 0.712579 0 63 0.712579 1
gene 1 22 31 1.51686 0 64 1.51686 1
gene 1 22 32 -2.52077 0 65 -2.52077 1
gene 1 22 33 -1.8853 0 66 -1.8853 1
gene 1 23 31 -1.99299 0 67 -1.99299 1
gene 1 23 32 -1.8449 0 68 -1.8449 1
gene 1 23 33 -1.76602 0 69 -1.76602 1
gene 1 24 31 -1.98912 0 70 -1.98912 1
gene 1 24 32 2.13469 0 71 2.13469 1
gene 1 24 33 4.24744 0 72 4.24744 1
gene 1 25 31 -2.41168 0 73 -2.41168 1
gene 1 25 32 -0.583648 0 74 -0.583648 1
gene 1 25 33 0.616017 0 75 0.616017 1
gene 1 26 31 -0.00937288 0 76 -0.00937288 1
gene 1 26 32 0.82971 0 77 0.82971 1
gene 1 26 33 2.77049 0 78 2.77049 1
gene 1 27 31 -0.0791559 0 79 -0.0791559 1
gene 1 27 32 0.764316 0 80 0.764316 1
gene 1 27 33 -1.08618 0 81 -1.08618 1
gene 1 28 31 1.29436 0 82 1.29436 1
gene 1 28 32 -0.881523 0 83 -0.881523 1
gene 1 28 33 0.608038 0 84 0.608038 1
gene 1 29 31 -0.226347 0 85 -0.226347 1
gene 1 29 32 -0.627489 0 86 -0.627489 1
gene 1 29 33 -0.259889 0 87 -0.259889 1
gene 1 30 31 -0.0764435 0 88 -0.0764435 1
gene 1 30 32 -5 0 89 -5 1
gene 1 30 33 0.478911 0 90 0.478911 1
genomeend 44


