/* Organism #18 Fitness: 19697.908000 Time: 0 */
genomestart 18
trait 1 0.219418 0.000000 1.000000 0.735992 0.459259 0.395719 1.000000 0.000000 
node 1 1 1 1
node 2 1 1 1
node 3 1 1 1
node 4 1 1 1
node 5 1 1 1
node 6 1 1 1
node 7 1 1 1
node 8 1 1 1
node 9 1 1 1
node 10 1 1 1
node 11 1 1 1
node 12 1 1 1
node 13 1 1 1
node 14 1 1 1
node 15 1 1 1
node 16 1 1 1
node 17 1 1 1
node 18 1 1 1
node 19 1 1 1
node 20 1 1 1
node 21 1 1 1
node 22 1 1 1
node 23 1 1 1
node 24 1 1 1
node 25 1 1 1
node 26 1 1 1
node 27 1 1 3
node 28 1 0 2
node 29 1 0 2
node 30 1 0 2
node 31 1 0 2
gene 1 1 28 1.92667 0 1 1.92667 1
gene 1 1 29 -0.864081 0 2 -0.864081 1
gene 1 1 30 -5 0 3 -5 1
gene 1 1 31 3.7208 0 4 3.7208 1
gene 1 2 28 -0.393099 0 5 -0.393099 1
gene 1 2 29 0.154456 0 6 0.154456 1
gene 1 2 30 1.45319 0 7 1.45319 1
gene 1 2 31 -1.1965 0 8 -1.1965 1
gene 1 3 28 0.783613 0 9 0.783613 1
gene 1 3 29 4.06307 0 10 4.06307 1
gene 1 3 30 0.882187 0 11 0.882187 1
gene 1 3 31 -1.21995 0 12 -1.21995 1
gene 1 4 28 -2.51961 0 13 -2.51961 1
gene 1 4 29 2.3661 0 14 2.3661 1
gene 1 4 30 -1.94427 0 15 -1.94427 1
gene 1 4 31 -0.354484 0 16 -0.354484 1
gene 1 5 28 1.60586 0 17 1.60586 1
gene 1 5 29 -0.277867 0 18 -0.277867 1
gene 1 5 30 -4.54957 0 19 -4.54957 1
gene 1 5 31 -4.37666 0 20 -4.37666 1
gene 1 6 28 0.526114 0 21 0.526114 1
gene 1 6 29 -1.62842 0 22 -1.62842 1
gene 1 6 30 2.29527 0 23 2.29527 1
gene 1 6 31 -1.12984 0 24 -1.12984 1
gene 1 7 28 0.669967 0 25 0.669967 1
gene 1 7 29 4.84342 0 26 4.84342 1
gene 1 7 30 0.823438 0 27 0.823438 1
gene 1 7 31 -1.66219 0 28 -1.66219 1
gene 1 8 28 -0.295001 0 29 -0.295001 1
gene 1 8 29 2.57761 0 30 2.57761 1
gene 1 8 30 -5 0 31 -5 1
gene 1 8 31 -2.17368 0 32 -2.17368 1
gene 1 9 28 -1.56542 0 33 -1.56542 1
gene 1 9 29 4.48445 0 34 4.48445 1
gene 1 9 30 0.469898 0 35 0.469898 1
gene 1 9 31 -0.80334 0 36 -0.80334 1
gene 1 10 28 1.52681 0 37 1.52681 1
gene 1 10 29 2.24428 0 38 2.24428 1
gene 1 10 30 -0.652684 0 39 -0.652684 1
gene 1 10 31 -2.43033 0 40 -2.43033 1
gene 1 11 28 4.27663 0 41 4.27663 1
gene 1 11 29 -4.01016 0 42 -4.01016 1
gene 1 11 30 -1.66317 0 43 -1.66317 1
gene 1 11 31 4.81843 0 44 4.81843 1
gene 1 12 28 1.99822 0 45 1.99822 1
gene 1 12 29 -1.84023 0 46 -1.84023 1
gene 1 12 30 1.41086 0 47 1.41086 1
gene 1 12 31 -1.56109 0 48 -1.56109 1
gene 1 13 28 -5 0 49 -5 1
gene 1 13 29 1.12251 0 50 1.12251 1
gene 1 13 30 -3.786 0 51 -3.786 1
gene 1 13 31 0.274817 0 52 0.274817 1
gene 1 14 28 2.00016 0 53 2.00016 1
gene 1 14 29 -0.479298 0 54 -0.479298 1
gene 1 14 30 1.87151 0 55 1.87151 1
gene 1 14 31 -4.71353 0 56 -4.71353 1
gene 1 15 28 -0.263426 0 57 -0.263426 1
gene 1 15 29 0.0780826 0 58 0.0780826 1
gene 1 15 30 1.86077 0 59 1.86077 1
gene 1 15 31 -0.241077 0 60 -0.241077 1
gene 1 16 28 -1.6043 0 61 -1.6043 1
gene 1 16 29 3.46908 0 62 3.46908 1
gene 1 16 30 -3.09067 0 63 -3.09067 1
gene 1 16 31 -4.54891 0 64 -4.54891 1
gene 1 17 28 -2.05553 0 65 -2.05553 1
gene 1 17 29 5 0 66 5 1
gene 1 17 30 -0.443626 0 67 -0.443626 1
gene 1 17 31 0.879309 0 68 0.879309 1
gene 1 18 28 0.915804 0 69 0.915804 1
gene 1 18 29 0.785272 0 70 0.785272 1
gene 1 18 30 -0.267235 0 71 -0.267235 1
gene 1 18 31 4.99752 0 72 4.99752 1
gene 1 19 28 -1.46307 0 73 -1.46307 1
gene 1 19 29 3.9902 0 74 3.9902 1
gene 1 19 30 2.29764 0 75 2.29764 1
gene 1 19 31 0.0250687 0 76 0.0250687 1
gene 1 20 28 1.48953 0 77 1.48953 1
gene 1 20 29 -4.40362 0 78 -4.40362 1
gene 1 20 30 -0.502466 0 79 -0.502466 1
gene 1 20 31 -4.18423 0 80 -4.18423 1
gene 1 21 28 -0.661059 0 81 -0.661059 1
gene 1 21 29 -1.04677 0 82 -1.04677 1
gene 1 21 30 0.851958 0 83 0.851958 1
gene 1 21 31 -1.17184 0 84 -1.17184 1
gene 1 22 28 3.11718 0 85 3.11718 1
gene 1 22 29 -2.75041 0 86 -2.75041 1
gene 1 22 30 3.4448 0 87 3.4448 1
gene 1 22 31 -1.20692 0 88 -1.20692 1
gene 1 23 28 0.435241 0 89 0.435241 1
gene 1 23 29 1.08395 0 90 1.08395 1
gene 1 23 30 -0.185627 0 91 -0.185627 1
gene 1 23 31 -2.87823 0 92 -2.87823 1
gene 1 24 28 -0.471593 0 93 -0.471593 1
gene 1 24 29 0.459024 0 94 0.459024 1
gene 1 24 30 0.205612 0 95 0.205612 1
gene 1 24 31 0.459602 0 96 0.459602 1
gene 1 25 28 -0.713988 0 97 -0.713988 1
gene 1 25 29 -2.27544 0 98 -2.27544 1
gene 1 25 30 -0.882977 0 99 -0.882977 1
gene 1 25 31 -2.08868 0 100 -2.08868 1
gene 1 26 28 -0.300292 0 101 -0.300292 1
gene 1 26 29 1.46482 0 102 1.46482 1
gene 1 26 30 2.20348 0 103 2.20348 1
gene 1 26 31 0.696096 0 104 0.696096 1
gene 1 27 28 5 0 105 5 1
gene 1 27 29 1.09996 0 106 1.09996 1
gene 1 27 30 -0.505984 0 107 -0.505984 1
gene 1 27 31 -0.120085 0 108 -0.120085 1
genomeend 18


