/* Organism #4 Fitness: 20372.974000 Time: 0 */
genomestart 4
trait 1 1.000000 0.506345 0.719500 0.000000 0.000000 0.000000 0.000000 0.000000 
node 1 1 1 1
node 2 1 1 1
node 3 1 1 1
node 4 1 1 1
node 5 1 1 1
node 6 1 1 1
node 7 1 1 1
node 8 1 1 1
node 9 1 1 1
node 10 1 1 1
node 11 1 1 1
node 12 1 1 1
node 13 1 1 1
node 14 1 1 1
node 15 1 1 1
node 16 1 1 1
node 17 1 1 1
node 18 1 1 1
node 19 1 1 1
node 20 1 1 1
node 21 1 1 1
node 22 1 1 1
node 23 1 1 1
node 24 1 1 1
node 25 1 1 1
node 26 1 1 1
node 27 1 1 3
node 28 1 0 2
node 29 1 0 2
node 30 1 0 2
node 31 1 0 2
gene 1 1 28 -1.1736 0 1 -1.1736 1
gene 1 1 29 3.57062 0 2 3.57062 1
gene 1 1 30 -2.47134 0 3 -2.47134 1
gene 1 1 31 -1.98219 0 4 -1.98219 1
gene 1 2 28 0.0180788 0 5 0.0180788 1
gene 1 2 29 4.64285 0 6 4.64285 1
gene 1 2 30 0.266779 0 7 0.266779 1
gene 1 2 31 -4.48477 0 8 -4.48477 1
gene 1 3 28 2.93515 0 9 2.93515 1
gene 1 3 29 3.35917 0 10 3.35917 1
gene 1 3 30 -1.34791 0 11 -1.34791 1
gene 1 3 31 1.40507 0 12 1.40507 1
gene 1 4 28 0.910837 0 13 0.910837 1
gene 1 4 29 1.20373 0 14 1.20373 1
gene 1 4 30 3.13717 0 15 3.13717 1
gene 1 4 31 -1.67266 0 16 -1.67266 1
gene 1 5 28 0.13297 0 17 0.13297 1
gene 1 5 29 2.96974 0 18 2.96974 1
gene 1 5 30 0.174069 0 19 0.174069 1
gene 1 5 31 -2.07258 0 20 -2.07258 1
gene 1 6 28 3.73536 0 21 3.73536 1
gene 1 6 29 -4.27913 0 22 -4.27913 1
gene 1 6 30 -3.44816 0 23 -3.44816 1
gene 1 6 31 -0.608602 0 24 -0.608602 1
gene 1 7 28 1.02346 0 25 1.02346 1
gene 1 7 29 0.39627 0 26 0.39627 1
gene 1 7 30 0.470778 0 27 0.470778 1
gene 1 7 31 -3.2274 0 28 -3.2274 1
gene 1 8 28 -0.93873 0 29 -0.93873 1
gene 1 8 29 1.80713 0 30 1.80713 1
gene 1 8 30 -0.686257 0 31 -0.686257 1
gene 1 8 31 -4.05988 0 32 -4.05988 1
gene 1 9 28 2.46547 0 33 2.46547 1
gene 1 9 29 1.14959 0 34 1.14959 1
gene 1 9 30 -1.84543 0 35 -1.84543 1
gene 1 9 31 0.794965 0 36 0.794965 1
gene 1 10 28 -1.92376 0 37 -1.92376 1
gene 1 10 29 -0.895614 0 38 -0.895614 1
gene 1 10 30 -5 0 39 -5 1
gene 1 10 31 -0.0864403 0 40 -0.0864403 1
gene 1 11 28 -1.04817 0 41 -1.04817 1
gene 1 11 29 1.601 0 42 1.601 1
gene 1 11 30 -2.15113 0 43 -2.15113 1
gene 1 11 31 1.01487 0 44 1.01487 1
gene 1 12 28 -2.69674 0 45 -2.69674 1
gene 1 12 29 1.51613 0 46 1.51613 1
gene 1 12 30 -1.81591 0 47 -1.81591 1
gene 1 12 31 -0.999367 0 48 -0.999367 1
gene 1 13 28 -1.52659 0 49 -1.52659 1
gene 1 13 29 -0.166559 0 50 -0.166559 1
gene 1 13 30 -2.32609 0 51 -2.32609 1
gene 1 13 31 -1.0328 0 52 -1.0328 1
gene 1 14 28 3.42255 0 53 3.42255 1
gene 1 14 29 -1.23671 0 54 -1.23671 1
gene 1 14 30 2.62892 0 55 2.62892 1
gene 1 14 31 -0.0425085 0 56 -0.0425085 1
gene 1 15 28 -1.91856 0 57 -1.91856 1
gene 1 15 29 1.79895 0 58 1.79895 1
gene 1 15 30 -3.88359 0 59 -3.88359 1
gene 1 15 31 -0.490171 0 60 -0.490171 1
gene 1 16 28 0.953516 0 61 0.953516 1
gene 1 16 29 -1.98042 0 62 -1.98042 1
gene 1 16 30 0.918516 0 63 0.918516 1
gene 1 16 31 -2.84624 0 64 -2.84624 1
gene 1 17 28 0.959901 0 65 0.959901 1
gene 1 17 29 3.75113 0 66 3.75113 1
gene 1 17 30 -2.70852 0 67 -2.70852 1
gene 1 17 31 -0.444539 0 68 -0.444539 1
gene 1 18 28 1.82044 0 69 1.82044 1
gene 1 18 29 -0.177366 0 70 -0.177366 1
gene 1 18 30 -0.496001 0 71 -0.496001 1
gene 1 18 31 -1.25382 0 72 -1.25382 1
gene 1 19 28 2.97915 0 73 2.97915 1
gene 1 19 29 5 0 74 5 1
gene 1 19 30 2.29227 0 75 2.29227 1
gene 1 19 31 0.183452 0 76 0.183452 1
gene 1 20 28 -3.88381 0 77 -3.88381 1
gene 1 20 29 -0.732944 0 78 -0.732944 1
gene 1 20 30 -0.339984 0 79 -0.339984 1
gene 1 20 31 4.11346 0 80 4.11346 1
gene 1 21 28 -0.488145 0 81 -0.488145 1
gene 1 21 29 1.71923 0 82 1.71923 1
gene 1 21 30 -0.920695 0 83 -0.920695 1
gene 1 21 31 1.15422 0 84 1.15422 1
gene 1 22 28 1.28952 0 85 1.28952 1
gene 1 22 29 -1.13572 0 86 -1.13572 1
gene 1 22 30 0.0269339 0 87 0.0269339 1
gene 1 22 31 0.382922 0 88 0.382922 1
gene 1 23 28 -0.0133933 0 89 -0.0133933 1
gene 1 23 29 0.444682 0 90 0.444682 1
gene 1 23 30 -0.250893 0 91 -0.250893 1
gene 1 23 31 -1.30108 0 92 -1.30108 1
gene 1 24 28 0.203422 0 93 0.203422 1
gene 1 24 29 -0.219141 0 94 -0.219141 1
gene 1 24 30 0.531502 0 95 0.531502 1
gene 1 24 31 -1.10851 0 96 -1.10851 1
gene 1 25 28 0.46034 0 97 0.46034 1
gene 1 25 29 -0.622311 0 98 -0.622311 1
gene 1 25 30 -0.685221 0 99 -0.685221 1
gene 1 25 31 0.593839 0 100 0.593839 1
gene 1 26 28 -3.27051 0 101 -3.27051 1
gene 1 26 29 0.878842 0 102 0.878842 1
gene 1 26 30 -1.50944 0 103 -1.50944 1
gene 1 26 31 -0.324345 0 104 -0.324345 1
gene 1 27 28 3.99246 0 105 3.99246 1
gene 1 27 29 -1.18568 0 106 -1.18568 1
gene 1 27 30 -0.353504 0 107 -0.353504 1
gene 1 27 31 1.28109 0 108 1.28109 1
genomeend 4


