/* Organism #1 Fitness: 20442.814000 Time: 0 */
genomestart 1
trait 1 0.352578 0.713128 0.983932 0.476517 1.000000 0.000000 1.000000 0.898065 
node 1 1 1 1
node 2 1 1 1
node 3 1 1 1
node 4 1 1 1
node 5 1 1 1
node 6 1 1 1
node 7 1 1 1
node 8 1 1 1
node 9 1 1 1
node 10 1 1 1
node 11 1 1 1
node 12 1 1 1
node 13 1 1 1
node 14 1 1 1
node 15 1 1 1
node 16 1 1 1
node 17 1 1 1
node 18 1 1 1
node 19 1 1 1
node 20 1 1 1
node 21 1 1 1
node 22 1 1 1
node 23 1 1 1
node 24 1 1 1
node 25 1 1 1
node 26 1 1 1
node 27 1 1 3
node 28 1 0 2
node 29 1 0 2
node 30 1 0 2
node 31 1 0 2
gene 1 1 28 1.16089 0 1 1.16089 1
gene 1 1 29 -0.908202 0 2 -0.908202 1
gene 1 1 30 -1.18072 0 3 -1.18072 1
gene 1 1 31 -2.80145 0 4 -2.80145 1
gene 1 2 28 -0.769306 0 5 -0.769306 1
gene 1 2 29 0.708855 0 6 0.708855 1
gene 1 2 30 1.00964 0 7 1.00964 1
gene 1 2 31 -0.402039 0 8 -0.402039 1
gene 1 3 28 -0.807995 0 9 -0.807995 1
gene 1 3 29 5 0 10 5 1
gene 1 3 30 -1.32426 0 11 -1.32426 1
gene 1 3 31 -0.033549 0 12 -0.033549 1
gene 1 4 28 3.43869 0 13 3.43869 1
gene 1 4 29 1.22307 0 14 1.22307 1
gene 1 4 30 -2.94086 0 15 -2.94086 1
gene 1 4 31 1.31646 0 16 1.31646 1
gene 1 5 28 2.09802 0 17 2.09802 1
gene 1 5 29 0.217514 0 18 0.217514 1
gene 1 5 30 -2.41128 0 19 -2.41128 1
gene 1 5 31 1.03459 0 20 1.03459 1
gene 1 6 28 3.2008 0 21 3.2008 1
gene 1 6 29 0.746814 0 22 0.746814 1
gene 1 6 30 0.496658 0 23 0.496658 1
gene 1 6 31 1.6614 0 24 1.6614 1
gene 1 7 28 0.732369 0 25 0.732369 1
gene 1 7 29 0.058536 0 26 0.058536 1
gene 1 7 30 -0.424756 0 27 -0.424756 1
gene 1 7 31 -5 0 28 -5 1
gene 1 8 28 4.25444 0 29 4.25444 1
gene 1 8 29 -1.70852 0 30 -1.70852 1
gene 1 8 30 -1.76652 0 31 -1.76652 1
gene 1 8 31 -5 0 32 -5 1
gene 1 9 28 1.83442 0 33 1.83442 1
gene 1 9 29 2.9499 0 34 2.9499 1
gene 1 9 30 -1.41871 0 35 -1.41871 1
gene 1 9 31 -2.58764 0 36 -2.58764 1
gene 1 10 28 -0.700879 0 37 -0.700879 1
gene 1 10 29 -3.86794 0 38 -3.86794 1
gene 1 10 30 2.55046 0 39 2.55046 1
gene 1 10 31 1.36777 0 40 1.36777 1
gene 1 11 28 1.07417 0 41 1.07417 1
gene 1 11 29 1.46932 0 42 1.46932 1
gene 1 11 30 -0.136327 0 43 -0.136327 1
gene 1 11 31 0.0980537 0 44 0.0980537 1
gene 1 12 28 -0.0630889 0 45 -0.0630889 1
gene 1 12 29 -1.50468 0 46 -1.50468 1
gene 1 12 30 4.45036 0 47 4.45036 1
gene 1 12 31 5 0 48 5 1
gene 1 13 28 0.126209 0 49 0.126209 1
gene 1 13 29 -1.10936 0 50 -1.10936 1
gene 1 13 30 -0.319417 0 51 -0.319417 1
gene 1 13 31 0.42497 0 52 0.42497 1
gene 1 14 28 1.37781 0 53 1.37781 1
gene 1 14 29 1.76625 0 54 1.76625 1
gene 1 14 30 -0.0967384 0 55 -0.0967384 1
gene 1 14 31 -3.70984 0 56 -3.70984 1
gene 1 15 28 1.54185 0 57 1.54185 1
gene 1 15 29 0.804233 0 58 0.804233 1
gene 1 15 30 -0.162331 0 59 -0.162331 1
gene 1 15 31 3.20594 0 60 3.20594 1
gene 1 16 28 -1.37111 0 61 -1.37111 1
gene 1 16 29 5 0 62 5 1
gene 1 16 30 -0.824701 0 63 -0.824701 1
gene 1 16 31 -0.783264 0 64 -0.783264 1
gene 1 17 28 3.92048 0 65 3.92048 1
gene 1 17 29 0.872659 0 66 0.872659 1
gene 1 17 30 -0.699005 0 67 -0.699005 1
gene 1 17 31 -1.01394 0 68 -1.01394 1
gene 1 18 28 1.32787 0 69 1.32787 1
gene 1 18 29 2.19982 0 70 2.19982 1
gene 1 18 30 -5 0 71 -5 1
gene 1 18 31 -0.460632 0 72 -0.460632 1
gene 1 19 28 1.86253 0 73 1.86253 1
gene 1 19 29 3.15958 0 74 3.15958 1
gene 1 19 30 -4.47046 0 75 -4.47046 1
gene 1 19 31 0.1305 0 76 0.1305 1
gene 1 20 28 0.160379 0 77 0.160379 1
gene 1 20 29 2.48506 0 78 2.48506 1
gene 1 20 30 3.4158 0 79 3.4158 1
gene 1 20 31 0.449906 0 80 0.449906 1
gene 1 21 28 2.88754 0 81 2.88754 1
gene 1 21 29 3.73596 0 82 3.73596 1
gene 1 21 30 1.14115 0 83 1.14115 1
gene 1 21 31 -0.586622 0 84 -0.586622 1
gene 1 22 28 0.26962 0 85 0.26962 1
gene 1 22 29 -0.365016 0 86 -0.365016 1
gene 1 22 30 -0.264768 0 87 -0.264768 1
gene 1 22 31 -0.396172 0 88 -0.396172 1
gene 1 23 28 1.00409 0 89 1.00409 1
gene 1 23 29 -0.458436 0 90 -0.458436 1
gene 1 23 30 -0.631139 0 91 -0.631139 1
gene 1 23 31 -0.906602 0 92 -0.906602 1
gene 1 24 28 0.585761 0 93 0.585761 1
gene 1 24 29 1.31922 0 94 1.31922 1
gene 1 24 30 1.50903 0 95 1.50903 1
gene 1 24 31 1.97687 0 96 1.97687 1
gene 1 25 28 -0.0361606 0 97 -0.0361606 1
gene 1 25 29 -0.644954 0 98 -0.644954 1
gene 1 25 30 0.682924 0 99 0.682924 1
gene 1 25 31 0.913226 0 100 0.913226 1
gene 1 26 28 1.04487 0 101 1.04487 1
gene 1 26 29 -4.2273 0 102 -4.2273 1
gene 1 26 30 0.422944 0 103 0.422944 1
gene 1 26 31 0.691576 0 104 0.691576 1
gene 1 27 28 0.348675 0 105 0.348675 1
gene 1 27 29 2.49669 0 106 2.49669 1
gene 1 27 30 0.86419 0 107 0.86419 1
gene 1 27 31 -0.187657 0 108 -0.187657 1
genomeend 1


