/* Organism #3 Fitness: 20320.932000 Time: 0 */
genomestart 3
trait 1 0.721003 0.000000 0.000000 0.755237 0.935873 0.657044 0.000000 0.632979 
node 1 1 1 1
node 2 1 1 1
node 3 1 1 1
node 4 1 1 1
node 5 1 1 1
node 6 1 1 1
node 7 1 1 1
node 8 1 1 1
node 9 1 1 1
node 10 1 1 1
node 11 1 1 1
node 12 1 1 1
node 13 1 1 1
node 14 1 1 1
node 15 1 1 1
node 16 1 1 1
node 17 1 1 1
node 18 1 1 1
node 19 1 1 1
node 20 1 1 1
node 21 1 1 1
node 22 1 1 1
node 23 1 1 1
node 24 1 1 1
node 25 1 1 1
node 26 1 1 1
node 27 1 1 3
node 28 1 0 2
node 29 1 0 2
node 30 1 0 2
node 31 1 0 2
gene 1 1 28 1.26089 0 1 1.26089 1
gene 1 1 29 0.626572 0 2 0.626572 1
gene 1 1 30 -0.91189 0 3 -0.91189 1
gene 1 1 31 1.76238 0 4 1.76238 1
gene 1 2 28 -2.28936 0 5 -2.28936 1
gene 1 2 29 -3.38364 0 6 -3.38364 1
gene 1 2 30 0.52563 0 7 0.52563 1
gene 1 2 31 2.35007 0 8 2.35007 1
gene 1 3 28 -0.704771 0 9 -0.704771 1
gene 1 3 29 -1.61054 0 10 -1.61054 1
gene 1 3 30 -3.33902 0 11 -3.33902 1
gene 1 3 31 -5 0 12 -5 1
gene 1 4 28 -1.03781 0 13 -1.03781 1
gene 1 4 29 -1.06996 0 14 -1.06996 1
gene 1 4 30 -1.90659 0 15 -1.90659 1
gene 1 4 31 -0.282686 0 16 -0.282686 1
gene 1 5 28 2.59322 0 17 2.59322 1
gene 1 5 29 -1.71604 0 18 -1.71604 1
gene 1 5 30 -1.17762 0 19 -1.17762 1
gene 1 5 31 -2.09234 0 20 -2.09234 1
gene 1 6 28 0.279501 0 21 0.279501 1
gene 1 6 29 0.510888 0 22 0.510888 1
gene 1 6 30 3.32864 0 23 3.32864 1
gene 1 6 31 -5 0 24 -5 1
gene 1 7 28 -4.31484 0 25 -4.31484 1
gene 1 7 29 2.26306 0 26 2.26306 1
gene 1 7 30 0.516153 0 27 0.516153 1
gene 1 7 31 -3.66655 0 28 -3.66655 1
gene 1 8 28 1.06929 0 29 1.06929 1
gene 1 8 29 4.44421 0 30 4.44421 1
gene 1 8 30 1.19336 0 31 1.19336 1
gene 1 8 31 0.291847 0 32 0.291847 1
gene 1 9 28 -1.04157 0 33 -1.04157 1
gene 1 9 29 2.17768 0 34 2.17768 1
gene 1 9 30 1.47611 0 35 1.47611 1
gene 1 9 31 1.76446 0 36 1.76446 1
gene 1 10 28 -0.965762 0 37 -0.965762 1
gene 1 10 29 2.8539 0 38 2.8539 1
gene 1 10 30 -2.30215 0 39 -2.30215 1
gene 1 10 31 0.914486 0 40 0.914486 1
gene 1 11 28 -1.51926 0 41 -1.51926 1
gene 1 11 29 -0.471873 0 42 -0.471873 1
gene 1 11 30 0.788526 0 43 0.788526 1
gene 1 11 31 4.30846 0 44 4.30846 1
gene 1 12 28 -3.20974 0 45 -3.20974 1
gene 1 12 29 -0.804828 0 46 -0.804828 1
gene 1 12 30 1.39864 0 47 1.39864 1
gene 1 12 31 2.97931 0 48 2.97931 1
gene 1 13 28 0.948027 0 49 0.948027 1
gene 1 13 29 2.76772 0 50 2.76772 1
gene 1 13 30 -3.42218 0 51 -3.42218 1
gene 1 13 31 4.92236 0 52 4.92236 1
gene 1 14 28 0.715852 0 53 0.715852 1
gene 1 14 29 0.117111 0 54 0.117111 1
gene 1 14 30 -0.817684 0 55 -0.817684 1
gene 1 14 31 -1.83489 0 56 -1.83489 1
gene 1 15 28 0.927796 0 57 0.927796 1
gene 1 15 29 1.02566 0 58 1.02566 1
gene 1 15 30 0.309654 0 59 0.309654 1
gene 1 15 31 -2.29662 0 60 -2.29662 1
gene 1 16 28 -2.51273 0 61 -2.51273 1
gene 1 16 29 -0.0760377 0 62 -0.0760377 1
gene 1 16 30 1.26032 0 63 1.26032 1
gene 1 16 31 0.0366222 0 64 0.0366222 1
gene 1 17 28 -5 0 65 -5 1
gene 1 17 29 -4.67331 0 66 -4.67331 1
gene 1 17 30 -1.38972 0 67 -1.38972 1
gene 1 17 31 2.04165 0 68 2.04165 1
gene 1 18 28 -4.16813 0 69 -4.16813 1
gene 1 18 29 -1.46247 0 70 -1.46247 1
gene 1 18 30 0.898266 0 71 0.898266 1
gene 1 18 31 0.236354 0 72 0.236354 1
gene 1 19 28 0.100921 0 73 0.100921 1
gene 1 19 29 -0.643189 0 74 -0.643189 1
gene 1 19 30 0.679293 0 75 0.679293 1
gene 1 19 31 -0.93399 0 76 -0.93399 1
gene 1 20 28 0.532438 0 77 0.532438 1
gene 1 20 29 -5 0 78 -5 1
gene 1 20 30 3.37253 0 79 3.37253 1
gene 1 20 31 2.54257 0 80 2.54257 1
gene 1 21 28 -0.846654 0 81 -0.846654 1
gene 1 21 29 -2.03057 0 82 -2.03057 1
gene 1 21 30 3.15241 0 83 3.15241 1
gene 1 21 31 -1.43396 0 84 -1.43396 1
gene 1 22 28 -3.91268 0 85 -3.91268 1
gene 1 22 29 -1.93957 0 86 -1.93957 1
gene 1 22 30 -3.08351 0 87 -3.08351 1
gene 1 22 31 0.542509 0 88 0.542509 1
gene 1 23 28 0.0717994 0 89 0.0717994 1
gene 1 23 29 -0.147479 0 90 -0.147479 1
gene 1 23 30 -1.82429 0 91 -1.82429 1
gene 1 23 31 -0.633933 0 92 -0.633933 1
gene 1 24 28 0.192791 0 93 0.192791 1
gene 1 24 29 0.462789 0 94 0.462789 1
gene 1 24 30 -0.355341 0 95 -0.355341 1
gene 1 24 31 -2.21591 0 96 -2.21591 1
gene 1 25 28 1.87638 0 97 1.87638 1
gene 1 25 29 0.0595482 0 98 0.0595482 1
gene 1 25 30 0.358953 0 99 0.358953 1
gene 1 25 31 -0.727775 0 100 -0.727775 1
gene 1 26 28 3.02413 0 101 3.02413 1
gene 1 26 29 0.899214 0 102 0.899214 1
gene 1 26 30 -0.57864 0 103 -0.57864 1
gene 1 26 31 -0.0856132 0 104 -0.0856132 1
gene 1 27 28 -2.39449 0 105 -2.39449 1
gene 1 27 29 -1.68426 0 106 -1.68426 1
gene 1 27 30 -0.957948 0 107 -0.957948 1
gene 1 27 31 0.546734 0 108 0.546734 1
genomeend 3


