/* Organism #6 Fitness: 20303.238000 Time: 0 */
genomestart 6
trait 1 0.000000 0.810380 0.000000 0.717702 0.000000 0.000000 0.000000 0.348599 
node 1 1 1 1
node 2 1 1 1
node 3 1 1 1
node 4 1 1 1
node 5 1 1 1
node 6 1 1 1
node 7 1 1 1
node 8 1 1 1
node 9 1 1 1
node 10 1 1 1
node 11 1 1 1
node 12 1 1 1
node 13 1 1 1
node 14 1 1 1
node 15 1 1 1
node 16 1 1 1
node 17 1 1 1
node 18 1 1 1
node 19 1 1 1
node 20 1 1 1
node 21 1 1 1
node 22 1 1 1
node 23 1 1 1
node 24 1 1 1
node 25 1 1 1
node 26 1 1 1
node 27 1 1 3
node 28 1 0 2
node 29 1 0 2
node 30 1 0 2
node 31 1 0 2
gene 1 1 28 -0.444273 0 1 -0.444273 1
gene 1 1 29 -1.97362 0 2 -1.97362 1
gene 1 1 30 -0.252193 0 3 -0.252193 1
gene 1 1 31 -1.29418 0 4 -1.29418 1
gene 1 2 28 2.77014 0 5 2.77014 1
gene 1 2 29 -1.44292 0 6 -1.44292 1
gene 1 2 30 1.15887 0 7 1.15887 1
gene 1 2 31 -0.52745 0 8 -0.52745 1
gene 1 3 28 1.47987 0 9 1.47987 1
gene 1 3 29 -1.18728 0 10 -1.18728 1
gene 1 3 30 0.0839189 0 11 0.0839189 1
gene 1 3 31 -3.56852 0 12 -3.56852 1
gene 1 4 28 0.579386 0 13 0.579386 1
gene 1 4 29 -0.476389 0 14 -0.476389 1
gene 1 4 30 1.66027 0 15 1.66027 1
gene 1 4 31 -1.33089 0 16 -1.33089 1
gene 1 5 28 -2.62706 0 17 -2.62706 1
gene 1 5 29 0.14208 0 18 0.14208 1
gene 1 5 30 -0.39454 0 19 -0.39454 1
gene 1 5 31 -4.97521 0 20 -4.97521 1
gene 1 6 28 -4.20028 0 21 -4.20028 1
gene 1 6 29 0.451579 0 22 0.451579 1
gene 1 6 30 -2.17294 0 23 -2.17294 1
gene 1 6 31 -5 0 24 -5 1
gene 1 7 28 -1.71257 0 25 -1.71257 1
gene 1 7 29 1.07896 0 26 1.07896 1
gene 1 7 30 1.56074 0 27 1.56074 1
gene 1 7 31 0.915708 0 28 0.915708 1
gene 1 8 28 -1.31034 0 29 -1.31034 1
gene 1 8 29 -1.46102 0 30 -1.46102 1
gene 1 8 30 2.73497 0 31 2.73497 1
gene 1 8 31 -1.01636 0 32 -1.01636 1
gene 1 9 28 2.18822 0 33 2.18822 1
gene 1 9 29 2.04993 0 34 2.04993 1
gene 1 9 30 -0.532412 0 35 -0.532412 1
gene 1 9 31 -1.88744 0 36 -1.88744 1
gene 1 10 28 -4.08883 0 37 -4.08883 1
gene 1 10 29 -0.880996 0 38 -0.880996 1
gene 1 10 30 1.09451 0 39 1.09451 1
gene 1 10 31 0.337917 0 40 0.337917 1
gene 1 11 28 3.64895 0 41 3.64895 1
gene 1 11 29 0.301488 0 42 0.301488 1
gene 1 11 30 0.89084 0 43 0.89084 1
gene 1 11 31 0.443636 0 44 0.443636 1
gene 1 12 28 2.68005 0 45 2.68005 1
gene 1 12 29 0.675212 0 46 0.675212 1
gene 1 12 30 -5 0 47 -5 1
gene 1 12 31 -0.119433 0 48 -0.119433 1
gene 1 13 28 5 0 49 5 1
gene 1 13 29 0.716496 0 50 0.716496 1
gene 1 13 30 -0.557018 0 51 -0.557018 1
gene 1 13 31 -0.315199 0 52 -0.315199 1
gene 1 14 28 -0.606716 0 53 -0.606716 1
gene 1 14 29 -2.12529 0 54 -2.12529 1
gene 1 14 30 -0.938916 0 55 -0.938916 1
gene 1 14 31 -3.13957 0 56 -3.13957 1
gene 1 15 28 -2.72993 0 57 -2.72993 1
gene 1 15 29 0.289766 0 58 0.289766 1
gene 1 15 30 -2.28925 0 59 -2.28925 1
gene 1 15 31 -2.13274 0 60 -2.13274 1
gene 1 16 28 -1.38596 0 61 -1.38596 1
gene 1 16 29 -3.04966 0 62 -3.04966 1
gene 1 16 30 1.11651 0 63 1.11651 1
gene 1 16 31 3.07299 0 64 3.07299 1
gene 1 17 28 -3.28271 0 65 -3.28271 1
gene 1 17 29 1.37077 0 66 1.37077 1
gene 1 17 30 3.49587 0 67 3.49587 1
gene 1 17 31 -2.56416 0 68 -2.56416 1
gene 1 18 28 -1.63087 0 69 -1.63087 1
gene 1 18 29 -5 0 70 -5 1
gene 1 18 30 -0.255061 0 71 -0.255061 1
gene 1 18 31 1.42411 0 72 1.42411 1
gene 1 19 28 -1.20003 0 73 -1.20003 1
gene 1 19 29 -2.97064 0 74 -2.97064 1
gene 1 19 30 -0.325523 0 75 -0.325523 1
gene 1 19 31 -1.23071 0 76 -1.23071 1
gene 1 20 28 -0.186317 0 77 -0.186317 1
gene 1 20 29 3.22942 0 78 3.22942 1
gene 1 20 30 -0.666479 0 79 -0.666479 1
gene 1 20 31 1.69618 0 80 1.69618 1
gene 1 21 28 -3.59515 0 81 -3.59515 1
gene 1 21 29 -1.96088 0 82 -1.96088 1
gene 1 21 30 0.958492 0 83 0.958492 1
gene 1 21 31 0.962356 0 84 0.962356 1
gene 1 22 28 -2.24039 0 85 -2.24039 1
gene 1 22 29 -0.191612 0 86 -0.191612 1
gene 1 22 30 -1.0586 0 87 -1.0586 1
gene 1 22 31 1.78019 0 88 1.78019 1
gene 1 23 28 2.37349 0 89 2.37349 1
gene 1 23 29 0.0510297 0 90 0.0510297 1
gene 1 23 30 -1.00012 0 91 -1.00012 1
gene 1 23 31 -0.278728 0 92 -0.278728 1
gene 1 24 28 -1.20966 0 93 -1.20966 1
gene 1 24 29 -3.49664 0 94 -3.49664 1
gene 1 24 30 -1.61721 0 95 -1.61721 1
gene 1 24 31 0.393046 0 96 0.393046 1
gene 1 25 28 -0.0295587 0 97 -0.0295587 1
gene 1 25 29 -0.110489 0 98 -0.110489 1
gene 1 25 30 1.07659 0 99 1.07659 1
gene 1 25 31 0.479675 0 100 0.479675 1
gene 1 26 28 -1.78839 0 101 -1.78839 1
gene 1 26 29 2.53807 0 102 2.53807 1
gene 1 26 30 0.0922333 0 103 0.0922333 1
gene 1 26 31 0.195737 0 104 0.195737 1
gene 1 27 28 -0.818575 0 105 -0.818575 1
gene 1 27 29 -2.31977 0 106 -2.31977 1
gene 1 27 30 -0.0254681 0 107 -0.0254681 1
gene 1 27 31 1.01448 0 108 1.01448 1
genomeend 6


