/* Organism #0 Fitness: 19834.716000 Time: 0 */
genomestart 0
trait 1 0.100000 0.000000 0.000000 1.000000 0.000000 0.933011 1.000000 0.790590 
node 1 1 1 1
node 2 1 1 1
node 3 1 1 1
node 4 1 1 1
node 5 1 1 1
node 6 1 1 1
node 7 1 1 1
node 8 1 1 1
node 9 1 1 1
node 10 1 1 1
node 11 1 1 1
node 12 1 1 1
node 13 1 1 1
node 14 1 1 1
node 15 1 1 1
node 16 1 1 1
node 17 1 1 1
node 18 1 1 1
node 19 1 1 1
node 20 1 1 1
node 21 1 1 1
node 22 1 1 1
node 23 1 1 1
node 24 1 1 1
node 25 1 1 1
node 26 1 1 1
node 27 1 1 3
node 28 1 0 2
node 29 1 0 2
node 30 1 0 2
node 31 1 0 2
gene 1 1 28 1.97224 0 1 1.97224 1
gene 1 1 29 0.163182 0 2 0.163182 1
gene 1 1 30 0.422475 0 3 0.422475 1
gene 1 1 31 -2.44579 0 4 -2.44579 1
gene 1 2 28 -0.477893 0 5 -0.477893 1
gene 1 2 29 0.304459 0 6 0.304459 1
gene 1 2 30 1.98672 0 7 1.98672 1
gene 1 2 31 -2.21124 0 8 -2.21124 1
gene 1 3 28 -0.972022 0 9 -0.972022 1
gene 1 3 29 3.0957 0 10 3.0957 1
gene 1 3 30 -4.72108 0 11 -4.72108 1
gene 1 3 31 -1.02257 0 12 -1.02257 1
gene 1 4 28 -2.06803 0 13 -2.06803 1
gene 1 4 29 0.987368 0 14 0.987368 1
gene 1 4 30 0.415034 0 15 0.415034 1
gene 1 4 31 -1.66097 0 16 -1.66097 1
gene 1 5 28 1.94196 0 17 1.94196 1
gene 1 5 29 3.96713 0 18 3.96713 1
gene 1 5 30 -1.40896 0 19 -1.40896 1
gene 1 5 31 -0.923194 0 20 -0.923194 1
gene 1 6 28 1.2555 0 21 1.2555 1
gene 1 6 29 0.704328 0 22 0.704328 1
gene 1 6 30 4.97505 0 23 4.97505 1
gene 1 6 31 0.101049 0 24 0.101049 1
gene 1 7 28 3.26294 0 25 3.26294 1
gene 1 7 29 2.90566 0 26 2.90566 1
gene 1 7 30 1.84103 0 27 1.84103 1
gene 1 7 31 -0.622999 0 28 -0.622999 1
gene 1 8 28 0.11586 0 29 0.11586 1
gene 1 8 29 -0.273956 0 30 -0.273956 1
gene 1 8 30 3.3202 0 31 3.3202 1
gene 1 8 31 1.89307 0 32 1.89307 1
gene 1 9 28 -0.670503 0 33 -0.670503 1
gene 1 9 29 0.919499 0 34 0.919499 1
gene 1 9 30 -0.381328 0 35 -0.381328 1
gene 1 9 31 -0.566232 0 36 -0.566232 1
gene 1 10 28 0.934625 0 37 0.934625 1
gene 1 10 29 -0.610445 0 38 -0.610445 1
gene 1 10 30 0.906232 0 39 0.906232 1
gene 1 10 31 -2.50311 0 40 -2.50311 1
gene 1 11 28 3.68709 0 41 3.68709 1
gene 1 11 29 -0.156569 0 42 -0.156569 1
gene 1 11 30 -1.15617 0 43 -1.15617 1
gene 1 11 31 -1.17947 0 44 -1.17947 1
gene 1 12 28 -4.81199 0 45 -4.81199 1
gene 1 12 29 3.47525 0 46 3.47525 1
gene 1 12 30 0.346544 0 47 0.346544 1
gene 1 12 31 -1.84792 0 48 -1.84792 1
gene 1 13 28 2.21337 0 49 2.21337 1
gene 1 13 29 -0.729143 0 50 -0.729143 1
gene 1 13 30 -0.0763705 0 51 -0.0763705 1
gene 1 13 31 0.274965 0 52 0.274965 1
gene 1 14 28 -0.432743 0 53 -0.432743 1
gene 1 14 29 0.238947 0 54 0.238947 1
gene 1 14 30 0.387457 0 55 0.387457 1
gene 1 14 31 3.4931 0 56 3.4931 1
gene 1 15 28 0.340514 0 57 0.340514 1
gene 1 15 29 -0.801986 0 58 -0.801986 1
gene 1 15 30 -1.05393 0 59 -1.05393 1
gene 1 15 31 2.44251 0 60 2.44251 1
gene 1 16 28 -4.49854 0 61 -4.49854 1
gene 1 16 29 0.323517 0 62 0.323517 1
gene 1 16 30 0.791377 0 63 0.791377 1
gene 1 16 31 0.370861 0 64 0.370861 1
gene 1 17 28 0.595927 0 65 0.595927 1
gene 1 17 29 0.191375 0 66 0.191375 1
gene 1 17 30 0.579226 0 67 0.579226 1
gene 1 17 31 1.80764 0 68 1.80764 1
gene 1 18 28 4.44488 0 69 4.44488 1
gene 1 18 29 2.40177 0 70 2.40177 1
gene 1 18 30 -0.877506 0 71 -0.877506 1
gene 1 18 31 0.108622 0 72 0.108622 1
gene 1 19 28 3.31189 0 73 3.31189 1
gene 1 19 29 0.882019 0 74 0.882019 1
gene 1 19 30 0.626186 0 75 0.626186 1
gene 1 19 31 -0.590166 0 76 -0.590166 1
gene 1 20 28 -0.630672 0 77 -0.630672 1
gene 1 20 29 -3.3464 0 78 -3.3464 1
gene 1 20 30 2.83658 0 79 2.83658 1
gene 1 20 31 0.43188 0 80 0.43188 1
gene 1 21 28 -1.31768 0 81 -1.31768 1
gene 1 21 29 0.670855 0 82 0.670855 1
gene 1 21 30 -0.615395 0 83 -0.615395 1
gene 1 21 31 0.747808 0 84 0.747808 1
gene 1 22 28 -4.16625 0 85 -4.16625 1
gene 1 22 29 -1.63433 0 86 -1.63433 1
gene 1 22 30 1.67723 0 87 1.67723 1
gene 1 22 31 0.367549 0 88 0.367549 1
gene 1 23 28 0.928877 0 89 0.928877 1
gene 1 23 29 0.0441631 0 90 0.0441631 1
gene 1 23 30 0.90533 0 91 0.90533 1
gene 1 23 31 3.72595 0 92 3.72595 1
gene 1 24 28 -1.47824 0 93 -1.47824 1
gene 1 24 29 0.336903 0 94 0.336903 1
gene 1 24 30 -0.291745 0 95 -0.291745 1
gene 1 24 31 1.43101 0 96 1.43101 1
gene 1 25 28 -0.500903 0 97 -0.500903 1
gene 1 25 29 0.768528 0 98 0.768528 1
gene 1 25 30 0.875966 0 99 0.875966 1
gene 1 25 31 0.399909 0 100 0.399909 1
gene 1 26 28 0.552955 0 101 0.552955 1
gene 1 26 29 -1.07376 0 102 -1.07376 1
gene 1 26 30 -0.38022 0 103 -0.38022 1
gene 1 26 31 0.36017 0 104 0.36017 1
gene 1 27 28 0.959042 0 105 0.959042 1
gene 1 27 29 1.53464 0 106 1.53464 1
gene 1 27 30 1.19958 0 107 1.19958 1
gene 1 27 31 0.485164 0 108 0.485164 1
genomeend 0


