/* Organism #1 Fitness: 20487.612000 Time: 0 */
genomestart 1
trait 1 0.000000 0.000000 0.434406 0.000000 0.000000 0.367804 0.000000 0.865309 
node 1 1 1 1
node 2 1 1 1
node 3 1 1 1
node 4 1 1 1
node 5 1 1 1
node 6 1 1 1
node 7 1 1 1
node 8 1 1 1
node 9 1 1 1
node 10 1 1 1
node 11 1 1 1
node 12 1 1 1
node 13 1 1 1
node 14 1 1 1
node 15 1 1 1
node 16 1 1 1
node 17 1 1 1
node 18 1 1 1
node 19 1 1 1
node 20 1 1 1
node 21 1 1 1
node 22 1 1 1
node 23 1 1 1
node 24 1 1 1
node 25 1 1 1
node 26 1 1 1
node 27 1 1 3
node 28 1 0 2
node 29 1 0 2
node 30 1 0 2
node 31 1 0 2
gene 1 1 28 1.09067 0 1 1.09067 1
gene 1 1 29 -0.622698 0 2 -0.622698 1
gene 1 1 30 0.968104 0 3 0.968104 1
gene 1 1 31 0.511803 0 4 0.511803 1
gene 1 2 28 -1.6432 0 5 -1.6432 1
gene 1 2 29 -2.04177 0 6 -2.04177 1
gene 1 2 30 -0.398221 0 7 -0.398221 1
gene 1 2 31 -0.98918 0 8 -0.98918 1
gene 1 3 28 -0.0854267 0 9 -0.0854267 1
gene 1 3 29 -3.43782 0 10 -3.43782 1
gene 1 3 30 -0.76448 0 11 -0.76448 1
gene 1 3 31 -1.5601 0 12 -1.5601 1
gene 1 4 28 -0.117258 0 13 -0.117258 1
gene 1 4 29 -0.781421 0 14 -0.781421 1
gene 1 4 30 -2.14031 0 15 -2.14031 1
gene 1 4 31 -1.33975 0 16 -1.33975 1
gene 1 5 28 -0.509452 0 17 -0.509452 1
gene 1 5 29 -0.789485 0 18 -0.789485 1
gene 1 5 30 -1.9831 0 19 -1.9831 1
gene 1 5 31 -2.33167 0 20 -2.33167 1
gene 1 6 28 0.757295 0 21 0.757295 1
gene 1 6 29 -0.211379 0 22 -0.211379 1
gene 1 6 30 -2.71603 0 23 -2.71603 1
gene 1 6 31 1.63977 0 24 1.63977 1
gene 1 7 28 -5 0 25 -5 1
gene 1 7 29 0.0371903 0 26 0.0371903 1
gene 1 7 30 1.00809 0 27 1.00809 1
gene 1 7 31 2.83318 0 28 2.83318 1
gene 1 8 28 -0.445332 0 29 -0.445332 1
gene 1 8 29 0.253961 0 30 0.253961 1
gene 1 8 30 1.63133 0 31 1.63133 1
gene 1 8 31 -0.41444 0 32 -0.41444 1
gene 1 9 28 1.63738 0 33 1.63738 1
gene 1 9 29 -2.74905 0 34 -2.74905 1
gene 1 9 30 0.291497 0 35 0.291497 1
gene 1 9 31 -3.0745 0 36 -3.0745 1
gene 1 10 28 1.49348 0 37 1.49348 1
gene 1 10 29 -2.05219 0 38 -2.05219 1
gene 1 10 30 -1.67457 0 39 -1.67457 1
gene 1 10 31 2.96728 0 40 2.96728 1
gene 1 11 28 0.284105 0 41 0.284105 1
gene 1 11 29 1.72715 0 42 1.72715 1
gene 1 11 30 -1.20286 0 43 -1.20286 1
gene 1 11 31 -1.14294 0 44 -1.14294 1
gene 1 12 28 0.119833 0 45 0.119833 1
gene 1 12 29 0.1875 0 46 0.1875 1
gene 1 12 30 -0.413927 0 47 -0.413927 1
gene 1 12 31 0.1058 0 48 0.1058 1
gene 1 13 28 0.243019 0 49 0.243019 1
gene 1 13 29 -0.580505 0 50 -0.580505 1
gene 1 13 30 1.0823 0 51 1.0823 1
gene 1 13 31 1.00991 0 52 1.00991 1
gene 1 14 28 0.142672 0 53 0.142672 1
gene 1 14 29 -2.29236 0 54 -2.29236 1
gene 1 14 30 3.745 0 55 3.745 1
gene 1 14 31 1.31146 0 56 1.31146 1
gene 1 15 28 2.99475 0 57 2.99475 1
gene 1 15 29 0.517767 0 58 0.517767 1
gene 1 15 30 0.268253 0 59 0.268253 1
gene 1 15 31 0.47762 0 60 0.47762 1
gene 1 16 28 2.29127 0 61 2.29127 1
gene 1 16 29 0.833492 0 62 0.833492 1
gene 1 16 30 -0.166325 0 63 -0.166325 1
gene 1 16 31 -1.23416 0 64 -1.23416 1
gene 1 17 28 -0.104014 0 65 -0.104014 1
gene 1 17 29 -2.52124 0 66 -2.52124 1
gene 1 17 30 -1.07101 0 67 -1.07101 1
gene 1 17 31 0.256328 0 68 0.256328 1
gene 1 18 28 -2.52306 0 69 -2.52306 1
gene 1 18 29 -0.230565 0 70 -0.230565 1
gene 1 18 30 0.379343 0 71 0.379343 1
gene 1 18 31 1.32286 0 72 1.32286 1
gene 1 19 28 -2.63779 0 73 -2.63779 1
gene 1 19 29 -2.62498 0 74 -2.62498 1
gene 1 19 30 -1.79034 0 75 -1.79034 1
gene 1 19 31 -2.06461 0 76 -2.06461 1
gene 1 20 28 1.05374 0 77 1.05374 1
gene 1 20 29 0.370465 0 78 0.370465 1
gene 1 20 30 2.64878 0 79 2.64878 1
gene 1 20 31 0.879108 0 80 0.879108 1
gene 1 21 28 0.0474639 0 81 0.0474639 1
gene 1 21 29 -0.196775 0 82 -0.196775 1
gene 1 21 30 -0.610086 0 83 -0.610086 1
gene 1 21 31 1.04408 0 84 1.04408 1
gene 1 22 28 3.02 0 85 3.02 1
gene 1 22 29 0.309558 0 86 0.309558 1
gene 1 22 30 -1.23319 0 87 -1.23319 1
gene 1 22 31 0.753135 0 88 0.753135 1
gene 1 23 28 -0.565502 0 89 -0.565502 1
gene 1 23 29 0.863873 0 90 0.863873 1
gene 1 23 30 -2.3475 0 91 -2.3475 1
gene 1 23 31 1.10006 0 92 1.10006 1
gene 1 24 28 -1.38081 0 93 -1.38081 1
gene 1 24 29 0.966803 0 94 0.966803 1
gene 1 24 30 0.905893 0 95 0.905893 1
gene 1 24 31 -2.1744 0 96 -2.1744 1
gene 1 25 28 2.61017 0 97 2.61017 1
gene 1 25 29 0.242355 0 98 0.242355 1
gene 1 25 30 0.552764 0 99 0.552764 1
gene 1 25 31 0.205624 0 100 0.205624 1
gene 1 26 28 -0.216513 0 101 -0.216513 1
gene 1 26 29 -1.37068 0 102 -1.37068 1
gene 1 26 30 -0.0651455 0 103 -0.0651455 1
gene 1 26 31 -1.49202 0 104 -1.49202 1
gene 1 27 28 -1.23842 0 105 -1.23842 1
gene 1 27 29 0.989987 0 106 0.989987 1
gene 1 27 30 -0.0197681 0 107 -0.0197681 1
gene 1 27 31 -0.164666 0 108 -0.164666 1
genomeend 1


