/* Organism #2 Fitness: 20005.750000 Time: 0 */
genomestart 2
trait 1 0.000000 0.664967 0.000000 0.750548 0.970693 0.921006 0.000000 0.000000 
node 1 1 1 1
node 2 1 1 1
node 3 1 1 1
node 4 1 1 1
node 5 1 1 1
node 6 1 1 1
node 7 1 1 1
node 8 1 1 1
node 9 1 1 1
node 10 1 1 1
node 11 1 1 1
node 12 1 1 1
node 13 1 1 1
node 14 1 1 1
node 15 1 1 1
node 16 1 1 1
node 17 1 1 1
node 18 1 1 1
node 19 1 1 1
node 20 1 1 1
node 21 1 1 1
node 22 1 1 1
node 23 1 1 1
node 24 1 1 1
node 25 1 1 1
node 26 1 1 1
node 27 1 1 3
node 28 1 0 2
node 29 1 0 2
node 30 1 0 2
node 31 1 0 2
gene 1 1 28 -0.0067512 0 1 -0.0067512 1
gene 1 1 29 2.75964 0 2 2.75964 1
gene 1 1 30 3.02122 0 3 3.02122 1
gene 1 1 31 -1.08697 0 4 -1.08697 1
gene 1 2 28 0.390701 0 5 0.390701 1
gene 1 2 29 -0.695538 0 6 -0.695538 1
gene 1 2 30 -2.09074 0 7 -2.09074 1
gene 1 2 31 1.82173 0 8 1.82173 1
gene 1 3 28 -1.90247 0 9 -1.90247 1
gene 1 3 29 -0.97728 0 10 -0.97728 1
gene 1 3 30 -1.95653 0 11 -1.95653 1
gene 1 3 31 -1.46765 0 12 -1.46765 1
gene 1 4 28 0.585825 0 13 0.585825 1
gene 1 4 29 0.398301 0 14 0.398301 1
gene 1 4 30 -0.524187 0 15 -0.524187 1
gene 1 4 31 -0.294469 0 16 -0.294469 1
gene 1 5 28 0.907248 0 17 0.907248 1
gene 1 5 29 0.347007 0 18 0.347007 1
gene 1 5 30 -2.20863 0 19 -2.20863 1
gene 1 5 31 1.21272 0 20 1.21272 1
gene 1 6 28 -0.691618 0 21 -0.691618 1
gene 1 6 29 0.199996 0 22 0.199996 1
gene 1 6 30 -1.83915 0 23 -1.83915 1
gene 1 6 31 0.288533 0 24 0.288533 1
gene 1 7 28 -3.84571 0 25 -3.84571 1
gene 1 7 29 -1.44791 0 26 -1.44791 1
gene 1 7 30 0.591428 0 27 0.591428 1
gene 1 7 31 4.50849 0 28 4.50849 1
gene 1 8 28 -0.0380917 0 29 -0.0380917 1
gene 1 8 29 -5 0 30 -5 1
gene 1 8 30 -2.03254 0 31 -2.03254 1
gene 1 8 31 0.142684 0 32 0.142684 1
gene 1 9 28 -2.65124 0 33 -2.65124 1
gene 1 9 29 -1.5416 0 34 -1.5416 1
gene 1 9 30 -3.95955 0 35 -3.95955 1
gene 1 9 31 3.2254 0 36 3.2254 1
gene 1 10 28 -0.948335 0 37 -0.948335 1
gene 1 10 29 -0.478728 0 38 -0.478728 1
gene 1 10 30 0.671622 0 39 0.671622 1
gene 1 10 31 1.55247 0 40 1.55247 1
gene 1 11 28 1.71649 0 41 1.71649 1
gene 1 11 29 -0.826339 0 42 -0.826339 1
gene 1 11 30 2.08911 0 43 2.08911 1
gene 1 11 31 -1.56778 0 44 -1.56778 1
gene 1 12 28 3.04006 0 45 3.04006 1
gene 1 12 29 0.441596 0 46 0.441596 1
gene 1 12 30 -0.729356 0 47 -0.729356 1
gene 1 12 31 1.30357 0 48 1.30357 1
gene 1 13 28 -3.99296 0 49 -3.99296 1
gene 1 13 29 0.924018 0 50 0.924018 1
gene 1 13 30 -0.29903 0 51 -0.29903 1
gene 1 13 31 -1.76041 0 52 -1.76041 1
gene 1 14 28 2.00001 0 53 2.00001 1
gene 1 14 29 0.301934 0 54 0.301934 1
gene 1 14 30 2.04656 0 55 2.04656 1
gene 1 14 31 2.09591 0 56 2.09591 1
gene 1 15 28 2.1086 0 57 2.1086 1
gene 1 15 29 -0.161011 0 58 -0.161011 1
gene 1 15 30 -0.47478 0 59 -0.47478 1
gene 1 15 31 -0.769783 0 60 -0.769783 1
gene 1 16 28 0.0455928 0 61 0.0455928 1
gene 1 16 29 -2.30299 0 62 -2.30299 1
gene 1 16 30 -1.76088 0 63 -1.76088 1
gene 1 16 31 -2.39489 0 64 -2.39489 1
gene 1 17 28 -1.78124 0 65 -1.78124 1
gene 1 17 29 -0.454251 0 66 -0.454251 1
gene 1 17 30 0.730458 0 67 0.730458 1
gene 1 17 31 1.04636 0 68 1.04636 1
gene 1 18 28 -3.5886 0 69 -3.5886 1
gene 1 18 29 1.75297 0 70 1.75297 1
gene 1 18 30 3.008 0 71 3.008 1
gene 1 18 31 -4.03197 0 72 -4.03197 1
gene 1 19 28 -0.302863 0 73 -0.302863 1
gene 1 19 29 -4.28018 0 74 -4.28018 1
gene 1 19 30 -3.75663 0 75 -3.75663 1
gene 1 19 31 -0.169663 0 76 -0.169663 1
gene 1 20 28 2.99398 0 77 2.99398 1
gene 1 20 29 -3.32558 0 78 -3.32558 1
gene 1 20 30 1.25712 0 79 1.25712 1
gene 1 20 31 0.0978743 0 80 0.0978743 1
gene 1 21 28 -0.61465 0 81 -0.61465 1
gene 1 21 29 -0.315313 0 82 -0.315313 1
gene 1 21 30 1.0584 0 83 1.0584 1
gene 1 21 31 3.32467 0 84 3.32467 1
gene 1 22 28 -1.99947 0 85 -1.99947 1
gene 1 22 29 -3.6927 0 86 -3.6927 1
gene 1 22 30 1.61113 0 87 1.61113 1
gene 1 22 31 1.85751 0 88 1.85751 1
gene 1 23 28 -1.03872 0 89 -1.03872 1
gene 1 23 29 0.337871 0 90 0.337871 1
gene 1 23 30 1.31893 0 91 1.31893 1
gene 1 23 31 -0.0229768 0 92 -0.0229768 1
gene 1 24 28 -0.463876 0 93 -0.463876 1
gene 1 24 29 -0.123935 0 94 -0.123935 1
gene 1 24 30 -1.15575 0 95 -1.15575 1
gene 1 24 31 0.380784 0 96 0.380784 1
gene 1 25 28 1.41214 0 97 1.41214 1
gene 1 25 29 -1.3185 0 98 -1.3185 1
gene 1 25 30 0.740174 0 99 0.740174 1
gene 1 25 31 1.99133 0 100 1.99133 1
gene 1 26 28 0.471586 0 101 0.471586 1
gene 1 26 29 -0.35597 0 102 -0.35597 1
gene 1 26 30 -0.672141 0 103 -0.672141 1
gene 1 26 31 0.717204 0 104 0.717204 1
gene 1 27 28 -1.94254 0 105 -1.94254 1
gene 1 27 29 -1.28573 0 106 -1.28573 1
gene 1 27 30 -0.109112 0 107 -0.109112 1
gene 1 27 31 -0.830786 0 108 -0.830786 1
genomeend 2


