/* Organism #13 Fitness: 19885.320000 Time: 0 */
genomestart 13
trait 1 0.874183 0.717836 0.000000 0.000000 0.832989 0.000000 0.000195 0.804946 
node 1 1 1 1
node 2 1 1 1
node 3 1 1 1
node 4 1 1 1
node 5 1 1 1
node 6 1 1 1
node 7 1 1 1
node 8 1 1 1
node 9 1 1 1
node 10 1 1 1
node 11 1 1 1
node 12 1 1 1
node 13 1 1 1
node 14 1 1 1
node 15 1 1 1
node 16 1 1 1
node 17 1 1 1
node 18 1 1 1
node 19 1 1 1
node 20 1 1 1
node 21 1 1 1
node 22 1 1 1
node 23 1 1 1
node 24 1 1 1
node 25 1 1 1
node 26 1 1 1
node 27 1 1 3
node 28 1 0 2
node 29 1 0 2
node 30 1 0 2
node 31 1 0 2
gene 1 1 28 -3.01672 0 1 -3.01672 1
gene 1 1 29 -0.735478 0 2 -0.735478 1
gene 1 1 30 0.285502 0 3 0.285502 1
gene 1 1 31 -0.594145 0 4 -0.594145 1
gene 1 2 28 -2.25068 0 5 -2.25068 1
gene 1 2 29 -0.140986 0 6 -0.140986 1
gene 1 2 30 0.98527 0 7 0.98527 1
gene 1 2 31 2.91866 0 8 2.91866 1
gene 1 3 28 -1.14547 0 9 -1.14547 1
gene 1 3 29 0.728836 0 10 0.728836 1
gene 1 3 30 -0.822192 0 11 -0.822192 1
gene 1 3 31 4.29131 0 12 4.29131 1
gene 1 4 28 -2.39099 0 13 -2.39099 1
gene 1 4 29 -0.166602 0 14 -0.166602 1
gene 1 4 30 -1.78762 0 15 -1.78762 1
gene 1 4 31 2.1068 0 16 2.1068 1
gene 1 5 28 1.0378 0 17 1.0378 1
gene 1 5 29 2.78714 0 18 2.78714 1
gene 1 5 30 -0.526624 0 19 -0.526624 1
gene 1 5 31 -2.32222 0 20 -2.32222 1
gene 1 6 28 1.44117 0 21 1.44117 1
gene 1 6 29 -0.409886 0 22 -0.409886 1
gene 1 6 30 0.206629 0 23 0.206629 1
gene 1 6 31 0.699711 0 24 0.699711 1
gene 1 7 28 1.1464 0 25 1.1464 1
gene 1 7 29 2.1583 0 26 2.1583 1
gene 1 7 30 -3.11992 0 27 -3.11992 1
gene 1 7 31 0.508533 0 28 0.508533 1
gene 1 8 28 -0.720442 0 29 -0.720442 1
gene 1 8 29 0.240703 0 30 0.240703 1
gene 1 8 30 -0.866314 0 31 -0.866314 1
gene 1 8 31 2.39674 0 32 2.39674 1
gene 1 9 28 -0.146463 0 33 -0.146463 1
gene 1 9 29 -0.394408 0 34 -0.394408 1
gene 1 9 30 0.527932 0 35 0.527932 1
gene 1 9 31 0.266536 0 36 0.266536 1
gene 1 10 28 -0.921037 0 37 -0.921037 1
gene 1 10 29 0.265688 0 38 0.265688 1
gene 1 10 30 -1.6034 0 39 -1.6034 1
gene 1 10 31 0.195485 0 40 0.195485 1
gene 1 11 28 0.765742 0 41 0.765742 1
gene 1 11 29 2.00258 0 42 2.00258 1
gene 1 11 30 1.26387 0 43 1.26387 1
gene 1 11 31 0.437196 0 44 0.437196 1
gene 1 12 28 -0.327154 0 45 -0.327154 1
gene 1 12 29 -0.339788 0 46 -0.339788 1
gene 1 12 30 -0.866027 0 47 -0.866027 1
gene 1 12 31 0.347699 0 48 0.347699 1
gene 1 13 28 -0.285273 0 49 -0.285273 1
gene 1 13 29 -0.997698 0 50 -0.997698 1
gene 1 13 30 -0.589764 0 51 -0.589764 1
gene 1 13 31 -0.553229 0 52 -0.553229 1
gene 1 14 28 0.32145 0 53 0.32145 1
gene 1 14 29 3.37489 0 54 3.37489 1
gene 1 14 30 0.119101 0 55 0.119101 1
gene 1 14 31 -0.912664 0 56 -0.912664 1
gene 1 15 28 -0.340083 0 57 -0.340083 1
gene 1 15 29 -4.00133 0 58 -4.00133 1
gene 1 15 30 -0.684442 0 59 -0.684442 1
gene 1 15 31 0.274866 0 60 0.274866 1
gene 1 16 28 -1.88701 0 61 -1.88701 1
gene 1 16 29 1.77374 0 62 1.77374 1
gene 1 16 30 -0.140192 0 63 -0.140192 1
gene 1 16 31 -2.08457 0 64 -2.08457 1
gene 1 17 28 3.35228 0 65 3.35228 1
gene 1 17 29 0.425795 0 66 0.425795 1
gene 1 17 30 -1.60062 0 67 -1.60062 1
gene 1 17 31 1.42441 0 68 1.42441 1
gene 1 18 28 3.73183 0 69 3.73183 1
gene 1 18 29 -0.538762 0 70 -0.538762 1
gene 1 18 30 0.330304 0 71 0.330304 1
gene 1 18 31 4.27431 0 72 4.27431 1
gene 1 19 28 -0.475377 0 73 -0.475377 1
gene 1 19 29 -0.459194 0 74 -0.459194 1
gene 1 19 30 -0.29651 0 75 -0.29651 1
gene 1 19 31 5 0 76 5 1
gene 1 20 28 -0.292802 0 77 -0.292802 1
gene 1 20 29 -4.97635 0 78 -4.97635 1
gene 1 20 30 -3.24943 0 79 -3.24943 1
gene 1 20 31 -0.481682 0 80 -0.481682 1
gene 1 21 28 0.513275 0 81 0.513275 1
gene 1 21 29 -1.88742 0 82 -1.88742 1
gene 1 21 30 -0.821474 0 83 -0.821474 1
gene 1 21 31 0.380339 0 84 0.380339 1
gene 1 22 28 -0.57021 0 85 -0.57021 1
gene 1 22 29 -0.0461756 0 86 -0.0461756 1
gene 1 22 30 -0.0228715 0 87 -0.0228715 1
gene 1 22 31 -0.299448 0 88 -0.299448 1
gene 1 23 28 0.577935 0 89 0.577935 1
gene 1 23 29 -0.846004 0 90 -0.846004 1
gene 1 23 30 -0.773239 0 91 -0.773239 1
gene 1 23 31 -0.0745289 0 92 -0.0745289 1
gene 1 24 28 1.39825 0 93 1.39825 1
gene 1 24 29 -0.348868 0 94 -0.348868 1
gene 1 24 30 2.84566 0 95 2.84566 1
gene 1 24 31 -0.675472 0 96 -0.675472 1
gene 1 25 28 -0.292096 0 97 -0.292096 1
gene 1 25 29 -0.107736 0 98 -0.107736 1
gene 1 25 30 -0.967833 0 99 -0.967833 1
gene 1 25 31 0.210276 0 100 0.210276 1
gene 1 26 28 0.033198 0 101 0.033198 1
gene 1 26 29 0.996677 0 102 0.996677 1
gene 1 26 30 0.936665 0 103 0.936665 1
gene 1 26 31 0.559684 0 104 0.559684 1
gene 1 27 28 4.97776 0 105 4.97776 1
gene 1 27 29 3.50649 0 106 3.50649 1
gene 1 27 30 0.792159 0 107 0.792159 1
gene 1 27 31 -0.853543 0 108 -0.853543 1
genomeend 13


