/* Organism #0 Fitness: 20392.532000 Time: 0 */
genomestart 0
trait 1 1.000000 0.000000 0.000000 0.003542 0.000000 0.000000 0.082779 0.000000 
node 1 1 1 1
node 2 1 1 1
node 3 1 1 1
node 4 1 1 1
node 5 1 1 1
node 6 1 1 1
node 7 1 1 1
node 8 1 1 1
node 9 1 1 1
node 10 1 1 1
node 11 1 1 1
node 12 1 1 1
node 13 1 1 1
node 14 1 1 1
node 15 1 1 1
node 16 1 1 1
node 17 1 1 1
node 18 1 1 1
node 19 1 1 1
node 20 1 1 1
node 21 1 1 1
node 22 1 1 1
node 23 1 1 1
node 24 1 1 1
node 25 1 1 1
node 26 1 1 1
node 27 1 1 3
node 28 1 0 2
node 29 1 0 2
node 30 1 0 2
node 31 1 0 2
gene 1 1 28 1.54392 0 1 1.54392 1
gene 1 1 29 0.607754 0 2 0.607754 1
gene 1 1 30 1.83218 0 3 1.83218 1
gene 1 1 31 0.278346 0 4 0.278346 1
gene 1 2 28 -1.76821 0 5 -1.76821 1
gene 1 2 29 -2.76366 0 6 -2.76366 1
gene 1 2 30 -3.09047 0 7 -3.09047 1
gene 1 2 31 0.0832301 0 8 0.0832301 1
gene 1 3 28 1.33009 0 9 1.33009 1
gene 1 3 29 -0.289092 0 10 -0.289092 1
gene 1 3 30 -0.786851 0 11 -0.786851 1
gene 1 3 31 -1.79229 0 12 -1.79229 1
gene 1 4 28 -0.389732 0 13 -0.389732 1
gene 1 4 29 0.417623 0 14 0.417623 1
gene 1 4 30 -2.45031 0 15 -2.45031 1
gene 1 4 31 -3.81723 0 16 -3.81723 1
gene 1 5 28 0.222138 0 17 0.222138 1
gene 1 5 29 1.00403 0 18 1.00403 1
gene 1 5 30 -4.89116 0 19 -4.89116 1
gene 1 5 31 0.112681 0 20 0.112681 1
gene 1 6 28 -2.88043 0 21 -2.88043 1
gene 1 6 29 0.679436 0 22 0.679436 1
gene 1 6 30 -1.58704 0 23 -1.58704 1
gene 1 6 31 -0.77646 0 24 -0.77646 1
gene 1 7 28 0.194956 0 25 0.194956 1
gene 1 7 29 -3.18811 0 26 -3.18811 1
gene 1 7 30 -1.68523 0 27 -1.68523 1
gene 1 7 31 0.168227 0 28 0.168227 1
gene 1 8 28 -4.68335 0 29 -4.68335 1
gene 1 8 29 0.893039 0 30 0.893039 1
gene 1 8 30 -1.22277 0 31 -1.22277 1
gene 1 8 31 0.175158 0 32 0.175158 1
gene 1 9 28 0.466872 0 33 0.466872 1
gene 1 9 29 0.558804 0 34 0.558804 1
gene 1 9 30 -1.72038 0 35 -1.72038 1
gene 1 9 31 -2.4664 0 36 -2.4664 1
gene 1 10 28 2.15345 0 37 2.15345 1
gene 1 10 29 2.73497 0 38 2.73497 1
gene 1 10 30 0.566393 0 39 0.566393 1
gene 1 10 31 0.158716 0 40 0.158716 1
gene 1 11 28 0.0554022 0 41 0.0554022 1
gene 1 11 29 -0.493045 0 42 -0.493045 1
gene 1 11 30 3.84638 0 43 3.84638 1
gene 1 11 31 1.1363 0 44 1.1363 1
gene 1 12 28 -0.717335 0 45 -0.717335 1
gene 1 12 29 -2.00281 0 46 -2.00281 1
gene 1 12 30 0.122161 0 47 0.122161 1
gene 1 12 31 2.82887 0 48 2.82887 1
gene 1 13 28 1.62726 0 49 1.62726 1
gene 1 13 29 0.32949 0 50 0.32949 1
gene 1 13 30 -0.642962 0 51 -0.642962 1
gene 1 13 31 -3.23811 0 52 -3.23811 1
gene 1 14 28 -1.03341 0 53 -1.03341 1
gene 1 14 29 1.70716 0 54 1.70716 1
gene 1 14 30 0.627494 0 55 0.627494 1
gene 1 14 31 -1.46651 0 56 -1.46651 1
gene 1 15 28 -0.148317 0 57 -0.148317 1
gene 1 15 29 -3.29234 0 58 -3.29234 1
gene 1 15 30 0.378376 0 59 0.378376 1
gene 1 15 31 -0.61131 0 60 -0.61131 1
gene 1 16 28 -2.6183 0 61 -2.6183 1
gene 1 16 29 -0.719953 0 62 -0.719953 1
gene 1 16 30 -0.546846 0 63 -0.546846 1
gene 1 16 31 0.352733 0 64 0.352733 1
gene 1 17 28 0.292481 0 65 0.292481 1
gene 1 17 29 -1.83076 0 66 -1.83076 1
gene 1 17 30 2.08894 0 67 2.08894 1
gene 1 17 31 -1.14754 0 68 -1.14754 1
gene 1 18 28 0.746581 0 69 0.746581 1
gene 1 18 29 -4.04553 0 70 -4.04553 1
gene 1 18 30 0.0253441 0 71 0.0253441 1
gene 1 18 31 0.838207 0 72 0.838207 1
gene 1 19 28 -0.13464 0 73 -0.13464 1
gene 1 19 29 -3.4484 0 74 -3.4484 1
gene 1 19 30 0.294987 0 75 0.294987 1
gene 1 19 31 2.60005 0 76 2.60005 1
gene 1 20 28 -0.561747 0 77 -0.561747 1
gene 1 20 29 -1.21163 0 78 -1.21163 1
gene 1 20 30 -0.430995 0 79 -0.430995 1
gene 1 20 31 -0.0948086 0 80 -0.0948086 1
gene 1 21 28 0.237698 0 81 0.237698 1
gene 1 21 29 -2.70808 0 82 -2.70808 1
gene 1 21 30 -4.04714 0 83 -4.04714 1
gene 1 21 31 -1.43108 0 84 -1.43108 1
gene 1 22 28 -0.745524 0 85 -0.745524 1
gene 1 22 29 -0.866104 0 86 -0.866104 1
gene 1 22 30 -0.558962 0 87 -0.558962 1
gene 1 22 31 0.420134 0 88 0.420134 1
gene 1 23 28 0.300546 0 89 0.300546 1
gene 1 23 29 -0.891924 0 90 -0.891924 1
gene 1 23 30 0.613087 0 91 0.613087 1
gene 1 23 31 0.403638 0 92 0.403638 1
gene 1 24 28 -0.820282 0 93 -0.820282 1
gene 1 24 29 1.04799 0 94 1.04799 1
gene 1 24 30 1.25531 0 95 1.25531 1
gene 1 24 31 -0.19066 0 96 -0.19066 1
gene 1 25 28 -0.0232867 0 97 -0.0232867 1
gene 1 25 29 2.10528 0 98 2.10528 1
gene 1 25 30 0.956159 0 99 0.956159 1
gene 1 25 31 0.916074 0 100 0.916074 1
gene 1 26 28 -1.21805 0 101 -1.21805 1
gene 1 26 29 4.27996 0 102 4.27996 1
gene 1 26 30 -0.265016 0 103 -0.265016 1
gene 1 26 31 1.10883 0 104 1.10883 1
gene 1 27 28 -4.1732 0 105 -4.1732 1
gene 1 27 29 -3.42128 0 106 -3.42128 1
gene 1 27 30 -0.443528 0 107 -0.443528 1
gene 1 27 31 -1.21668 0 108 -1.21668 1
genomeend 0


