/* Organism #6 Fitness: 20360.682000 Time: 0 */
genomestart 6
trait 1 0.815873 0.000000 0.315305 0.000000 0.146577 0.266081 0.000000 0.000000 
node 1 1 1 1
node 2 1 1 1
node 3 1 1 1
node 4 1 1 1
node 5 1 1 1
node 6 1 1 1
node 7 1 1 1
node 8 1 1 1
node 9 1 1 1
node 10 1 1 1
node 11 1 1 1
node 12 1 1 1
node 13 1 1 1
node 14 1 1 1
node 15 1 1 1
node 16 1 1 1
node 17 1 1 1
node 18 1 1 1
node 19 1 1 1
node 20 1 1 1
node 21 1 1 1
node 22 1 1 1
node 23 1 1 1
node 24 1 1 1
node 25 1 1 1
node 26 1 1 1
node 27 1 1 3
node 28 1 0 2
node 29 1 0 2
node 30 1 0 2
node 31 1 0 2
gene 1 1 28 -0.564448 0 1 -0.564448 1
gene 1 1 29 0.906304 0 2 0.906304 1
gene 1 1 30 -3.67443 0 3 -3.67443 1
gene 1 1 31 -0.260223 0 4 -0.260223 1
gene 1 2 28 3.42806 0 5 3.42806 1
gene 1 2 29 -4.61495 0 6 -4.61495 1
gene 1 2 30 0.290651 0 7 0.290651 1
gene 1 2 31 -2.0319 0 8 -2.0319 1
gene 1 3 28 -0.632428 0 9 -0.632428 1
gene 1 3 29 -4.80881 0 10 -4.80881 1
gene 1 3 30 -0.60311 0 11 -0.60311 1
gene 1 3 31 -0.409714 0 12 -0.409714 1
gene 1 4 28 -0.809044 0 13 -0.809044 1
gene 1 4 29 -0.173355 0 14 -0.173355 1
gene 1 4 30 0.432069 0 15 0.432069 1
gene 1 4 31 1.40963 0 16 1.40963 1
gene 1 5 28 -0.387179 0 17 -0.387179 1
gene 1 5 29 1.52536 0 18 1.52536 1
gene 1 5 30 -4.50238 0 19 -4.50238 1
gene 1 5 31 -0.528836 0 20 -0.528836 1
gene 1 6 28 -1.58233 0 21 -1.58233 1
gene 1 6 29 0.821107 0 22 0.821107 1
gene 1 6 30 -4.09562 0 23 -4.09562 1
gene 1 6 31 0.0477458 0 24 0.0477458 1
gene 1 7 28 -1.47798 0 25 -1.47798 1
gene 1 7 29 0.817514 0 26 0.817514 1
gene 1 7 30 1.12908 0 27 1.12908 1
gene 1 7 31 -3.87992 0 28 -3.87992 1
gene 1 8 28 -0.997302 0 29 -0.997302 1
gene 1 8 29 -0.51426 0 30 -0.51426 1
gene 1 8 30 -0.4247 0 31 -0.4247 1
gene 1 8 31 0.989668 0 32 0.989668 1
gene 1 9 28 -0.974015 0 33 -0.974015 1
gene 1 9 29 0.483224 0 34 0.483224 1
gene 1 9 30 1.67353 0 35 1.67353 1
gene 1 9 31 -1.14339 0 36 -1.14339 1
gene 1 10 28 -0.590879 0 37 -0.590879 1
gene 1 10 29 4.23873 0 38 4.23873 1
gene 1 10 30 2.76608 0 39 2.76608 1
gene 1 10 31 3.78807 0 40 3.78807 1
gene 1 11 28 -1.0682 0 41 -1.0682 1
gene 1 11 29 2.78172 0 42 2.78172 1
gene 1 11 30 -0.678998 0 43 -0.678998 1
gene 1 11 31 0.434157 0 44 0.434157 1
gene 1 12 28 0.629989 0 45 0.629989 1
gene 1 12 29 0.240951 0 46 0.240951 1
gene 1 12 30 -4.43585 0 47 -4.43585 1
gene 1 12 31 0.820918 0 48 0.820918 1
gene 1 13 28 0.472723 0 49 0.472723 1
gene 1 13 29 -1.35259 0 50 -1.35259 1
gene 1 13 30 -1.47036 0 51 -1.47036 1
gene 1 13 31 0.942431 0 52 0.942431 1
gene 1 14 28 1.21107 0 53 1.21107 1
gene 1 14 29 -4.38769 0 54 -4.38769 1
gene 1 14 30 5 0 55 5 1
gene 1 14 31 -0.109802 0 56 -0.109802 1
gene 1 15 28 -0.407409 0 57 -0.407409 1
gene 1 15 29 0.318605 0 58 0.318605 1
gene 1 15 30 3.83524 0 59 3.83524 1
gene 1 15 31 3.19472 0 60 3.19472 1
gene 1 16 28 -0.371129 0 61 -0.371129 1
gene 1 16 29 1.41923 0 62 1.41923 1
gene 1 16 30 2.87029 0 63 2.87029 1
gene 1 16 31 1.38096 0 64 1.38096 1
gene 1 17 28 -5 0 65 -5 1
gene 1 17 29 -3.30932 0 66 -3.30932 1
gene 1 17 30 1.98196 0 67 1.98196 1
gene 1 17 31 -0.18829 0 68 -0.18829 1
gene 1 18 28 0.565002 0 69 0.565002 1
gene 1 18 29 0.990192 0 70 0.990192 1
gene 1 18 30 -2.38787 0 71 -2.38787 1
gene 1 18 31 -0.251317 0 72 -0.251317 1
gene 1 19 28 -2.75854 0 73 -2.75854 1
gene 1 19 29 -2.40127 0 74 -2.40127 1
gene 1 19 30 -3.94933 0 75 -3.94933 1
gene 1 19 31 0.830138 0 76 0.830138 1
gene 1 20 28 0.104996 0 77 0.104996 1
gene 1 20 29 -0.201258 0 78 -0.201258 1
gene 1 20 30 4.29644 0 79 4.29644 1
gene 1 20 31 -4.93933 0 80 -4.93933 1
gene 1 21 28 3.02281 0 81 3.02281 1
gene 1 21 29 -1.54231 0 82 -1.54231 1
gene 1 21 30 -0.21539 0 83 -0.21539 1
gene 1 21 31 0.269492 0 84 0.269492 1
gene 1 22 28 -1.57496 0 85 -1.57496 1
gene 1 22 29 -0.252438 0 86 -0.252438 1
gene 1 22 30 0.536261 0 87 0.536261 1
gene 1 22 31 -0.277628 0 88 -0.277628 1
gene 1 23 28 0.573398 0 89 0.573398 1
gene 1 23 29 1.50437 0 90 1.50437 1
gene 1 23 30 -0.22308 0 91 -0.22308 1
gene 1 23 31 0.31863 0 92 0.31863 1
gene 1 24 28 -1.89543 0 93 -1.89543 1
gene 1 24 29 -1.54081 0 94 -1.54081 1
gene 1 24 30 0.709418 0 95 0.709418 1
gene 1 24 31 0.037916 0 96 0.037916 1
gene 1 25 28 -1.1414 0 97 -1.1414 1
gene 1 25 29 4.00747 0 98 4.00747 1
gene 1 25 30 2.72881 0 99 2.72881 1
gene 1 25 31 -0.0236785 0 100 -0.0236785 1
gene 1 26 28 0.295907 0 101 0.295907 1
gene 1 26 29 0.47271 0 102 0.47271 1
gene 1 26 30 2.4418 0 103 2.4418 1
gene 1 26 31 0.100326 0 104 0.100326 1
gene 1 27 28 -1.57153 0 105 -1.57153 1
gene 1 27 29 -2.66492 0 106 -2.66492 1
gene 1 27 30 -3.8716 0 107 -3.8716 1
gene 1 27 31 0.290062 0 108 0.290062 1
genomeend 6


