/* Organism #2 Fitness: 20044.654000 Time: 0 */
genomestart 2
trait 1 0.100000 0.608932 0.000000 0.000000 0.000000 0.000000 0.808136 0.647675 
node 1 1 1 1
node 2 1 1 1
node 3 1 1 1
node 4 1 1 1
node 5 1 1 1
node 6 1 1 1
node 7 1 1 1
node 8 1 1 1
node 9 1 1 1
node 10 1 1 1
node 11 1 1 1
node 12 1 1 1
node 13 1 1 1
node 14 1 1 1
node 15 1 1 1
node 16 1 1 1
node 17 1 1 1
node 18 1 1 1
node 19 1 1 1
node 20 1 1 1
node 21 1 1 1
node 22 1 1 1
node 23 1 1 1
node 24 1 1 1
node 25 1 1 1
node 26 1 1 1
node 27 1 1 3
node 28 1 0 2
node 29 1 0 2
node 30 1 0 2
node 31 1 0 2
gene 1 1 28 -0.559476 0 1 -0.559476 1
gene 1 1 29 -1.57771 0 2 -1.57771 1
gene 1 1 30 -4.61259 0 3 -4.61259 1
gene 1 1 31 1.33417 0 4 1.33417 1
gene 1 2 28 0.886502 0 5 0.886502 1
gene 1 2 29 -0.92249 0 6 -0.92249 1
gene 1 2 30 -4.58384 0 7 -4.58384 1
gene 1 2 31 -2.22907 0 8 -2.22907 1
gene 1 3 28 -1.38742 0 9 -1.38742 1
gene 1 3 29 2.8723 0 10 2.8723 1
gene 1 3 30 -1.30847 0 11 -1.30847 1
gene 1 3 31 3.26132 0 12 3.26132 1
gene 1 4 28 0.265867 0 13 0.265867 1
gene 1 4 29 1.87754 0 14 1.87754 1
gene 1 4 30 0.35939 0 15 0.35939 1
gene 1 4 31 0.714899 0 16 0.714899 1
gene 1 5 28 -1.15622 0 17 -1.15622 1
gene 1 5 29 0.808191 0 18 0.808191 1
gene 1 5 30 -2.22758 0 19 -2.22758 1
gene 1 5 31 1.87011 0 20 1.87011 1
gene 1 6 28 2.99988 0 21 2.99988 1
gene 1 6 29 -1.63465 0 22 -1.63465 1
gene 1 6 30 -0.822139 0 23 -0.822139 1
gene 1 6 31 0.0312745 0 24 0.0312745 1
gene 1 7 28 1.62949 0 25 1.62949 1
gene 1 7 29 -1.24989 0 26 -1.24989 1
gene 1 7 30 -3.2187 0 27 -3.2187 1
gene 1 7 31 0.276772 0 28 0.276772 1
gene 1 8 28 -0.152199 0 29 -0.152199 1
gene 1 8 29 5 0 30 5 1
gene 1 8 30 -0.922483 0 31 -0.922483 1
gene 1 8 31 0.304698 0 32 0.304698 1
gene 1 9 28 -4.20566 0 33 -4.20566 1
gene 1 9 29 -1.07312 0 34 -1.07312 1
gene 1 9 30 0.0032226 0 35 0.0032226 1
gene 1 9 31 -0.872228 0 36 -0.872228 1
gene 1 10 28 0.0120426 0 37 0.0120426 1
gene 1 10 29 -3.641 0 38 -3.641 1
gene 1 10 30 1.44481 0 39 1.44481 1
gene 1 10 31 3.01928 0 40 3.01928 1
gene 1 11 28 0.351158 0 41 0.351158 1
gene 1 11 29 1.34171 0 42 1.34171 1
gene 1 11 30 -0.85183 0 43 -0.85183 1
gene 1 11 31 0.0839549 0 44 0.0839549 1
gene 1 12 28 -1.71033 0 45 -1.71033 1
gene 1 12 29 0.166175 0 46 0.166175 1
gene 1 12 30 1.25308 0 47 1.25308 1
gene 1 12 31 -0.247287 0 48 -0.247287 1
gene 1 13 28 5 0 49 5 1
gene 1 13 29 0.779878 0 50 0.779878 1
gene 1 13 30 1.50211 0 51 1.50211 1
gene 1 13 31 -0.0552531 0 52 -0.0552531 1
gene 1 14 28 0.752233 0 53 0.752233 1
gene 1 14 29 -1.01393 0 54 -1.01393 1
gene 1 14 30 -0.441267 0 55 -0.441267 1
gene 1 14 31 0.390591 0 56 0.390591 1
gene 1 15 28 -0.674431 0 57 -0.674431 1
gene 1 15 29 -0.261194 0 58 -0.261194 1
gene 1 15 30 -2.76735 0 59 -2.76735 1
gene 1 15 31 0.450174 0 60 0.450174 1
gene 1 16 28 0.205423 0 61 0.205423 1
gene 1 16 29 -2.34054 0 62 -2.34054 1
gene 1 16 30 1.72444 0 63 1.72444 1
gene 1 16 31 2.32268 0 64 2.32268 1
gene 1 17 28 3.96244 0 65 3.96244 1
gene 1 17 29 -0.898009 0 66 -0.898009 1
gene 1 17 30 3.27241 0 67 3.27241 1
gene 1 17 31 -5 0 68 -5 1
gene 1 18 28 1.96172 0 69 1.96172 1
gene 1 18 29 0.177138 0 70 0.177138 1
gene 1 18 30 2.19564 0 71 2.19564 1
gene 1 18 31 0.39474 0 72 0.39474 1
gene 1 19 28 0.730775 0 73 0.730775 1
gene 1 19 29 2.20255 0 74 2.20255 1
gene 1 19 30 -0.214898 0 75 -0.214898 1
gene 1 19 31 -1.68706 0 76 -1.68706 1
gene 1 20 28 -2.67081 0 77 -2.67081 1
gene 1 20 29 -0.776001 0 78 -0.776001 1
gene 1 20 30 -1.63901 0 79 -1.63901 1
gene 1 20 31 -1.83738 0 80 -1.83738 1
gene 1 21 28 1.13688 0 81 1.13688 1
gene 1 21 29 2.71946 0 82 2.71946 1
gene 1 21 30 -1.9433 0 83 -1.9433 1
gene 1 21 31 2.45687 0 84 2.45687 1
gene 1 22 28 -0.582016 0 85 -0.582016 1
gene 1 22 29 -0.548578 0 86 -0.548578 1
gene 1 22 30 -3.018 0 87 -3.018 1
gene 1 22 31 -0.201655 0 88 -0.201655 1
gene 1 23 28 0.0421007 0 89 0.0421007 1
gene 1 23 29 -0.592785 0 90 -0.592785 1
gene 1 23 30 0.206648 0 91 0.206648 1
gene 1 23 31 -1.34288 0 92 -1.34288 1
gene 1 24 28 0.163978 0 93 0.163978 1
gene 1 24 29 0.46324 0 94 0.46324 1
gene 1 24 30 0.104748 0 95 0.104748 1
gene 1 24 31 -0.745213 0 96 -0.745213 1
gene 1 25 28 -2.20081 0 97 -2.20081 1
gene 1 25 29 0.439615 0 98 0.439615 1
gene 1 25 30 0.593829 0 99 0.593829 1
gene 1 25 31 -0.479788 0 100 -0.479788 1
gene 1 26 28 -0.838712 0 101 -0.838712 1
gene 1 26 29 -0.470766 0 102 -0.470766 1
gene 1 26 30 -0.536439 0 103 -0.536439 1
gene 1 26 31 -2.86848 0 104 -2.86848 1
gene 1 27 28 1.83277 0 105 1.83277 1
gene 1 27 29 4.06578 0 106 4.06578 1
gene 1 27 30 -1.20603 0 107 -1.20603 1
gene 1 27 31 0.078128 0 108 0.078128 1
genomeend 2


