/* Organism #0 Fitness: 7730.296000 Time: 0 */
genomestart 0
trait 1 0.387412 0.295781 0.000000 1.000000 0.608852 0.812272 0.000000 0.000000 
node 1 1 1 1
node 2 1 1 1
node 3 1 1 1
node 4 1 1 1
node 5 1 1 1
node 6 1 1 1
node 7 1 1 1
node 8 1 1 1
node 9 1 1 1
node 10 1 1 1
node 11 1 1 1
node 12 1 1 1
node 13 1 1 1
node 14 1 1 1
node 15 1 1 1
node 16 1 1 1
node 17 1 1 1
node 18 1 1 1
node 19 1 1 1
node 20 1 1 1
node 21 1 1 1
node 22 1 1 1
node 23 1 1 1
node 24 1 1 1
node 25 1 1 1
node 26 1 1 1
node 27 1 1 1
node 28 1 1 1
node 29 1 1 1
node 30 1 1 1
node 31 1 1 1
node 32 1 1 1
node 33 1 1 1
node 34 1 1 1
node 35 1 1 3
node 36 1 0 2
node 37 1 0 2
node 38 1 0 2
node 39 1 0 2
gene 1 1 36 -3.00571 0 1 -3.00571 1
gene 1 1 37 0.283848 0 2 0.283848 1
gene 1 1 38 -0.474281 0 3 -0.474281 1
gene 1 1 39 1.28918 0 4 1.28918 1
gene 1 2 36 0.722677 0 5 0.722677 1
gene 1 2 37 2.02682 0 6 2.02682 1
gene 1 2 38 -1.21928 0 7 -1.21928 1
gene 1 2 39 -0.711717 0 8 -0.711717 1
gene 1 3 36 -0.486286 0 9 -0.486286 1
gene 1 3 37 -0.602438 0 10 -0.602438 1
gene 1 3 38 -0.0382332 0 11 -0.0382332 1
gene 1 3 39 -4.99823 0 12 -4.99823 1
gene 1 4 36 3.17818 0 13 3.17818 1
gene 1 4 37 1.23051 0 14 1.23051 1
gene 1 4 38 -0.0157172 0 15 -0.0157172 1
gene 1 4 39 3.45208 0 16 3.45208 1
gene 1 5 36 4.70431 0 17 4.70431 1
gene 1 5 37 2.44002 0 18 2.44002 1
gene 1 5 38 -0.031842 0 19 -0.031842 1
gene 1 5 39 1.04014 0 20 1.04014 1
gene 1 6 36 0.0691613 0 21 0.0691613 1
gene 1 6 37 -0.417514 0 22 -0.417514 1
gene 1 6 38 1.41716 0 23 1.41716 1
gene 1 6 39 -0.570324 0 24 -0.570324 1
gene 1 7 36 5 0 25 5 1
gene 1 7 37 -2.5038 0 26 -2.5038 1
gene 1 7 38 0.657226 0 27 0.657226 1
gene 1 7 39 1.6103 0 28 1.6103 1
gene 1 8 36 -0.815085 0 29 -0.815085 1
gene 1 8 37 1.34831 0 30 1.34831 1
gene 1 8 38 1.81756 0 31 1.81756 1
gene 1 8 39 3.81997 0 32 3.81997 1
gene 1 9 36 1.62559 0 33 1.62559 1
gene 1 9 37 0.55534 0 34 0.55534 1
gene 1 9 38 5 0 35 5 1
gene 1 9 39 -1.78958 0 36 -1.78958 1
gene 1 10 36 -0.304673 0 37 -0.304673 1
gene 1 10 37 -2.8908 0 38 -2.8908 1
gene 1 10 38 -0.304277 0 39 -0.304277 1
gene 1 10 39 -3.10244 0 40 -3.10244 1
gene 1 11 36 2.22088 0 41 2.22088 1
gene 1 11 37 -0.111775 0 42 -0.111775 1
gene 1 11 38 -3.88012 0 43 -3.88012 1
gene 1 11 39 -2.92026 0 44 -2.92026 1
gene 1 12 36 0.263958 0 45 0.263958 1
gene 1 12 37 -0.744481 0 46 -0.744481 1
gene 1 12 38 2.95363 0 47 2.95363 1
gene 1 12 39 -3.10661 0 48 -3.10661 1
gene 1 13 36 1.57247 0 49 1.57247 1
gene 1 13 37 -3.01996 0 50 -3.01996 1
gene 1 13 38 -2.42506 0 51 -2.42506 1
gene 1 13 39 -1.62107 0 52 -1.62107 1
gene 1 14 36 -0.210218 0 53 -0.210218 1
gene 1 14 37 -0.0503129 0 54 -0.0503129 1
gene 1 14 38 1.11605 0 55 1.11605 1
gene 1 14 39 -0.196626 0 56 -0.196626 1
gene 1 15 36 0.449019 0 57 0.449019 1
gene 1 15 37 4.04558 0 58 4.04558 1
gene 1 15 38 -3.60673 0 59 -3.60673 1
gene 1 15 39 -1.64849 0 60 -1.64849 1
gene 1 16 36 1.25043 0 61 1.25043 1
gene 1 16 37 -0.906195 0 62 -0.906195 1
gene 1 16 38 -0.686755 0 63 -0.686755 1
gene 1 16 39 -1.00311 0 64 -1.00311 1
gene 1 17 36 -2.63455 0 65 -2.63455 1
gene 1 17 37 0.812017 0 66 0.812017 1
gene 1 17 38 -4.17877 0 67 -4.17877 1
gene 1 17 39 -2.03931 0 68 -2.03931 1
gene 1 18 36 -0.688361 0 69 -0.688361 1
gene 1 18 37 -4.35791 0 70 -4.35791 1
gene 1 18 38 -2.68253 0 71 -2.68253 1
gene 1 18 39 -1.83365 0 72 -1.83365 1
gene 1 19 36 -5 0 73 -5 1
gene 1 19 37 -5 0 74 -5 1
gene 1 19 38 -3.03866 0 75 -3.03866 1
gene 1 19 39 -3.10457 0 76 -3.10457 1
gene 1 20 36 0.626798 0 77 0.626798 1
gene 1 20 37 -1.26424 0 78 -1.26424 1
gene 1 20 38 -0.253159 0 79 -0.253159 1
gene 1 20 39 -2.41303 0 80 -2.41303 1
gene 1 21 36 1.15533 0 81 1.15533 1
gene 1 21 37 -0.175957 0 82 -0.175957 1
gene 1 21 38 -0.100846 0 83 -0.100846 1
gene 1 21 39 -3.1014 0 84 -3.1014 1
gene 1 22 36 -0.371439 0 85 -0.371439 1
gene 1 22 37 4.76874 0 86 4.76874 1
gene 1 22 38 -2.65964 0 87 -2.65964 1
gene 1 22 39 -1.83485 0 88 -1.83485 1
gene 1 23 36 2.62081 0 89 2.62081 1
gene 1 23 37 4.05784 0 90 4.05784 1
gene 1 23 38 -1.2396 0 91 -1.2396 1
gene 1 23 39 -0.531976 0 92 -0.531976 1
gene 1 24 36 -1.17929 0 93 -1.17929 1
gene 1 24 37 0.338746 0 94 0.338746 1
gene 1 24 38 -0.547479 0 95 -0.547479 1
gene 1 24 39 -0.909647 0 96 -0.909647 1
gene 1 25 36 1.90151 0 97 1.90151 1
gene 1 25 37 0.894085 0 98 0.894085 1
gene 1 25 38 0.958752 0 99 0.958752 1
gene 1 25 39 -2.09074 0 100 -2.09074 1
gene 1 26 36 5 0 101 5 1
gene 1 26 37 -0.183973 0 102 -0.183973 1
gene 1 26 38 -2.70871 0 103 -2.70871 1
gene 1 26 39 -4.21187 0 104 -4.21187 1
gene 1 27 36 -2.47598 0 105 -2.47598 1
gene 1 27 37 -2.83085 0 106 -2.83085 1
gene 1 27 38 -1.53912 0 107 -1.53912 1
gene 1 27 39 -4.52551 0 108 -4.52551 1
gene 1 28 36 -1.70928 0 109 -1.70928 1
gene 1 28 37 -0.303759 0 110 -0.303759 1
gene 1 28 38 -2.38621 0 111 -2.38621 1
gene 1 28 39 0.0210709 0 112 0.0210709 1
gene 1 29 36 4.70877 0 113 4.70877 1
gene 1 29 37 -0.924609 0 114 -0.924609 1
gene 1 29 38 -0.022698 0 115 -0.022698 1
gene 1 29 39 0.176858 0 116 0.176858 1
gene 1 30 36 0.0739085 0 117 0.0739085 1
gene 1 30 37 0.55779 0 118 0.55779 1
gene 1 30 38 -0.596351 0 119 -0.596351 1
gene 1 30 39 -0.0966855 0 120 -0.0966855 1
gene 1 31 36 0.868831 0 121 0.868831 1
gene 1 31 37 -0.337056 0 122 -0.337056 1
gene 1 31 38 0.414486 0 123 0.414486 1
gene 1 31 39 -0.663657 0 124 -0.663657 1
gene 1 32 36 -0.20268 0 125 -0.20268 1
gene 1 32 37 0.608187 0 126 0.608187 1
gene 1 32 38 0.777706 0 127 0.777706 1
gene 1 32 39 0.509908 0 128 0.509908 1
gene 1 33 36 1.52039 0 129 1.52039 1
gene 1 33 37 -1.13437 0 130 -1.13437 1
gene 1 33 38 0.609635 0 131 0.609635 1
gene 1 33 39 0.540974 0 132 0.540974 1
gene 1 34 36 1.51804 0 133 1.51804 1
gene 1 34 37 -0.572004 0 134 -0.572004 1
gene 1 34 38 -0.752713 0 135 -0.752713 1
gene 1 34 39 2.07858 0 136 2.07858 1
gene 1 35 36 -0.00393452 0 137 -0.00393452 1
gene 1 35 37 -2.25825 0 138 -2.25825 1
gene 1 35 38 1.18463 0 139 1.18463 1
gene 1 35 39 -1.42473 0 140 -1.42473 1
genomeend 0


