/* Organism #13 Fitness: 6810.766000 Time: 0 */
genomestart 13
trait 1 0.191189 0.000000 1.000000 0.447312 0.000000 0.000000 0.172334 0.683683 
node 1 1 1 1
node 2 1 1 1
node 3 1 1 1
node 4 1 1 1
node 5 1 1 1
node 6 1 1 1
node 7 1 1 1
node 8 1 1 1
node 9 1 1 1
node 10 1 1 1
node 11 1 1 1
node 12 1 1 1
node 13 1 1 1
node 14 1 1 1
node 15 1 1 1
node 16 1 1 1
node 17 1 1 1
node 18 1 1 1
node 19 1 1 1
node 20 1 1 1
node 21 1 1 1
node 22 1 1 1
node 23 1 1 1
node 24 1 1 1
node 25 1 1 1
node 26 1 1 1
node 27 1 1 1
node 28 1 1 1
node 29 1 1 1
node 30 1 1 1
node 31 1 1 1
node 32 1 1 1
node 33 1 1 1
node 34 1 1 1
node 35 1 1 3
node 36 1 0 2
node 37 1 0 2
node 38 1 0 2
node 39 1 0 2
gene 1 1 36 0.423885 0 1 0.423885 1
gene 1 1 37 -0.631271 0 2 -0.631271 1
gene 1 1 38 0.0210035 0 3 0.0210035 1
gene 1 1 39 1.39839 0 4 1.39839 1
gene 1 2 36 -1.84351 0 5 -1.84351 1
gene 1 2 37 3.94505 0 6 3.94505 1
gene 1 2 38 2.66128 0 7 2.66128 1
gene 1 2 39 -1.76164 0 8 -1.76164 1
gene 1 3 36 -0.217185 0 9 -0.217185 1
gene 1 3 37 3.08229 0 10 3.08229 1
gene 1 3 38 -0.0997804 0 11 -0.0997804 1
gene 1 3 39 1.22759 0 12 1.22759 1
gene 1 4 36 -4.13903 0 13 -4.13903 1
gene 1 4 37 5 0 14 5 1
gene 1 4 38 0.642123 0 15 0.642123 1
gene 1 4 39 -2.61482 0 16 -2.61482 1
gene 1 5 36 1.3303 0 17 1.3303 1
gene 1 5 37 0.0970055 0 18 0.0970055 1
gene 1 5 38 1.91458 0 19 1.91458 1
gene 1 5 39 4.96874 0 20 4.96874 1
gene 1 6 36 -3.25818 0 21 -3.25818 1
gene 1 6 37 0.662972 0 22 0.662972 1
gene 1 6 38 -3.66909 0 23 -3.66909 1
gene 1 6 39 -1.25699 0 24 -1.25699 1
gene 1 7 36 -0.254838 0 25 -0.254838 1
gene 1 7 37 -1.25327 0 26 -1.25327 1
gene 1 7 38 -2.84947 0 27 -2.84947 1
gene 1 7 39 0.533131 0 28 0.533131 1
gene 1 8 36 -1.97086 0 29 -1.97086 1
gene 1 8 37 -2.57994 0 30 -2.57994 1
gene 1 8 38 3.67998 0 31 3.67998 1
gene 1 8 39 -3.95315 0 32 -3.95315 1
gene 1 9 36 1.32447 0 33 1.32447 1
gene 1 9 37 -0.165677 0 34 -0.165677 1
gene 1 9 38 0.676188 0 35 0.676188 1
gene 1 9 39 2.11131 0 36 2.11131 1
gene 1 10 36 2.65879 0 37 2.65879 1
gene 1 10 37 -0.324616 0 38 -0.324616 1
gene 1 10 38 1.79854 0 39 1.79854 1
gene 1 10 39 -3.46125 0 40 -3.46125 1
gene 1 11 36 0.828921 0 41 0.828921 1
gene 1 11 37 1.15485 0 42 1.15485 1
gene 1 11 38 0.527656 0 43 0.527656 1
gene 1 11 39 0.00989132 0 44 0.00989132 1
gene 1 12 36 0.282702 0 45 0.282702 1
gene 1 12 37 1.70236 0 46 1.70236 1
gene 1 12 38 -2.7601 0 47 -2.7601 1
gene 1 12 39 1.74002 0 48 1.74002 1
gene 1 13 36 -5 0 49 -5 1
gene 1 13 37 2.47054 0 50 2.47054 1
gene 1 13 38 -0.679147 0 51 -0.679147 1
gene 1 13 39 -0.141027 0 52 -0.141027 1
gene 1 14 36 0.432253 0 53 0.432253 1
gene 1 14 37 0.713488 0 54 0.713488 1
gene 1 14 38 -2.95409 0 55 -2.95409 1
gene 1 14 39 -1.07186 0 56 -1.07186 1
gene 1 15 36 -0.725684 0 57 -0.725684 1
gene 1 15 37 0.156574 0 58 0.156574 1
gene 1 15 38 0.397342 0 59 0.397342 1
gene 1 15 39 1.01022 0 60 1.01022 1
gene 1 16 36 -0.882849 0 61 -0.882849 1
gene 1 16 37 -0.474009 0 62 -0.474009 1
gene 1 16 38 0.643344 0 63 0.643344 1
gene 1 16 39 2.78319 0 64 2.78319 1
gene 1 17 36 -2.01661 0 65 -2.01661 1
gene 1 17 37 -4.85982 0 66 -4.85982 1
gene 1 17 38 2.5528 0 67 2.5528 1
gene 1 17 39 1.06427 0 68 1.06427 1
gene 1 18 36 -3.80552 0 69 -3.80552 1
gene 1 18 37 -3.57427 0 70 -3.57427 1
gene 1 18 38 2.73997 0 71 2.73997 1
gene 1 18 39 -3.95721 0 72 -3.95721 1
gene 1 19 36 -2.64081 0 73 -2.64081 1
gene 1 19 37 -4.07714 0 74 -4.07714 1
gene 1 19 38 -1.14244 0 75 -1.14244 1
gene 1 19 39 2.30815 0 76 2.30815 1
gene 1 20 36 -3.03758 0 77 -3.03758 1
gene 1 20 37 -0.119578 0 78 -0.119578 1
gene 1 20 38 0.317411 0 79 0.317411 1
gene 1 20 39 -3.15352 0 80 -3.15352 1
gene 1 21 36 -3.59357 0 81 -3.59357 1
gene 1 21 37 -2.5761 0 82 -2.5761 1
gene 1 21 38 -2.57133 0 83 -2.57133 1
gene 1 21 39 0.514431 0 84 0.514431 1
gene 1 22 36 -2.50057 0 85 -2.50057 1
gene 1 22 37 0.633054 0 86 0.633054 1
gene 1 22 38 2.86566 0 87 2.86566 1
gene 1 22 39 2.91824 0 88 2.91824 1
gene 1 23 36 -0.203605 0 89 -0.203605 1
gene 1 23 37 0.613152 0 90 0.613152 1
gene 1 23 38 0.0694048 0 91 0.0694048 1
gene 1 23 39 4.15306 0 92 4.15306 1
gene 1 24 36 -2.2613 0 93 -2.2613 1
gene 1 24 37 -3.84315 0 94 -3.84315 1
gene 1 24 38 5 0 95 5 1
gene 1 24 39 -0.108583 0 96 -0.108583 1
gene 1 25 36 -2.03006 0 97 -2.03006 1
gene 1 25 37 0.0631238 0 98 0.0631238 1
gene 1 25 38 1.72223 0 99 1.72223 1
gene 1 25 39 0.557658 0 100 0.557658 1
gene 1 26 36 -2.50378 0 101 -2.50378 1
gene 1 26 37 -1.04938 0 102 -1.04938 1
gene 1 26 38 0.960546 0 103 0.960546 1
gene 1 26 39 0.149234 0 104 0.149234 1
gene 1 27 36 2.07336 0 105 2.07336 1
gene 1 27 37 -1.41758 0 106 -1.41758 1
gene 1 27 38 -5 0 107 -5 1
gene 1 27 39 -1.58375 0 108 -1.58375 1
gene 1 28 36 2.91332 0 109 2.91332 1
gene 1 28 37 1.59297 0 110 1.59297 1
gene 1 28 38 1.62825 0 111 1.62825 1
gene 1 28 39 -0.0195759 0 112 -0.0195759 1
gene 1 29 36 -3.23087 0 113 -3.23087 1
gene 1 29 37 0.0263933 0 114 0.0263933 1
gene 1 29 38 -0.277502 0 115 -0.277502 1
gene 1 29 39 -0.128054 0 116 -0.128054 1
gene 1 30 36 0.612977 0 117 0.612977 1
gene 1 30 37 -0.497601 0 118 -0.497601 1
gene 1 30 38 -0.444493 0 119 -0.444493 1
gene 1 30 39 0.535069 0 120 0.535069 1
gene 1 31 36 -0.0430762 0 121 -0.0430762 1
gene 1 31 37 2.31506 0 122 2.31506 1
gene 1 31 38 -0.936229 0 123 -0.936229 1
gene 1 31 39 -0.231155 0 124 -0.231155 1
gene 1 32 36 -0.930164 0 125 -0.930164 1
gene 1 32 37 -0.122313 0 126 -0.122313 1
gene 1 32 38 -0.528773 0 127 -0.528773 1
gene 1 32 39 0.42813 0 128 0.42813 1
gene 1 33 36 0.785531 0 129 0.785531 1
gene 1 33 37 0.445681 0 130 0.445681 1
gene 1 33 38 -0.554922 0 131 -0.554922 1
gene 1 33 39 0.274716 0 132 0.274716 1
gene 1 34 36 1.1068 0 133 1.1068 1
gene 1 34 37 0.0472923 0 134 0.0472923 1
gene 1 34 38 0.566224 0 135 0.566224 1
gene 1 34 39 -1.99859 0 136 -1.99859 1
gene 1 35 36 -1.22276 0 137 -1.22276 1
gene 1 35 37 1.31406 0 138 1.31406 1
gene 1 35 38 -1.02286 0 139 -1.02286 1
gene 1 35 39 0.868731 0 140 0.868731 1
genomeend 13


