/* Organism #1 Fitness: 8819.646000 Time: 0 */
genomestart 1
trait 1 1.000000 0.953334 1.000000 0.000000 0.000000 0.000000 0.614224 0.000000 
node 1 1 1 1
node 2 1 1 1
node 3 1 1 1
node 4 1 1 1
node 5 1 1 1
node 6 1 1 1
node 7 1 1 1
node 8 1 1 1
node 9 1 1 1
node 10 1 1 1
node 11 1 1 1
node 12 1 1 1
node 13 1 1 1
node 14 1 1 1
node 15 1 1 1
node 16 1 1 1
node 17 1 1 1
node 18 1 1 1
node 19 1 1 1
node 20 1 1 1
node 21 1 1 1
node 22 1 1 1
node 23 1 1 1
node 24 1 1 1
node 25 1 1 1
node 26 1 1 1
node 27 1 1 1
node 28 1 1 1
node 29 1 1 1
node 30 1 1 1
node 31 1 1 1
node 32 1 1 1
node 33 1 1 1
node 34 1 1 1
node 35 1 1 3
node 36 1 0 2
node 37 1 0 2
node 38 1 0 2
node 39 1 0 2
gene 1 1 36 -1.85383 0 1 -1.85383 1
gene 1 1 37 -0.373796 0 2 -0.373796 1
gene 1 1 38 -4.08682 0 3 -4.08682 1
gene 1 1 39 0.834521 0 4 0.834521 1
gene 1 2 36 -2.56015 0 5 -2.56015 1
gene 1 2 37 0.376278 0 6 0.376278 1
gene 1 2 38 4.68809 0 7 4.68809 1
gene 1 2 39 2.42899 0 8 2.42899 1
gene 1 3 36 -0.505738 0 9 -0.505738 1
gene 1 3 37 3.92261 0 10 3.92261 1
gene 1 3 38 -3.13008 0 11 -3.13008 1
gene 1 3 39 -0.232694 0 12 -0.232694 1
gene 1 4 36 -0.671777 0 13 -0.671777 1
gene 1 4 37 1.69049 0 14 1.69049 1
gene 1 4 38 0.235117 0 15 0.235117 1
gene 1 4 39 2.53215 0 16 2.53215 1
gene 1 5 36 4.7355 0 17 4.7355 1
gene 1 5 37 0.401108 0 18 0.401108 1
gene 1 5 38 0.510654 0 19 0.510654 1
gene 1 5 39 -1.58376 0 20 -1.58376 1
gene 1 6 36 -0.164749 0 21 -0.164749 1
gene 1 6 37 -0.39204 0 22 -0.39204 1
gene 1 6 38 0.796067 0 23 0.796067 1
gene 1 6 39 -0.706204 0 24 -0.706204 1
gene 1 7 36 5 0 25 5 1
gene 1 7 37 -3.077 0 26 -3.077 1
gene 1 7 38 -3.25517 0 27 -3.25517 1
gene 1 7 39 0.299471 0 28 0.299471 1
gene 1 8 36 -1.17604 0 29 -1.17604 1
gene 1 8 37 1.59976 0 30 1.59976 1
gene 1 8 38 -4.49908 0 31 -4.49908 1
gene 1 8 39 -0.203508 0 32 -0.203508 1
gene 1 9 36 0.522923 0 33 0.522923 1
gene 1 9 37 -0.815278 0 34 -0.815278 1
gene 1 9 38 -3.96848 0 35 -3.96848 1
gene 1 9 39 -0.563211 0 36 -0.563211 1
gene 1 10 36 0.296751 0 37 0.296751 1
gene 1 10 37 -0.441378 0 38 -0.441378 1
gene 1 10 38 1.4107 0 39 1.4107 1
gene 1 10 39 3.2711 0 40 3.2711 1
gene 1 11 36 -0.351002 0 41 -0.351002 1
gene 1 11 37 1.88273 0 42 1.88273 1
gene 1 11 38 1.66431 0 43 1.66431 1
gene 1 11 39 -0.38037 0 44 -0.38037 1
gene 1 12 36 -2.57974 0 45 -2.57974 1
gene 1 12 37 1.17899 0 46 1.17899 1
gene 1 12 38 1.18721 0 47 1.18721 1
gene 1 12 39 0.726978 0 48 0.726978 1
gene 1 13 36 3.14149 0 49 3.14149 1
gene 1 13 37 -0.659734 0 50 -0.659734 1
gene 1 13 38 0.558985 0 51 0.558985 1
gene 1 13 39 0.570418 0 52 0.570418 1
gene 1 14 36 -0.320486 0 53 -0.320486 1
gene 1 14 37 2.96229 0 54 2.96229 1
gene 1 14 38 -0.788374 0 55 -0.788374 1
gene 1 14 39 -4.65831 0 56 -4.65831 1
gene 1 15 36 2.09801 0 57 2.09801 1
gene 1 15 37 2.97112 0 58 2.97112 1
gene 1 15 38 2.85986 0 59 2.85986 1
gene 1 15 39 -0.455521 0 60 -0.455521 1
gene 1 16 36 -0.107322 0 61 -0.107322 1
gene 1 16 37 -0.115391 0 62 -0.115391 1
gene 1 16 38 -1.63571 0 63 -1.63571 1
gene 1 16 39 -2.74115 0 64 -2.74115 1
gene 1 17 36 -5 0 65 -5 1
gene 1 17 37 0.995271 0 66 0.995271 1
gene 1 17 38 -0.416287 0 67 -0.416287 1
gene 1 17 39 0.967575 0 68 0.967575 1
gene 1 18 36 -3.6953 0 69 -3.6953 1
gene 1 18 37 2.79525 0 70 2.79525 1
gene 1 18 38 -0.101404 0 71 -0.101404 1
gene 1 18 39 0.417945 0 72 0.417945 1
gene 1 19 36 -2.72991 0 73 -2.72991 1
gene 1 19 37 0.892353 0 74 0.892353 1
gene 1 19 38 -1.68758 0 75 -1.68758 1
gene 1 19 39 -2.68306 0 76 -2.68306 1
gene 1 20 36 -0.576309 0 77 -0.576309 1
gene 1 20 37 -1.22732 0 78 -1.22732 1
gene 1 20 38 -0.11604 0 79 -0.11604 1
gene 1 20 39 0.223578 0 80 0.223578 1
gene 1 21 36 -0.573577 0 81 -0.573577 1
gene 1 21 37 1.20306 0 82 1.20306 1
gene 1 21 38 0.303327 0 83 0.303327 1
gene 1 21 39 -5 0 84 -5 1
gene 1 22 36 -0.580164 0 85 -0.580164 1
gene 1 22 37 -1.32014 0 86 -1.32014 1
gene 1 22 38 0.17255 0 87 0.17255 1
gene 1 22 39 0.168933 0 88 0.168933 1
gene 1 23 36 0.211735 0 89 0.211735 1
gene 1 23 37 -3.41501 0 90 -3.41501 1
gene 1 23 38 1.22842 0 91 1.22842 1
gene 1 23 39 1.34386 0 92 1.34386 1
gene 1 24 36 -0.132244 0 93 -0.132244 1
gene 1 24 37 -0.143401 0 94 -0.143401 1
gene 1 24 38 -0.0143867 0 95 -0.0143867 1
gene 1 24 39 1.24924 0 96 1.24924 1
gene 1 25 36 -0.157059 0 97 -0.157059 1
gene 1 25 37 -0.761838 0 98 -0.761838 1
gene 1 25 38 -3.53018 0 99 -3.53018 1
gene 1 25 39 -0.106125 0 100 -0.106125 1
gene 1 26 36 -0.0220205 0 101 -0.0220205 1
gene 1 26 37 0.86284 0 102 0.86284 1
gene 1 26 38 -5 0 103 -5 1
gene 1 26 39 0.938333 0 104 0.938333 1
gene 1 27 36 0.855934 0 105 0.855934 1
gene 1 27 37 2.76006 0 106 2.76006 1
gene 1 27 38 1.59053 0 107 1.59053 1
gene 1 27 39 4.20049 0 108 4.20049 1
gene 1 28 36 -1.9641 0 109 -1.9641 1
gene 1 28 37 -1.43863 0 110 -1.43863 1
gene 1 28 38 -4.53187 0 111 -4.53187 1
gene 1 28 39 1.82126 0 112 1.82126 1
gene 1 29 36 0.647606 0 113 0.647606 1
gene 1 29 37 0.56552 0 114 0.56552 1
gene 1 29 38 -0.484086 0 115 -0.484086 1
gene 1 29 39 -0.138146 0 116 -0.138146 1
gene 1 30 36 -0.45842 0 117 -0.45842 1
gene 1 30 37 0.401671 0 118 0.401671 1
gene 1 30 38 0.571807 0 119 0.571807 1
gene 1 30 39 0.163034 0 120 0.163034 1
gene 1 31 36 -0.493834 0 121 -0.493834 1
gene 1 31 37 -0.709737 0 122 -0.709737 1
gene 1 31 38 -1.49223 0 123 -1.49223 1
gene 1 31 39 -1.97065 0 124 -1.97065 1
gene 1 32 36 -0.360796 0 125 -0.360796 1
gene 1 32 37 -2.32936 0 126 -2.32936 1
gene 1 32 38 -0.908016 0 127 -0.908016 1
gene 1 32 39 1.17547 0 128 1.17547 1
gene 1 33 36 0.178974 0 129 0.178974 1
gene 1 33 37 -0.130741 0 130 -0.130741 1
gene 1 33 38 -0.455929 0 131 -0.455929 1
gene 1 33 39 0.506003 0 132 0.506003 1
gene 1 34 36 0.559796 0 133 0.559796 1
gene 1 34 37 -0.308292 0 134 -0.308292 1
gene 1 34 38 -0.209606 0 135 -0.209606 1
gene 1 34 39 -1.40709 0 136 -1.40709 1
gene 1 35 36 1.54064 0 137 1.54064 1
gene 1 35 37 -3.49139 0 138 -3.49139 1
gene 1 35 38 -0.922534 0 139 -0.922534 1
gene 1 35 39 -0.461906 0 140 -0.461906 1
genomeend 1


