/* Organism #13 Fitness: 16004.188000 Time: 0 */
genomestart 13
trait 1 0.765085 0.932533 0.000000 0.018729 0.003791 0.662934 0.511251 0.949643 
node 1 1 1 1
node 2 1 1 1
node 3 1 1 1
node 4 1 1 1
node 5 1 1 1
node 6 1 1 1
node 7 1 1 1
node 8 1 1 1
node 9 1 1 1
node 10 1 1 1
node 11 1 1 1
node 12 1 1 1
node 13 1 1 1
node 14 1 1 1
node 15 1 1 1
node 16 1 1 1
node 17 1 1 1
node 18 1 1 1
node 19 1 1 1
node 20 1 1 1
node 21 1 1 1
node 22 1 1 1
node 23 1 1 1
node 24 1 1 1
node 25 1 1 1
node 26 1 1 3
node 27 1 0 2
node 28 1 0 2
node 29 1 0 2
gene 1 1 27 -2.07689 0 1 -2.07689 1
gene 1 1 28 -2.70279 0 2 -2.70279 1
gene 1 1 29 5 0 3 5 1
gene 1 2 27 -0.838533 0 4 -0.838533 1
gene 1 2 28 1.02149 0 5 1.02149 1
gene 1 2 29 -3.42232 0 6 -3.42232 1
gene 1 3 27 -3.58617 0 7 -3.58617 1
gene 1 3 28 3.87636 0 8 3.87636 1
gene 1 3 29 0.0536374 0 9 0.0536374 1
gene 1 4 27 0.829731 0 10 0.829731 1
gene 1 4 28 -0.843451 0 11 -0.843451 1
gene 1 4 29 0.0344847 0 12 0.0344847 1
gene 1 5 27 -1.19967 0 13 -1.19967 1
gene 1 5 28 4.14537 0 14 4.14537 1
gene 1 5 29 -0.910165 0 15 -0.910165 1
gene 1 6 27 0.130623 0 16 0.130623 1
gene 1 6 28 0.0640681 0 17 0.0640681 1
gene 1 6 29 0.148238 0 18 0.148238 1
gene 1 7 27 0.808844 0 19 0.808844 1
gene 1 7 28 -0.705352 0 20 -0.705352 1
gene 1 7 29 0.548839 0 21 0.548839 1
gene 1 8 27 -3.39763 0 22 -3.39763 1
gene 1 8 28 3.72468 0 23 3.72468 1
gene 1 8 29 -2.35341 0 24 -2.35341 1
gene 1 9 27 -0.417599 0 25 -0.417599 1
gene 1 9 28 -3.81929 0 26 -3.81929 1
gene 1 9 29 0.295329 0 27 0.295329 1
gene 1 10 27 3.54998 0 28 3.54998 1
gene 1 10 28 0.230352 0 29 0.230352 1
gene 1 10 29 -3.87523 0 30 -3.87523 1
gene 1 11 27 -1.76279 0 31 -1.76279 1
gene 1 11 28 -2.22999 0 32 -2.22999 1
gene 1 11 29 1.13393 0 33 1.13393 1
gene 1 12 27 -0.314315 0 34 -0.314315 1
gene 1 12 28 -1.12062 0 35 -1.12062 1
gene 1 12 29 0.0167385 0 36 0.0167385 1
gene 1 13 27 -0.0398382 0 37 -0.0398382 1
gene 1 13 28 0.145019 0 38 0.145019 1
gene 1 13 29 0.25178 0 39 0.25178 1
gene 1 14 27 -1.2593 0 40 -1.2593 1
gene 1 14 28 5 0 41 5 1
gene 1 14 29 -0.697025 0 42 -0.697025 1
gene 1 15 27 0.873285 0 43 0.873285 1
gene 1 15 28 -5 0 44 -5 1
gene 1 15 29 0.723244 0 45 0.723244 1
gene 1 16 27 -0.758555 0 46 -0.758555 1
gene 1 16 28 -2.07664 0 47 -2.07664 1
gene 1 16 29 4.54503 0 48 4.54503 1
gene 1 17 27 -1.76666 0 49 -1.76666 1
gene 1 17 28 -5 0 50 -5 1
gene 1 17 29 -0.0885749 0 51 -0.0885749 1
gene 1 18 27 2.60252 0 52 2.60252 1
gene 1 18 28 0.183416 0 53 0.183416 1
gene 1 18 29 -2.43923 0 54 -2.43923 1
gene 1 19 27 0.116896 0 55 0.116896 1
gene 1 19 28 1.9135 0 56 1.9135 1
gene 1 19 29 -0.315236 0 57 -0.315236 1
gene 1 20 27 -3.02132 0 58 -3.02132 1
gene 1 20 28 0.10504 0 59 0.10504 1
gene 1 20 29 -1.32294 0 60 -1.32294 1
gene 1 21 27 2.55771 0 61 2.55771 1
gene 1 21 28 -0.173316 0 62 -0.173316 1
gene 1 21 29 -0.923173 0 63 -0.923173 1
gene 1 22 27 -0.496834 0 64 -0.496834 1
gene 1 22 28 -0.410187 0 65 -0.410187 1
gene 1 22 29 -0.0717345 0 66 -0.0717345 1
gene 1 23 27 0.380551 0 67 0.380551 1
gene 1 23 28 -0.0757259 0 68 -0.0757259 1
gene 1 23 29 -0.953995 0 69 -0.953995 1
gene 1 24 27 0.914571 0 70 0.914571 1
gene 1 24 28 -0.837654 0 71 -0.837654 1
gene 1 24 29 1.64384 0 72 1.64384 1
gene 1 25 27 0.713899 0 73 0.713899 1
gene 1 25 28 1.52377 0 74 1.52377 1
gene 1 25 29 1.42524 0 75 1.42524 1
gene 1 26 27 -1.29773 0 76 -1.29773 1
gene 1 26 28 -0.772501 0 77 -0.772501 1
gene 1 26 29 1.0898 0 78 1.0898 1
genomeend 13


