/* Organism #4 Fitness: 16082.782000 Time: 0 */
genomestart 4
trait 1 0.055067 0.000000 0.023355 1.000000 0.565355 0.061126 1.000000 1.000000 
node 1 1 1 1
node 2 1 1 1
node 3 1 1 1
node 4 1 1 1
node 5 1 1 1
node 6 1 1 1
node 7 1 1 1
node 8 1 1 1
node 9 1 1 1
node 10 1 1 1
node 11 1 1 1
node 12 1 1 1
node 13 1 1 1
node 14 1 1 1
node 15 1 1 1
node 16 1 1 1
node 17 1 1 1
node 18 1 1 1
node 19 1 1 1
node 20 1 1 1
node 21 1 1 1
node 22 1 1 1
node 23 1 1 1
node 24 1 1 1
node 25 1 1 1
node 26 1 1 3
node 27 1 0 2
node 28 1 0 2
node 29 1 0 2
gene 1 1 27 -1.91696 0 1 -1.91696 1
gene 1 1 28 -2.88564 0 2 -2.88564 1
gene 1 1 29 -3.92708 0 3 -3.92708 1
gene 1 2 27 0.721643 0 4 0.721643 1
gene 1 2 28 1.28432 0 5 1.28432 1
gene 1 2 29 0.316751 0 6 0.316751 1
gene 1 3 27 0.670644 0 7 0.670644 1
gene 1 3 28 0.557684 0 8 0.557684 1
gene 1 3 29 -1.27637 0 9 -1.27637 1
gene 1 4 27 1.10866 0 10 1.10866 1
gene 1 4 28 2.37136 0 11 2.37136 1
gene 1 4 29 -1.93072 0 12 -1.93072 1
gene 1 5 27 -0.0335811 0 13 -0.0335811 1
gene 1 5 28 0.120051 0 14 0.120051 1
gene 1 5 29 -1.54719 0 15 -1.54719 1
gene 1 6 27 -0.810167 0 16 -0.810167 1
gene 1 6 28 -0.025192 0 17 -0.025192 1
gene 1 6 29 0.247518 0 18 0.247518 1
gene 1 7 27 0.766265 0 19 0.766265 1
gene 1 7 28 1.03822 0 20 1.03822 1
gene 1 7 29 -1.33671 0 21 -1.33671 1
gene 1 8 27 0.547779 0 22 0.547779 1
gene 1 8 28 -0.264809 0 23 -0.264809 1
gene 1 8 29 1.88952 0 24 1.88952 1
gene 1 9 27 0.133031 0 25 0.133031 1
gene 1 9 28 -1.01705 0 26 -1.01705 1
gene 1 9 29 -0.407861 0 27 -0.407861 1
gene 1 10 27 4.61749 0 28 4.61749 1
gene 1 10 28 -4.7931 0 29 -4.7931 1
gene 1 10 29 3.70349 0 30 3.70349 1
gene 1 11 27 0.275377 0 31 0.275377 1
gene 1 11 28 -3.8323 0 32 -3.8323 1
gene 1 11 29 1.56 0 33 1.56 1
gene 1 12 27 -5 0 34 -5 1
gene 1 12 28 2.96636 0 35 2.96636 1
gene 1 12 29 -1.67295 0 36 -1.67295 1
gene 1 13 27 0.831815 0 37 0.831815 1
gene 1 13 28 2.83367 0 38 2.83367 1
gene 1 13 29 -0.291567 0 39 -0.291567 1
gene 1 14 27 -0.0566695 0 40 -0.0566695 1
gene 1 14 28 -0.412103 0 41 -0.412103 1
gene 1 14 29 -0.814398 0 42 -0.814398 1
gene 1 15 27 2.17113 0 43 2.17113 1
gene 1 15 28 -1.95712 0 44 -1.95712 1
gene 1 15 29 0.467255 0 45 0.467255 1
gene 1 16 27 1.10969 0 46 1.10969 1
gene 1 16 28 -4.30743 0 47 -4.30743 1
gene 1 16 29 -0.988796 0 48 -0.988796 1
gene 1 17 27 -4.23823 0 49 -4.23823 1
gene 1 17 28 0.372248 0 50 0.372248 1
gene 1 17 29 -0.694789 0 51 -0.694789 1
gene 1 18 27 -0.617066 0 52 -0.617066 1
gene 1 18 28 0.836882 0 53 0.836882 1
gene 1 18 29 -1.01139 0 54 -1.01139 1
gene 1 19 27 -0.963644 0 55 -0.963644 1
gene 1 19 28 -3.11114 0 56 -3.11114 1
gene 1 19 29 -1.35224 0 57 -1.35224 1
gene 1 20 27 0.0778855 0 58 0.0778855 1
gene 1 20 28 -0.993121 0 59 -0.993121 1
gene 1 20 29 3.29708 0 60 3.29708 1
gene 1 21 27 0.450618 0 61 0.450618 1
gene 1 21 28 -1.63817 0 62 -1.63817 1
gene 1 21 29 1.22613 0 63 1.22613 1
gene 1 22 27 0.547151 0 64 0.547151 1
gene 1 22 28 -0.687353 0 65 -0.687353 1
gene 1 22 29 0.154206 0 66 0.154206 1
gene 1 23 27 1.21349 0 67 1.21349 1
gene 1 23 28 0.6327 0 68 0.6327 1
gene 1 23 29 -0.683783 0 69 -0.683783 1
gene 1 24 27 1.70352 0 70 1.70352 1
gene 1 24 28 -0.525119 0 71 -0.525119 1
gene 1 24 29 -2.54386 0 72 -2.54386 1
gene 1 25 27 0.00783765 0 73 0.00783765 1
gene 1 25 28 1.31444 0 74 1.31444 1
gene 1 25 29 1.0853 0 75 1.0853 1
gene 1 26 27 0.349247 0 76 0.349247 1
gene 1 26 28 -0.16699 0 77 -0.16699 1
gene 1 26 29 -1.24295 0 78 -1.24295 1
genomeend 4


