/* Organism #4 Fitness: 16476.038000 Time: 0 */
genomestart 4
trait 1 1.000000 0.000000 0.218203 0.449362 1.000000 0.000000 0.000000 0.000000 
node 1 1 1 1
node 2 1 1 1
node 3 1 1 1
node 4 1 1 1
node 5 1 1 1
node 6 1 1 1
node 7 1 1 1
node 8 1 1 1
node 9 1 1 1
node 10 1 1 1
node 11 1 1 1
node 12 1 1 1
node 13 1 1 1
node 14 1 1 1
node 15 1 1 1
node 16 1 1 1
node 17 1 1 1
node 18 1 1 1
node 19 1 1 1
node 20 1 1 1
node 21 1 1 1
node 22 1 1 1
node 23 1 1 1
node 24 1 1 1
node 25 1 1 1
node 26 1 1 3
node 27 1 0 2
node 28 1 0 2
node 29 1 0 2
gene 1 1 27 2.62791 0 1 2.62791 1
gene 1 1 28 0.282029 0 2 0.282029 1
gene 1 1 29 -1.14483 0 3 -1.14483 1
gene 1 2 27 -0.0427038 0 4 -0.0427038 1
gene 1 2 28 0.694524 0 5 0.694524 1
gene 1 2 29 3.17823 0 6 3.17823 1
gene 1 3 27 -0.410955 0 7 -0.410955 1
gene 1 3 28 4.58659 0 8 4.58659 1
gene 1 3 29 0.664622 0 9 0.664622 1
gene 1 4 27 -2.56186 0 10 -2.56186 1
gene 1 4 28 3.04765 0 11 3.04765 1
gene 1 4 29 -2.48247 0 12 -2.48247 1
gene 1 5 27 -3.14526 0 13 -3.14526 1
gene 1 5 28 4.10071 0 14 4.10071 1
gene 1 5 29 -0.650168 0 15 -0.650168 1
gene 1 6 27 -2.66678 0 16 -2.66678 1
gene 1 6 28 0.0536605 0 17 0.0536605 1
gene 1 6 29 1.14017 0 18 1.14017 1
gene 1 7 27 0.73057 0 19 0.73057 1
gene 1 7 28 -2.44932 0 20 -2.44932 1
gene 1 7 29 2.81097 0 21 2.81097 1
gene 1 8 27 0.219972 0 22 0.219972 1
gene 1 8 28 -2.51494 0 23 -2.51494 1
gene 1 8 29 -1.00453 0 24 -1.00453 1
gene 1 9 27 0.414658 0 25 0.414658 1
gene 1 9 28 -2.83482 0 26 -2.83482 1
gene 1 9 29 3.95864 0 27 3.95864 1
gene 1 10 27 -3.69618 0 28 -3.69618 1
gene 1 10 28 -3.05344 0 29 -3.05344 1
gene 1 10 29 1.1749 0 30 1.1749 1
gene 1 11 27 -2.3418 0 31 -2.3418 1
gene 1 11 28 -1.74448 0 32 -1.74448 1
gene 1 11 29 0.999114 0 33 0.999114 1
gene 1 12 27 -2.14088 0 34 -2.14088 1
gene 1 12 28 -2.11885 0 35 -2.11885 1
gene 1 12 29 -1.68851 0 36 -1.68851 1
gene 1 13 27 -0.401836 0 37 -0.401836 1
gene 1 13 28 4.20629 0 38 4.20629 1
gene 1 13 29 -2.47958 0 39 -2.47958 1
gene 1 14 27 1.24475 0 40 1.24475 1
gene 1 14 28 2.45364 0 41 2.45364 1
gene 1 14 29 -1.51239 0 42 -1.51239 1
gene 1 15 27 -0.626938 0 43 -0.626938 1
gene 1 15 28 -2.9089 0 44 -2.9089 1
gene 1 15 29 4.16365 0 45 4.16365 1
gene 1 16 27 0.794358 0 46 0.794358 1
gene 1 16 28 -3.57921 0 47 -3.57921 1
gene 1 16 29 0.717218 0 48 0.717218 1
gene 1 17 27 -3.00331 0 49 -3.00331 1
gene 1 17 28 -2.72978 0 50 -2.72978 1
gene 1 17 29 1.11552 0 51 1.11552 1
gene 1 18 27 -1.89462 0 52 -1.89462 1
gene 1 18 28 1.79913 0 53 1.79913 1
gene 1 18 29 1.90707 0 54 1.90707 1
gene 1 19 27 -0.425391 0 55 -0.425391 1
gene 1 19 28 -2.31486 0 56 -2.31486 1
gene 1 19 29 1.05679 0 57 1.05679 1
gene 1 20 27 -3.05897 0 58 -3.05897 1
gene 1 20 28 0.102591 0 59 0.102591 1
gene 1 20 29 3.73374 0 60 3.73374 1
gene 1 21 27 1.06497 0 61 1.06497 1
gene 1 21 28 3.40487 0 62 3.40487 1
gene 1 21 29 1.10223 0 63 1.10223 1
gene 1 22 27 0.829749 0 64 0.829749 1
gene 1 22 28 0.596949 0 65 0.596949 1
gene 1 22 29 -0.615213 0 66 -0.615213 1
gene 1 23 27 1.6393 0 67 1.6393 1
gene 1 23 28 -0.191177 0 68 -0.191177 1
gene 1 23 29 0.48747 0 69 0.48747 1
gene 1 24 27 1.0774 0 70 1.0774 1
gene 1 24 28 1.47702 0 71 1.47702 1
gene 1 24 29 0.12271 0 72 0.12271 1
gene 1 25 27 -0.682935 0 73 -0.682935 1
gene 1 25 28 0.233479 0 74 0.233479 1
gene 1 25 29 3.45897 0 75 3.45897 1
gene 1 26 27 -0.963406 0 76 -0.963406 1
gene 1 26 28 -0.0302125 0 77 -0.0302125 1
gene 1 26 29 4.39361 0 78 4.39361 1
genomeend 4


