/* Organism #12 Fitness: 13423.890000 Time: 0 */
genomestart 12
trait 1 0.078243 0.345363 0.090958 0.569896 0.000000 1.000000 1.000000 0.303108 
node 1 1 1 1
node 2 1 1 1
node 3 1 1 1
node 4 1 1 1
node 5 1 1 1
node 6 1 1 1
node 7 1 1 1
node 8 1 1 1
node 9 1 1 1
node 10 1 1 1
node 11 1 1 1
node 12 1 1 1
node 13 1 1 1
node 14 1 1 1
node 15 1 1 1
node 16 1 1 1
node 17 1 1 1
node 18 1 1 1
node 19 1 1 1
node 20 1 1 1
node 21 1 1 1
node 22 1 1 1
node 23 1 1 1
node 24 1 1 1
node 25 1 1 1
node 26 1 1 3
node 27 1 0 2
node 28 1 0 2
node 29 1 0 2
gene 1 1 27 -2.26694 0 1 -2.26694 1
gene 1 1 28 -3.4263 0 2 -3.4263 1
gene 1 1 29 -1.96495 0 3 -1.96495 1
gene 1 2 27 -1.47403 0 4 -1.47403 1
gene 1 2 28 -5 0 5 -5 1
gene 1 2 29 1.60778 0 6 1.60778 1
gene 1 3 27 1.79055 0 7 1.79055 1
gene 1 3 28 2.40439 0 8 2.40439 1
gene 1 3 29 -0.62827 0 9 -0.62827 1
gene 1 4 27 -1.75417 0 10 -1.75417 1
gene 1 4 28 2.32256 0 11 2.32256 1
gene 1 4 29 -0.137064 0 12 -0.137064 1
gene 1 5 27 -0.495733 0 13 -0.495733 1
gene 1 5 28 2.75783 0 14 2.75783 1
gene 1 5 29 -0.699467 0 15 -0.699467 1
gene 1 6 27 1.52682 0 16 1.52682 1
gene 1 6 28 -0.184332 0 17 -0.184332 1
gene 1 6 29 0.529325 0 18 0.529325 1
gene 1 7 27 -0.353256 0 19 -0.353256 1
gene 1 7 28 1.52033 0 20 1.52033 1
gene 1 7 29 0.836595 0 21 0.836595 1
gene 1 8 27 1.18821 0 22 1.18821 1
gene 1 8 28 -1.62485 0 23 -1.62485 1
gene 1 8 29 -0.182158 0 24 -0.182158 1
gene 1 9 27 -2.66295 0 25 -2.66295 1
gene 1 9 28 -1.20322 0 26 -1.20322 1
gene 1 9 29 -0.290114 0 27 -0.290114 1
gene 1 10 27 -4.75498 0 28 -4.75498 1
gene 1 10 28 0.213822 0 29 0.213822 1
gene 1 10 29 2.26093 0 30 2.26093 1
gene 1 11 27 3.31869 0 31 3.31869 1
gene 1 11 28 -1.5051 0 32 -1.5051 1
gene 1 11 29 2.15116 0 33 2.15116 1
gene 1 12 27 -0.796664 0 34 -0.796664 1
gene 1 12 28 0.109084 0 35 0.109084 1
gene 1 12 29 0.913533 0 36 0.913533 1
gene 1 13 27 4.1985 0 37 4.1985 1
gene 1 13 28 1.08706 0 38 1.08706 1
gene 1 13 29 0.227811 0 39 0.227811 1
gene 1 14 27 2.28593 0 40 2.28593 1
gene 1 14 28 -0.210881 0 41 -0.210881 1
gene 1 14 29 0.103336 0 42 0.103336 1
gene 1 15 27 0.412369 0 43 0.412369 1
gene 1 15 28 -0.603465 0 44 -0.603465 1
gene 1 15 29 1.45604 0 45 1.45604 1
gene 1 16 27 -4.83203 0 46 -4.83203 1
gene 1 16 28 4.0303 0 47 4.0303 1
gene 1 16 29 -1.20102 0 48 -1.20102 1
gene 1 17 27 1.19461 0 49 1.19461 1
gene 1 17 28 1.08823 0 50 1.08823 1
gene 1 17 29 4.00807 0 51 4.00807 1
gene 1 18 27 4.81852 0 52 4.81852 1
gene 1 18 28 -0.0449563 0 53 -0.0449563 1
gene 1 18 29 -0.92607 0 54 -0.92607 1
gene 1 19 27 -3.2085 0 55 -3.2085 1
gene 1 19 28 -2.35041 0 56 -2.35041 1
gene 1 19 29 3.30682 0 57 3.30682 1
gene 1 20 27 -0.471082 0 58 -0.471082 1
gene 1 20 28 -2.82245 0 59 -2.82245 1
gene 1 20 29 -1.47164 0 60 -1.47164 1
gene 1 21 27 0.584741 0 61 0.584741 1
gene 1 21 28 2.0224 0 62 2.0224 1
gene 1 21 29 -3.79447 0 63 -3.79447 1
gene 1 22 27 -0.0855126 0 64 -0.0855126 1
gene 1 22 28 2.02116 0 65 2.02116 1
gene 1 22 29 -0.441373 0 66 -0.441373 1
gene 1 23 27 -0.181932 0 67 -0.181932 1
gene 1 23 28 -0.291329 0 68 -0.291329 1
gene 1 23 29 -1.356 0 69 -1.356 1
gene 1 24 27 -0.75186 0 70 -0.75186 1
gene 1 24 28 -5 0 71 -5 1
gene 1 24 29 0.959762 0 72 0.959762 1
gene 1 25 27 0.779742 0 73 0.779742 1
gene 1 25 28 -0.00705195 0 74 -0.00705195 1
gene 1 25 29 -1.79818 0 75 -1.79818 1
gene 1 26 27 -0.261767 0 76 -0.261767 1
gene 1 26 28 0.234829 0 77 0.234829 1
gene 1 26 29 0.802697 0 78 0.802697 1
genomeend 12


