/* Organism #4 Fitness: 15630.556000 Time: 0 */
genomestart 4
trait 1 0.000000 1.000000 0.638798 0.000000 1.000000 0.000000 0.000000 0.939775 
node 1 1 1 1
node 2 1 1 1
node 3 1 1 1
node 4 1 1 1
node 5 1 1 1
node 6 1 1 1
node 7 1 1 1
node 8 1 1 1
node 9 1 1 1
node 10 1 1 1
node 11 1 1 1
node 12 1 1 1
node 13 1 1 1
node 14 1 1 1
node 15 1 1 1
node 16 1 1 1
node 17 1 1 1
node 18 1 1 1
node 19 1 1 1
node 20 1 1 1
node 21 1 1 1
node 22 1 1 1
node 23 1 1 1
node 24 1 1 1
node 25 1 1 1
node 26 1 1 3
node 27 1 0 2
node 28 1 0 2
node 29 1 0 2
gene 1 1 27 1.2424 0 1 1.2424 1
gene 1 1 28 -0.360867 0 2 -0.360867 1
gene 1 1 29 -0.45805 0 3 -0.45805 1
gene 1 2 27 -4.27456 0 4 -4.27456 1
gene 1 2 28 0.100204 0 5 0.100204 1
gene 1 2 29 -0.764163 0 6 -0.764163 1
gene 1 3 27 -1.16212 0 7 -1.16212 1
gene 1 3 28 2.58736 0 8 2.58736 1
gene 1 3 29 -0.0011854 0 9 -0.0011854 1
gene 1 4 27 -0.744899 0 10 -0.744899 1
gene 1 4 28 1.03285 0 11 1.03285 1
gene 1 4 29 -0.694886 0 12 -0.694886 1
gene 1 5 27 0.0631677 0 13 0.0631677 1
gene 1 5 28 1.58545 0 14 1.58545 1
gene 1 5 29 -0.310998 0 15 -0.310998 1
gene 1 6 27 -0.0113066 0 16 -0.0113066 1
gene 1 6 28 -1.20608 0 17 -1.20608 1
gene 1 6 29 -0.0793525 0 18 -0.0793525 1
gene 1 7 27 -0.183719 0 19 -0.183719 1
gene 1 7 28 -1.51617 0 20 -1.51617 1
gene 1 7 29 -3.20142 0 21 -3.20142 1
gene 1 8 27 -0.29198 0 22 -0.29198 1
gene 1 8 28 -1.65176 0 23 -1.65176 1
gene 1 8 29 0.336729 0 24 0.336729 1
gene 1 9 27 0.336382 0 25 0.336382 1
gene 1 9 28 -4.01737 0 26 -4.01737 1
gene 1 9 29 1.76551 0 27 1.76551 1
gene 1 10 27 -0.495689 0 28 -0.495689 1
gene 1 10 28 -1.49105 0 29 -1.49105 1
gene 1 10 29 0.683893 0 30 0.683893 1
gene 1 11 27 5 0 31 5 1
gene 1 11 28 -1.37348 0 32 -1.37348 1
gene 1 11 29 0.476367 0 33 0.476367 1
gene 1 12 27 4.54032 0 34 4.54032 1
gene 1 12 28 1.18403 0 35 1.18403 1
gene 1 12 29 0.182328 0 36 0.182328 1
gene 1 13 27 0.099159 0 37 0.099159 1
gene 1 13 28 -0.256722 0 38 -0.256722 1
gene 1 13 29 1.29436 0 39 1.29436 1
gene 1 14 27 -0.949252 0 40 -0.949252 1
gene 1 14 28 2.40173 0 41 2.40173 1
gene 1 14 29 2.35597 0 42 2.35597 1
gene 1 15 27 -1.38446 0 43 -1.38446 1
gene 1 15 28 -0.0937153 0 44 -0.0937153 1
gene 1 15 29 0.0173548 0 45 0.0173548 1
gene 1 16 27 -0.355722 0 46 -0.355722 1
gene 1 16 28 -2.08651 0 47 -2.08651 1
gene 1 16 29 0.918707 0 48 0.918707 1
gene 1 17 27 -0.808475 0 49 -0.808475 1
gene 1 17 28 -3.69031 0 50 -3.69031 1
gene 1 17 29 -0.333263 0 51 -0.333263 1
gene 1 18 27 -0.244891 0 52 -0.244891 1
gene 1 18 28 0.477645 0 53 0.477645 1
gene 1 18 29 1.73657 0 54 1.73657 1
gene 1 19 27 -5 0 55 -5 1
gene 1 19 28 -0.487966 0 56 -0.487966 1
gene 1 19 29 -2.56484 0 57 -2.56484 1
gene 1 20 27 -0.353092 0 58 -0.353092 1
gene 1 20 28 1.06801 0 59 1.06801 1
gene 1 20 29 0.0636702 0 60 0.0636702 1
gene 1 21 27 -0.517188 0 61 -0.517188 1
gene 1 21 28 0.419629 0 62 0.419629 1
gene 1 21 29 -0.209551 0 63 -0.209551 1
gene 1 22 27 -2.31914 0 64 -2.31914 1
gene 1 22 28 -1.08317 0 65 -1.08317 1
gene 1 22 29 -2.35567 0 66 -2.35567 1
gene 1 23 27 3.06105 0 67 3.06105 1
gene 1 23 28 1.0653 0 68 1.0653 1
gene 1 23 29 0.568715 0 69 0.568715 1
gene 1 24 27 -0.39773 0 70 -0.39773 1
gene 1 24 28 -0.530956 0 71 -0.530956 1
gene 1 24 29 -0.18539 0 72 -0.18539 1
gene 1 25 27 -0.763605 0 73 -0.763605 1
gene 1 25 28 -0.502443 0 74 -0.502443 1
gene 1 25 29 1.59185 0 75 1.59185 1
gene 1 26 27 -0.597465 0 76 -0.597465 1
gene 1 26 28 0.0650615 0 77 0.0650615 1
gene 1 26 29 0.855749 0 78 0.855749 1
genomeend 4


