/* Organism #2 Fitness: 16573.458000 Time: 0 */
genomestart 2
trait 1 0.289472 1.000000 0.000000 0.000000 0.350030 1.000000 0.685296 0.419760 
node 1 1 1 1
node 2 1 1 1
node 3 1 1 1
node 4 1 1 1
node 5 1 1 1
node 6 1 1 1
node 7 1 1 1
node 8 1 1 1
node 9 1 1 1
node 10 1 1 1
node 11 1 1 1
node 12 1 1 1
node 13 1 1 1
node 14 1 1 1
node 15 1 1 1
node 16 1 1 1
node 17 1 1 1
node 18 1 1 1
node 19 1 1 1
node 20 1 1 1
node 21 1 1 1
node 22 1 1 1
node 23 1 1 1
node 24 1 1 1
node 25 1 1 1
node 26 1 1 3
node 27 1 0 2
node 28 1 0 2
node 29 1 0 2
gene 1 1 27 -2.12408 0 1 -2.12408 1
gene 1 1 28 -2.39499 0 2 -2.39499 1
gene 1 1 29 1.41438 0 3 1.41438 1
gene 1 2 27 -3.75607 0 4 -3.75607 1
gene 1 2 28 2.68435 0 5 2.68435 1
gene 1 2 29 1.09626 0 6 1.09626 1
gene 1 3 27 0.927352 0 7 0.927352 1
gene 1 3 28 0.589266 0 8 0.589266 1
gene 1 3 29 -2.29933 0 9 -2.29933 1
gene 1 4 27 0.292452 0 10 0.292452 1
gene 1 4 28 1.22342 0 11 1.22342 1
gene 1 4 29 -1.30018 0 12 -1.30018 1
gene 1 5 27 0.98097 0 13 0.98097 1
gene 1 5 28 1.52226 0 14 1.52226 1
gene 1 5 29 -2.81185 0 15 -2.81185 1
gene 1 6 27 -4.67058 0 16 -4.67058 1
gene 1 6 28 0.785106 0 17 0.785106 1
gene 1 6 29 5 0 18 5 1
gene 1 7 27 0.669118 0 19 0.669118 1
gene 1 7 28 -3.25098 0 20 -3.25098 1
gene 1 7 29 2.91561 0 21 2.91561 1
gene 1 8 27 -3.72933 0 22 -3.72933 1
gene 1 8 28 -2.46682 0 23 -2.46682 1
gene 1 8 29 1.03318 0 24 1.03318 1
gene 1 9 27 2.00148 0 25 2.00148 1
gene 1 9 28 -1.37236 0 26 -1.37236 1
gene 1 9 29 3.21211 0 27 3.21211 1
gene 1 10 27 3.78486 0 28 3.78486 1
gene 1 10 28 -4.17163 0 29 -4.17163 1
gene 1 10 29 -0.018024 0 30 -0.018024 1
gene 1 11 27 -2.22398 0 31 -2.22398 1
gene 1 11 28 -1.28199 0 32 -1.28199 1
gene 1 11 29 1.23258 0 33 1.23258 1
gene 1 12 27 -0.948529 0 34 -0.948529 1
gene 1 12 28 -0.622854 0 35 -0.622854 1
gene 1 12 29 -1.37636 0 36 -1.37636 1
gene 1 13 27 4.45966 0 37 4.45966 1
gene 1 13 28 0.58201 0 38 0.58201 1
gene 1 13 29 -1.65499 0 39 -1.65499 1
gene 1 14 27 -3.88629 0 40 -3.88629 1
gene 1 14 28 -0.238362 0 41 -0.238362 1
gene 1 14 29 -0.818136 0 42 -0.818136 1
gene 1 15 27 0.79754 0 43 0.79754 1
gene 1 15 28 -0.202198 0 44 -0.202198 1
gene 1 15 29 -4.58186 0 45 -4.58186 1
gene 1 16 27 -2.51531 0 46 -2.51531 1
gene 1 16 28 -3.2528 0 47 -3.2528 1
gene 1 16 29 0.842054 0 48 0.842054 1
gene 1 17 27 -2.83392 0 49 -2.83392 1
gene 1 17 28 -4.48666 0 50 -4.48666 1
gene 1 17 29 -4.57973 0 51 -4.57973 1
gene 1 18 27 1.808 0 52 1.808 1
gene 1 18 28 -0.771133 0 53 -0.771133 1
gene 1 18 29 -0.955091 0 54 -0.955091 1
gene 1 19 27 -4.72259 0 55 -4.72259 1
gene 1 19 28 2.38085 0 56 2.38085 1
gene 1 19 29 -3.43882 0 57 -3.43882 1
gene 1 20 27 1.1822 0 58 1.1822 1
gene 1 20 28 0.889622 0 59 0.889622 1
gene 1 20 29 1.01826 0 60 1.01826 1
gene 1 21 27 1.73826 0 61 1.73826 1
gene 1 21 28 2.10653 0 62 2.10653 1
gene 1 21 29 3.96949 0 63 3.96949 1
gene 1 22 27 0.258108 0 64 0.258108 1
gene 1 22 28 -3.83497 0 65 -3.83497 1
gene 1 22 29 -1.29112 0 66 -1.29112 1
gene 1 23 27 0.311553 0 67 0.311553 1
gene 1 23 28 -0.928237 0 68 -0.928237 1
gene 1 23 29 -1.65334 0 69 -1.65334 1
gene 1 24 27 0.132739 0 70 0.132739 1
gene 1 24 28 0.274728 0 71 0.274728 1
gene 1 24 29 0.986785 0 72 0.986785 1
gene 1 25 27 -1.20756 0 73 -1.20756 1
gene 1 25 28 1.38037 0 74 1.38037 1
gene 1 25 29 2.75545 0 75 2.75545 1
gene 1 26 27 -0.0305135 0 76 -0.0305135 1
gene 1 26 28 -0.816475 0 77 -0.816475 1
gene 1 26 29 -0.334587 0 78 -0.334587 1
genomeend 2


