/* Organism #0 Fitness: 15104.036000 Time: 0 */
genomestart 0
trait 1 0.000000 0.848560 0.064575 0.000000 0.000000 0.000000 0.000000 0.000000 
node 1 1 1 1
node 2 1 1 1
node 3 1 1 1
node 4 1 1 1
node 5 1 1 1
node 6 1 1 1
node 7 1 1 1
node 8 1 1 1
node 9 1 1 1
node 10 1 1 1
node 11 1 1 1
node 12 1 1 1
node 13 1 1 1
node 14 1 1 1
node 15 1 1 1
node 16 1 1 1
node 17 1 1 1
node 18 1 1 1
node 19 1 1 1
node 20 1 1 1
node 21 1 1 1
node 22 1 1 1
node 23 1 1 1
node 24 1 1 1
node 25 1 1 1
node 26 1 1 3
node 27 1 0 2
node 28 1 0 2
node 29 1 0 2
gene 1 1 27 1.17135 0 1 1.17135 1
gene 1 1 28 4.03303 0 2 4.03303 1
gene 1 1 29 1.64741 0 3 1.64741 1
gene 1 2 27 -1.49221 0 4 -1.49221 1
gene 1 2 28 2.96227 0 5 2.96227 1
gene 1 2 29 -2.13362 0 6 -2.13362 1
gene 1 3 27 -0.278079 0 7 -0.278079 1
gene 1 3 28 4.20555 0 8 4.20555 1
gene 1 3 29 -0.929738 0 9 -0.929738 1
gene 1 4 27 1.80769 0 10 1.80769 1
gene 1 4 28 0.931258 0 11 0.931258 1
gene 1 4 29 -3.08645 0 12 -3.08645 1
gene 1 5 27 -1.33487 0 13 -1.33487 1
gene 1 5 28 1.24301 0 14 1.24301 1
gene 1 5 29 0.786964 0 15 0.786964 1
gene 1 6 27 1.48512 0 16 1.48512 1
gene 1 6 28 2.78315 0 17 2.78315 1
gene 1 6 29 3.44188 0 18 3.44188 1
gene 1 7 27 -2.72366 0 19 -2.72366 1
gene 1 7 28 -0.358984 0 20 -0.358984 1
gene 1 7 29 0.17353 0 21 0.17353 1
gene 1 8 27 -3.81879 0 22 -3.81879 1
gene 1 8 28 -5 0 23 -5 1
gene 1 8 29 2.50543 0 24 2.50543 1
gene 1 9 27 -1.57422 0 25 -1.57422 1
gene 1 9 28 -3.17543 0 26 -3.17543 1
gene 1 9 29 2.10879 0 27 2.10879 1
gene 1 10 27 1.807 0 28 1.807 1
gene 1 10 28 -4.74845 0 29 -4.74845 1
gene 1 10 29 0.162973 0 30 0.162973 1
gene 1 11 27 2.73474 0 31 2.73474 1
gene 1 11 28 -0.219614 0 32 -0.219614 1
gene 1 11 29 -1.03343 0 33 -1.03343 1
gene 1 12 27 -4.87564 0 34 -4.87564 1
gene 1 12 28 -0.764262 0 35 -0.764262 1
gene 1 12 29 -4.57316 0 36 -4.57316 1
gene 1 13 27 -3.56203 0 37 -3.56203 1
gene 1 13 28 -1.09087 0 38 -1.09087 1
gene 1 13 29 3.17597 0 39 3.17597 1
gene 1 14 27 -3.20766 0 40 -3.20766 1
gene 1 14 28 0.0424018 0 41 0.0424018 1
gene 1 14 29 -1.21752 0 42 -1.21752 1
gene 1 15 27 3.62246 0 43 3.62246 1
gene 1 15 28 0.0390427 0 44 0.0390427 1
gene 1 15 29 1.3762 0 45 1.3762 1
gene 1 16 27 4.87233 0 46 4.87233 1
gene 1 16 28 -3.35056 0 47 -3.35056 1
gene 1 16 29 1.0015 0 48 1.0015 1
gene 1 17 27 -2.34668 0 49 -2.34668 1
gene 1 17 28 0.0846651 0 50 0.0846651 1
gene 1 17 29 1.25465 0 51 1.25465 1
gene 1 18 27 2.76095 0 52 2.76095 1
gene 1 18 28 -3.53863 0 53 -3.53863 1
gene 1 18 29 -3.37597 0 54 -3.37597 1
gene 1 19 27 3.66478 0 55 3.66478 1
gene 1 19 28 -1.75172 0 56 -1.75172 1
gene 1 19 29 2.70037 0 57 2.70037 1
gene 1 20 27 -2.47125 0 58 -2.47125 1
gene 1 20 28 -0.523679 0 59 -0.523679 1
gene 1 20 29 0.166102 0 60 0.166102 1
gene 1 21 27 3.17851 0 61 3.17851 1
gene 1 21 28 3.41772 0 62 3.41772 1
gene 1 21 29 3.09295 0 63 3.09295 1
gene 1 22 27 1.27551 0 64 1.27551 1
gene 1 22 28 1.21123 0 65 1.21123 1
gene 1 22 29 -1.41749 0 66 -1.41749 1
gene 1 23 27 -0.57908 0 67 -0.57908 1
gene 1 23 28 -1.84408 0 68 -1.84408 1
gene 1 23 29 0.488225 0 69 0.488225 1
gene 1 24 27 0.590028 0 70 0.590028 1
gene 1 24 28 0.58704 0 71 0.58704 1
gene 1 24 29 -0.031452 0 72 -0.031452 1
gene 1 25 27 0.11442 0 73 0.11442 1
gene 1 25 28 1.41507 0 74 1.41507 1
gene 1 25 29 -1.09127 0 75 -1.09127 1
gene 1 26 27 -1.87984 0 76 -1.87984 1
gene 1 26 28 -0.249306 0 77 -0.249306 1
gene 1 26 29 0.723166 0 78 0.723166 1
genomeend 0


