/* Organism #1 Fitness: 40607.358000 Time: 0 */
genomestart 1
trait 1 0.000000 0.120053 0.344622 0.379660 0.000000 0.249901 0.422715 1.000000 
node 1 1 1 1
node 2 1 1 1
node 3 1 1 1
node 4 1 1 1
node 5 1 1 1
node 6 1 1 1
node 7 1 1 1
node 8 1 1 1
node 9 1 1 1
node 10 1 1 1
node 11 1 1 1
node 12 1 1 1
node 13 1 1 1
node 14 1 1 1
node 15 1 1 1
node 16 1 1 1
node 17 1 1 1
node 18 1 1 1
node 19 1 1 1
node 20 1 1 1
node 21 1 1 1
node 22 1 1 1
node 23 1 1 1
node 24 1 1 1
node 25 1 1 1
node 26 1 1 3
node 27 1 0 2
node 28 1 0 2
node 29 1 0 2
gene 1 1 27 -5 0 1 -5 1
gene 1 1 28 1.19275 0 2 1.19275 1
gene 1 1 29 -1.70399 0 3 -1.70399 1
gene 1 2 27 -3.89423 0 4 -3.89423 1
gene 1 2 28 -1.40313 0 5 -1.40313 1
gene 1 2 29 1.14153 0 6 1.14153 1
gene 1 3 27 4.0265 0 7 4.0265 1
gene 1 3 28 -0.366206 0 8 -0.366206 1
gene 1 3 29 -2.32768 0 9 -2.32768 1
gene 1 4 27 -0.837952 0 10 -0.837952 1
gene 1 4 28 -4.69305 0 11 -4.69305 1
gene 1 4 29 1.08371 0 12 1.08371 1
gene 1 5 27 2.42733 0 13 2.42733 1
gene 1 5 28 -0.3084 0 14 -0.3084 1
gene 1 5 29 -0.116596 0 15 -0.116596 1
gene 1 6 27 0.0398325 0 16 0.0398325 1
gene 1 6 28 -0.914612 0 17 -0.914612 1
gene 1 6 29 -0.546569 0 18 -0.546569 1
gene 1 7 27 5 0 19 5 1
gene 1 7 28 5 0 20 5 1
gene 1 7 29 2.61264 0 21 2.61264 1
gene 1 8 27 -1.24596 0 22 -1.24596 1
gene 1 8 28 1.51379 0 23 1.51379 1
gene 1 8 29 0.663078 0 24 0.663078 1
gene 1 9 27 0.0287567 0 25 0.0287567 1
gene 1 9 28 2.27992 0 26 2.27992 1
gene 1 9 29 1.45788 0 27 1.45788 1
gene 1 10 27 -2.14338 0 28 -2.14338 1
gene 1 10 28 -1.33421 0 29 -1.33421 1
gene 1 10 29 -4.39464 0 30 -4.39464 1
gene 1 11 27 -4.10875 0 31 -4.10875 1
gene 1 11 28 -4.586 0 32 -4.586 1
gene 1 11 29 2.07976 0 33 2.07976 1
gene 1 12 27 4.66414 0 34 4.66414 1
gene 1 12 28 -0.752414 0 35 -0.752414 1
gene 1 12 29 -0.451411 0 36 -0.451411 1
gene 1 13 27 0.238631 0 37 0.238631 1
gene 1 13 28 -3.0077 0 38 -3.0077 1
gene 1 13 29 1.80896 0 39 1.80896 1
gene 1 14 27 -0.925788 0 40 -0.925788 1
gene 1 14 28 -0.745428 0 41 -0.745428 1
gene 1 14 29 3.34889 0 42 3.34889 1
gene 1 15 27 0.0708523 0 43 0.0708523 1
gene 1 15 28 1.13228 0 44 1.13228 1
gene 1 15 29 2.76162 0 45 2.76162 1
gene 1 16 27 0.941855 0 46 0.941855 1
gene 1 16 28 -0.47413 0 47 -0.47413 1
gene 1 16 29 -4.52661 0 48 -4.52661 1
gene 1 17 27 2.18477 0 49 2.18477 1
gene 1 17 28 0.406895 0 50 0.406895 1
gene 1 17 29 -1.95897 0 51 -1.95897 1
gene 1 18 27 2.23982 0 52 2.23982 1
gene 1 18 28 -0.488787 0 53 -0.488787 1
gene 1 18 29 2.78123 0 54 2.78123 1
gene 1 19 27 -0.831646 0 55 -0.831646 1
gene 1 19 28 1.68501 0 56 1.68501 1
gene 1 19 29 0.90008 0 57 0.90008 1
gene 1 20 27 -0.365014 0 58 -0.365014 1
gene 1 20 28 1.00188 0 59 1.00188 1
gene 1 20 29 1.20556 0 60 1.20556 1
gene 1 21 27 -1.37714 0 61 -1.37714 1
gene 1 21 28 5 0 62 5 1
gene 1 21 29 0.636426 0 63 0.636426 1
gene 1 22 27 -1.73977 0 64 -1.73977 1
gene 1 22 28 -0.523393 0 65 -0.523393 1
gene 1 22 29 0.334059 0 66 0.334059 1
gene 1 23 27 -0.169162 0 67 -0.169162 1
gene 1 23 28 0.437103 0 68 0.437103 1
gene 1 23 29 0.522355 0 69 0.522355 1
gene 1 24 27 -4.40353 0 70 -4.40353 1
gene 1 24 28 0.0446485 0 71 0.0446485 1
gene 1 24 29 -0.325748 0 72 -0.325748 1
gene 1 25 27 0.225023 0 73 0.225023 1
gene 1 25 28 -0.422589 0 74 -0.422589 1
gene 1 25 29 -0.479374 0 75 -0.479374 1
gene 1 26 27 0.81515 0 76 0.81515 1
gene 1 26 28 0.330118 0 77 0.330118 1
gene 1 26 29 -1.5536 0 78 -1.5536 1
genomeend 1


