/* Organism #0 Fitness: 42088.576000 Time: 0 */
genomestart 0
trait 1 0.674793 0.900313 0.000000 1.000000 1.000000 0.691529 0.000000 0.000000 
node 1 1 1 1
node 2 1 1 1
node 3 1 1 1
node 4 1 1 1
node 5 1 1 1
node 6 1 1 1
node 7 1 1 1
node 8 1 1 1
node 9 1 1 1
node 10 1 1 1
node 11 1 1 1
node 12 1 1 1
node 13 1 1 1
node 14 1 1 1
node 15 1 1 1
node 16 1 1 1
node 17 1 1 1
node 18 1 1 1
node 19 1 1 1
node 20 1 1 1
node 21 1 1 1
node 22 1 1 1
node 23 1 1 1
node 24 1 1 1
node 25 1 1 1
node 26 1 1 3
node 27 1 0 2
node 28 1 0 2
node 29 1 0 2
gene 1 1 27 -5 0 1 -5 1
gene 1 1 28 -4.51621 0 2 -4.51621 1
gene 1 1 29 0.11472 0 3 0.11472 1
gene 1 2 27 -0.0824394 0 4 -0.0824394 1
gene 1 2 28 2.61655 0 5 2.61655 1
gene 1 2 29 0.0720867 0 6 0.0720867 1
gene 1 3 27 -0.110161 0 7 -0.110161 1
gene 1 3 28 4.19954 0 8 4.19954 1
gene 1 3 29 0.171749 0 9 0.171749 1
gene 1 4 27 0.887906 0 10 0.887906 1
gene 1 4 28 0.947425 0 11 0.947425 1
gene 1 4 29 0.172352 0 12 0.172352 1
gene 1 5 27 -3.31582 0 13 -3.31582 1
gene 1 5 28 0.321799 0 14 0.321799 1
gene 1 5 29 3.2789 0 15 3.2789 1
gene 1 6 27 3.76023 0 16 3.76023 1
gene 1 6 28 -5 0 17 -5 1
gene 1 6 29 -2.27016 0 18 -2.27016 1
gene 1 7 27 0.318407 0 19 0.318407 1
gene 1 7 28 0.591386 0 20 0.591386 1
gene 1 7 29 4.82265 0 21 4.82265 1
gene 1 8 27 -0.0905756 0 22 -0.0905756 1
gene 1 8 28 -5 0 23 -5 1
gene 1 8 29 0.228934 0 24 0.228934 1
gene 1 9 27 4.81476 0 25 4.81476 1
gene 1 9 28 -0.455443 0 26 -0.455443 1
gene 1 9 29 0.0408079 0 27 0.0408079 1
gene 1 10 27 2.7407 0 28 2.7407 1
gene 1 10 28 -0.728026 0 29 -0.728026 1
gene 1 10 29 0.439156 0 30 0.439156 1
gene 1 11 27 3.84676 0 31 3.84676 1
gene 1 11 28 -1.15683 0 32 -1.15683 1
gene 1 11 29 -1.67671 0 33 -1.67671 1
gene 1 12 27 -0.578305 0 34 -0.578305 1
gene 1 12 28 -0.296992 0 35 -0.296992 1
gene 1 12 29 -2.09537 0 36 -2.09537 1
gene 1 13 27 -2.65912 0 37 -2.65912 1
gene 1 13 28 1.76495 0 38 1.76495 1
gene 1 13 29 0.557506 0 39 0.557506 1
gene 1 14 27 0.00184067 0 40 0.00184067 1
gene 1 14 28 2.90223 0 41 2.90223 1
gene 1 14 29 -1.74134 0 42 -1.74134 1
gene 1 15 27 0.591568 0 43 0.591568 1
gene 1 15 28 -4.23588 0 44 -4.23588 1
gene 1 15 29 5 0 45 5 1
gene 1 16 27 -0.508145 0 46 -0.508145 1
gene 1 16 28 3.29776 0 47 3.29776 1
gene 1 16 29 0.518219 0 48 0.518219 1
gene 1 17 27 0.215481 0 49 0.215481 1
gene 1 17 28 0.221393 0 50 0.221393 1
gene 1 17 29 -5 0 51 -5 1
gene 1 18 27 -0.114362 0 52 -0.114362 1
gene 1 18 28 -2.24023 0 53 -2.24023 1
gene 1 18 29 -2.21711 0 54 -2.21711 1
gene 1 19 27 -4.85921 0 55 -4.85921 1
gene 1 19 28 -1.56112 0 56 -1.56112 1
gene 1 19 29 0.587283 0 57 0.587283 1
gene 1 20 27 0.164294 0 58 0.164294 1
gene 1 20 28 -2.24711 0 59 -2.24711 1
gene 1 20 29 -1.25764 0 60 -1.25764 1
gene 1 21 27 0.384296 0 61 0.384296 1
gene 1 21 28 -0.340196 0 62 -0.340196 1
gene 1 21 29 -3.44138 0 63 -3.44138 1
gene 1 22 27 0.966096 0 64 0.966096 1
gene 1 22 28 -0.0566103 0 65 -0.0566103 1
gene 1 22 29 1.60814 0 66 1.60814 1
gene 1 23 27 5 0 67 5 1
gene 1 23 28 2.43731 0 68 2.43731 1
gene 1 23 29 0.0891277 0 69 0.0891277 1
gene 1 24 27 -0.428499 0 70 -0.428499 1
gene 1 24 28 -0.184371 0 71 -0.184371 1
gene 1 24 29 -0.995603 0 72 -0.995603 1
gene 1 25 27 -1.46346 0 73 -1.46346 1
gene 1 25 28 0.675859 0 74 0.675859 1
gene 1 25 29 -0.104998 0 75 -0.104998 1
gene 1 26 27 -0.735859 0 76 -0.735859 1
gene 1 26 28 -0.836437 0 77 -0.836437 1
gene 1 26 29 2.12663 0 78 2.12663 1
genomeend 0


