/* Organism #1 Fitness: 40146.400000 Time: 0 */
genomestart 1
trait 1 0.822586 0.777292 1.000000 0.000000 0.848794 0.000000 0.110588 0.162737 
node 1 1 1 1
node 2 1 1 1
node 3 1 1 1
node 4 1 1 1
node 5 1 1 1
node 6 1 1 1
node 7 1 1 1
node 8 1 1 1
node 9 1 1 1
node 10 1 1 1
node 11 1 1 1
node 12 1 1 1
node 13 1 1 1
node 14 1 1 1
node 15 1 1 1
node 16 1 1 1
node 17 1 1 1
node 18 1 1 1
node 19 1 1 1
node 20 1 1 1
node 21 1 1 1
node 22 1 1 1
node 23 1 1 1
node 24 1 1 1
node 25 1 1 1
node 26 1 1 3
node 27 1 0 2
node 28 1 0 2
node 29 1 0 2
gene 1 1 27 -3.29828 0 1 -3.29828 1
gene 1 1 28 2.04321 0 2 2.04321 1
gene 1 1 29 1.14408 0 3 1.14408 1
gene 1 2 27 -4.88309 0 4 -4.88309 1
gene 1 2 28 1.07415 0 5 1.07415 1
gene 1 2 29 0.220182 0 6 0.220182 1
gene 1 3 27 0.557921 0 7 0.557921 1
gene 1 3 28 -0.12362 0 8 -0.12362 1
gene 1 3 29 3.6847 0 9 3.6847 1
gene 1 4 27 -0.329918 0 10 -0.329918 1
gene 1 4 28 -1.41068 0 11 -1.41068 1
gene 1 4 29 0.22623 0 12 0.22623 1
gene 1 5 27 -0.650549 0 13 -0.650549 1
gene 1 5 28 0.60482 0 14 0.60482 1
gene 1 5 29 -0.954013 0 15 -0.954013 1
gene 1 6 27 -1.49302 0 16 -1.49302 1
gene 1 6 28 1.30906 0 17 1.30906 1
gene 1 6 29 0.215607 0 18 0.215607 1
gene 1 7 27 3.1562 0 19 3.1562 1
gene 1 7 28 1.42095 0 20 1.42095 1
gene 1 7 29 2.19819 0 21 2.19819 1
gene 1 8 27 0.0277612 0 22 0.0277612 1
gene 1 8 28 -0.654405 0 23 -0.654405 1
gene 1 8 29 -0.329005 0 24 -0.329005 1
gene 1 9 27 1.28316 0 25 1.28316 1
gene 1 9 28 0.56108 0 26 0.56108 1
gene 1 9 29 2.63036 0 27 2.63036 1
gene 1 10 27 2.05424 0 28 2.05424 1
gene 1 10 28 0.243885 0 29 0.243885 1
gene 1 10 29 0.384676 0 30 0.384676 1
gene 1 11 27 0.186076 0 31 0.186076 1
gene 1 11 28 -2.12405 0 32 -2.12405 1
gene 1 11 29 -0.466079 0 33 -0.466079 1
gene 1 12 27 1.67603 0 34 1.67603 1
gene 1 12 28 -0.778644 0 35 -0.778644 1
gene 1 12 29 0.442899 0 36 0.442899 1
gene 1 13 27 -0.5291 0 37 -0.5291 1
gene 1 13 28 -0.600272 0 38 -0.600272 1
gene 1 13 29 -1.51107 0 39 -1.51107 1
gene 1 14 27 1.2884 0 40 1.2884 1
gene 1 14 28 2.43061 0 41 2.43061 1
gene 1 14 29 2.41302 0 42 2.41302 1
gene 1 15 27 1.74922 0 43 1.74922 1
gene 1 15 28 0.726736 0 44 0.726736 1
gene 1 15 29 -0.222006 0 45 -0.222006 1
gene 1 16 27 -1.89806 0 46 -1.89806 1
gene 1 16 28 -0.687893 0 47 -0.687893 1
gene 1 16 29 -0.0296679 0 48 -0.0296679 1
gene 1 17 27 0.497819 0 49 0.497819 1
gene 1 17 28 3.50129 0 50 3.50129 1
gene 1 17 29 0.684863 0 51 0.684863 1
gene 1 18 27 0.0441403 0 52 0.0441403 1
gene 1 18 28 0.415904 0 53 0.415904 1
gene 1 18 29 -1.33379 0 54 -1.33379 1
gene 1 19 27 0.875462 0 55 0.875462 1
gene 1 19 28 2.79978 0 56 2.79978 1
gene 1 19 29 0.594281 0 57 0.594281 1
gene 1 20 27 1.61675 0 58 1.61675 1
gene 1 20 28 4.42889 0 59 4.42889 1
gene 1 20 29 0.602698 0 60 0.602698 1
gene 1 21 27 -0.1342 0 61 -0.1342 1
gene 1 21 28 1.34512 0 62 1.34512 1
gene 1 21 29 -2.72691 0 63 -2.72691 1
gene 1 22 27 0.0870561 0 64 0.0870561 1
gene 1 22 28 -2.84859 0 65 -2.84859 1
gene 1 22 29 1.06867 0 66 1.06867 1
gene 1 23 27 0.878009 0 67 0.878009 1
gene 1 23 28 0.167795 0 68 0.167795 1
gene 1 23 29 -3.25937 0 69 -3.25937 1
gene 1 24 27 -3.19318 0 70 -3.19318 1
gene 1 24 28 -0.245428 0 71 -0.245428 1
gene 1 24 29 -0.0560823 0 72 -0.0560823 1
gene 1 25 27 -0.971196 0 73 -0.971196 1
gene 1 25 28 -1.73903 0 74 -1.73903 1
gene 1 25 29 0.162413 0 75 0.162413 1
gene 1 26 27 0.493197 0 76 0.493197 1
gene 1 26 28 -0.974337 0 77 -0.974337 1
gene 1 26 29 -0.247029 0 78 -0.247029 1
genomeend 1


