/* Organism #1 Fitness: 41805.972000 Time: 0 */
genomestart 1
trait 1 0.100000 0.017157 0.000000 0.181049 0.000000 0.000000 0.000000 0.000000 
node 1 1 1 1
node 2 1 1 1
node 3 1 1 1
node 4 1 1 1
node 5 1 1 1
node 6 1 1 1
node 7 1 1 1
node 8 1 1 1
node 9 1 1 1
node 10 1 1 1
node 11 1 1 1
node 12 1 1 1
node 13 1 1 1
node 14 1 1 1
node 15 1 1 1
node 16 1 1 1
node 17 1 1 1
node 18 1 1 1
node 19 1 1 1
node 20 1 1 1
node 21 1 1 1
node 22 1 1 1
node 23 1 1 1
node 24 1 1 1
node 25 1 1 1
node 26 1 1 3
node 27 1 0 2
node 28 1 0 2
node 29 1 0 2
gene 1 1 27 -1.00085 0 1 -1.00085 1
gene 1 1 28 3.33023 0 2 3.33023 1
gene 1 1 29 -2.70133 0 3 -2.70133 1
gene 1 2 27 4.42223 0 4 4.42223 1
gene 1 2 28 -1.71582 0 5 -1.71582 1
gene 1 2 29 1.45936 0 6 1.45936 1
gene 1 3 27 0.203495 0 7 0.203495 1
gene 1 3 28 -1.61889 0 8 -1.61889 1
gene 1 3 29 0.665534 0 9 0.665534 1
gene 1 4 27 2.41236 0 10 2.41236 1
gene 1 4 28 1.13764 0 11 1.13764 1
gene 1 4 29 -2.43396 0 12 -2.43396 1
gene 1 5 27 3.05266 0 13 3.05266 1
gene 1 5 28 3.25883 0 14 3.25883 1
gene 1 5 29 2.96327 0 15 2.96327 1
gene 1 6 27 -2.39513 0 16 -2.39513 1
gene 1 6 28 -0.485306 0 17 -0.485306 1
gene 1 6 29 -1.39952 0 18 -1.39952 1
gene 1 7 27 -2.12267 0 19 -2.12267 1
gene 1 7 28 -0.718786 0 20 -0.718786 1
gene 1 7 29 1.82781 0 21 1.82781 1
gene 1 8 27 -1.94648 0 22 -1.94648 1
gene 1 8 28 -0.247714 0 23 -0.247714 1
gene 1 8 29 -4.55 0 24 -4.55 1
gene 1 9 27 -1.1691 0 25 -1.1691 1
gene 1 9 28 -0.835434 0 26 -0.835434 1
gene 1 9 29 0.441677 0 27 0.441677 1
gene 1 10 27 0.0565506 0 28 0.0565506 1
gene 1 10 28 -3.16314 0 29 -3.16314 1
gene 1 10 29 -0.872889 0 30 -0.872889 1
gene 1 11 27 0.840163 0 31 0.840163 1
gene 1 11 28 3.24968 0 32 3.24968 1
gene 1 11 29 0.764112 0 33 0.764112 1
gene 1 12 27 0.78973 0 34 0.78973 1
gene 1 12 28 1.25517 0 35 1.25517 1
gene 1 12 29 5 0 36 5 1
gene 1 13 27 3.85152 0 37 3.85152 1
gene 1 13 28 0.632009 0 38 0.632009 1
gene 1 13 29 0.558721 0 39 0.558721 1
gene 1 14 27 -2.66195 0 40 -2.66195 1
gene 1 14 28 -0.122619 0 41 -0.122619 1
gene 1 14 29 2.63826 0 42 2.63826 1
gene 1 15 27 0.678055 0 43 0.678055 1
gene 1 15 28 -4.06653 0 44 -4.06653 1
gene 1 15 29 0.813967 0 45 0.813967 1
gene 1 16 27 -0.110635 0 46 -0.110635 1
gene 1 16 28 1.21232 0 47 1.21232 1
gene 1 16 29 4.342 0 48 4.342 1
gene 1 17 27 -1.1899 0 49 -1.1899 1
gene 1 17 28 2.58327 0 50 2.58327 1
gene 1 17 29 -4.58285 0 51 -4.58285 1
gene 1 18 27 4.67717 0 52 4.67717 1
gene 1 18 28 1.38411 0 53 1.38411 1
gene 1 18 29 -0.819944 0 54 -0.819944 1
gene 1 19 27 1.83383 0 55 1.83383 1
gene 1 19 28 0.298181 0 56 0.298181 1
gene 1 19 29 -0.60471 0 57 -0.60471 1
gene 1 20 27 -0.760784 0 58 -0.760784 1
gene 1 20 28 -0.544637 0 59 -0.544637 1
gene 1 20 29 -5 0 60 -5 1
gene 1 21 27 2.50783 0 61 2.50783 1
gene 1 21 28 -3.1379 0 62 -3.1379 1
gene 1 21 29 1.45524 0 63 1.45524 1
gene 1 22 27 -0.569525 0 64 -0.569525 1
gene 1 22 28 -1.35745 0 65 -1.35745 1
gene 1 22 29 -0.225467 0 66 -0.225467 1
gene 1 23 27 0.73061 0 67 0.73061 1
gene 1 23 28 0.621226 0 68 0.621226 1
gene 1 23 29 -0.475658 0 69 -0.475658 1
gene 1 24 27 -0.0330466 0 70 -0.0330466 1
gene 1 24 28 0.70257 0 71 0.70257 1
gene 1 24 29 -0.633094 0 72 -0.633094 1
gene 1 25 27 -0.0464386 0 73 -0.0464386 1
gene 1 25 28 3.56597 0 74 3.56597 1
gene 1 25 29 0.383884 0 75 0.383884 1
gene 1 26 27 1.83312 0 76 1.83312 1
gene 1 26 28 0.35079 0 77 0.35079 1
gene 1 26 29 0.84238 0 78 0.84238 1
genomeend 1


