/* Organism #6 Fitness: 40253.008000 Time: 0 */
genomestart 6
trait 1 0.000000 1.000000 0.170074 0.000000 1.000000 0.329651 0.910753 0.363542 
node 1 1 1 1
node 2 1 1 1
node 3 1 1 1
node 4 1 1 1
node 5 1 1 1
node 6 1 1 1
node 7 1 1 1
node 8 1 1 1
node 9 1 1 1
node 10 1 1 1
node 11 1 1 1
node 12 1 1 1
node 13 1 1 1
node 14 1 1 1
node 15 1 1 1
node 16 1 1 1
node 17 1 1 1
node 18 1 1 1
node 19 1 1 1
node 20 1 1 1
node 21 1 1 1
node 22 1 1 1
node 23 1 1 1
node 24 1 1 1
node 25 1 1 1
node 26 1 1 3
node 27 1 0 2
node 28 1 0 2
node 29 1 0 2
gene 1 1 27 2.17487 0 1 2.17487 1
gene 1 1 28 -0.625231 0 2 -0.625231 1
gene 1 1 29 -0.729922 0 3 -0.729922 1
gene 1 2 27 1.47406 0 4 1.47406 1
gene 1 2 28 0.525193 0 5 0.525193 1
gene 1 2 29 -0.257857 0 6 -0.257857 1
gene 1 3 27 0.750872 0 7 0.750872 1
gene 1 3 28 -4.57662 0 8 -4.57662 1
gene 1 3 29 -3.99046 0 9 -3.99046 1
gene 1 4 27 1.2767 0 10 1.2767 1
gene 1 4 28 1.54558 0 11 1.54558 1
gene 1 4 29 -1.09551 0 12 -1.09551 1
gene 1 5 27 -0.998281 0 13 -0.998281 1
gene 1 5 28 4.8564 0 14 4.8564 1
gene 1 5 29 -1.46667 0 15 -1.46667 1
gene 1 6 27 2.16409 0 16 2.16409 1
gene 1 6 28 5 0 17 5 1
gene 1 6 29 1.74923 0 18 1.74923 1
gene 1 7 27 5 0 19 5 1
gene 1 7 28 0.511382 0 20 0.511382 1
gene 1 7 29 0.841216 0 21 0.841216 1
gene 1 8 27 3.86505 0 22 3.86505 1
gene 1 8 28 1.20336 0 23 1.20336 1
gene 1 8 29 0.663025 0 24 0.663025 1
gene 1 9 27 -4.06438 0 25 -4.06438 1
gene 1 9 28 -2.80149 0 26 -2.80149 1
gene 1 9 29 -0.367719 0 27 -0.367719 1
gene 1 10 27 -0.393818 0 28 -0.393818 1
gene 1 10 28 -0.0167134 0 29 -0.0167134 1
gene 1 10 29 -0.721626 0 30 -0.721626 1
gene 1 11 27 -0.612336 0 31 -0.612336 1
gene 1 11 28 3.52857 0 32 3.52857 1
gene 1 11 29 -3.49888 0 33 -3.49888 1
gene 1 12 27 -0.922491 0 34 -0.922491 1
gene 1 12 28 -0.640202 0 35 -0.640202 1
gene 1 12 29 -4.52761 0 36 -4.52761 1
gene 1 13 27 -0.588745 0 37 -0.588745 1
gene 1 13 28 0.374531 0 38 0.374531 1
gene 1 13 29 -0.125946 0 39 -0.125946 1
gene 1 14 27 4.61161 0 40 4.61161 1
gene 1 14 28 0.0608689 0 41 0.0608689 1
gene 1 14 29 -0.32713 0 42 -0.32713 1
gene 1 15 27 -0.629258 0 43 -0.629258 1
gene 1 15 28 1.7324 0 44 1.7324 1
gene 1 15 29 -0.463684 0 45 -0.463684 1
gene 1 16 27 -2.98019 0 46 -2.98019 1
gene 1 16 28 -1.99686 0 47 -1.99686 1
gene 1 16 29 -0.87641 0 48 -0.87641 1
gene 1 17 27 -2.68284 0 49 -2.68284 1
gene 1 17 28 1.63626 0 50 1.63626 1
gene 1 17 29 -0.529277 0 51 -0.529277 1
gene 1 18 27 0.52222 0 52 0.52222 1
gene 1 18 28 -2.23662 0 53 -2.23662 1
gene 1 18 29 -0.834285 0 54 -0.834285 1
gene 1 19 27 -1.82017 0 55 -1.82017 1
gene 1 19 28 -1.98296 0 56 -1.98296 1
gene 1 19 29 -1.72335 0 57 -1.72335 1
gene 1 20 27 -0.122981 0 58 -0.122981 1
gene 1 20 28 1.66936 0 59 1.66936 1
gene 1 20 29 0.926737 0 60 0.926737 1
gene 1 21 27 -0.913665 0 61 -0.913665 1
gene 1 21 28 0.200402 0 62 0.200402 1
gene 1 21 29 1.4904 0 63 1.4904 1
gene 1 22 27 -0.274265 0 64 -0.274265 1
gene 1 22 28 2.09704 0 65 2.09704 1
gene 1 22 29 -1.31645 0 66 -1.31645 1
gene 1 23 27 -0.374689 0 67 -0.374689 1
gene 1 23 28 0.31031 0 68 0.31031 1
gene 1 23 29 -0.514259 0 69 -0.514259 1
gene 1 24 27 1.2046 0 70 1.2046 1
gene 1 24 28 0.03247 0 71 0.03247 1
gene 1 24 29 1.17619 0 72 1.17619 1
gene 1 25 27 -0.255046 0 73 -0.255046 1
gene 1 25 28 -0.473112 0 74 -0.473112 1
gene 1 25 29 -0.433918 0 75 -0.433918 1
gene 1 26 27 -1.83333 0 76 -1.83333 1
gene 1 26 28 -2.75616 0 77 -2.75616 1
gene 1 26 29 -0.541393 0 78 -0.541393 1
genomeend 6


