/* Organism #2 Fitness: 40464.070000 Time: 0 */
genomestart 2
trait 1 0.100000 0.000000 0.980742 0.346554 0.000000 0.000000 0.000000 0.000000 
node 1 1 1 1
node 2 1 1 1
node 3 1 1 1
node 4 1 1 1
node 5 1 1 1
node 6 1 1 1
node 7 1 1 1
node 8 1 1 1
node 9 1 1 1
node 10 1 1 1
node 11 1 1 1
node 12 1 1 1
node 13 1 1 1
node 14 1 1 1
node 15 1 1 1
node 16 1 1 1
node 17 1 1 1
node 18 1 1 1
node 19 1 1 1
node 20 1 1 1
node 21 1 1 1
node 22 1 1 1
node 23 1 1 1
node 24 1 1 1
node 25 1 1 1
node 26 1 1 3
node 27 1 0 2
node 28 1 0 2
node 29 1 0 2
gene 1 1 27 -5 0 1 -5 1
gene 1 1 28 1.36006 0 2 1.36006 1
gene 1 1 29 -2.94837 0 3 -2.94837 1
gene 1 2 27 -2.57718 0 4 -2.57718 1
gene 1 2 28 -2.3535 0 5 -2.3535 1
gene 1 2 29 1.15234 0 6 1.15234 1
gene 1 3 27 0.76306 0 7 0.76306 1
gene 1 3 28 0.915471 0 8 0.915471 1
gene 1 3 29 -2.84213 0 9 -2.84213 1
gene 1 4 27 3.23283 0 10 3.23283 1
gene 1 4 28 -5 0 11 -5 1
gene 1 4 29 -1.07017 0 12 -1.07017 1
gene 1 5 27 0.842591 0 13 0.842591 1
gene 1 5 28 -0.897663 0 14 -0.897663 1
gene 1 5 29 -2.30801 0 15 -2.30801 1
gene 1 6 27 1.96538 0 16 1.96538 1
gene 1 6 28 -0.71453 0 17 -0.71453 1
gene 1 6 29 -0.281428 0 18 -0.281428 1
gene 1 7 27 4.33177 0 19 4.33177 1
gene 1 7 28 0.463583 0 20 0.463583 1
gene 1 7 29 1.62462 0 21 1.62462 1
gene 1 8 27 -0.937539 0 22 -0.937539 1
gene 1 8 28 0.668023 0 23 0.668023 1
gene 1 8 29 1.93866 0 24 1.93866 1
gene 1 9 27 -2.98254 0 25 -2.98254 1
gene 1 9 28 1.69491 0 26 1.69491 1
gene 1 9 29 -1.12896 0 27 -1.12896 1
gene 1 10 27 -0.588231 0 28 -0.588231 1
gene 1 10 28 0.315228 0 29 0.315228 1
gene 1 10 29 -1.50308 0 30 -1.50308 1
gene 1 11 27 -2.48436 0 31 -2.48436 1
gene 1 11 28 -0.231605 0 32 -0.231605 1
gene 1 11 29 0.0773599 0 33 0.0773599 1
gene 1 12 27 -0.967629 0 34 -0.967629 1
gene 1 12 28 0.933904 0 35 0.933904 1
gene 1 12 29 -0.418005 0 36 -0.418005 1
gene 1 13 27 -0.640565 0 37 -0.640565 1
gene 1 13 28 0.755448 0 38 0.755448 1
gene 1 13 29 -0.391732 0 39 -0.391732 1
gene 1 14 27 -2.86226 0 40 -2.86226 1
gene 1 14 28 0.594413 0 41 0.594413 1
gene 1 14 29 -4.67843 0 42 -4.67843 1
gene 1 15 27 0.542748 0 43 0.542748 1
gene 1 15 28 1.17438 0 44 1.17438 1
gene 1 15 29 2.75322 0 45 2.75322 1
gene 1 16 27 0.969012 0 46 0.969012 1
gene 1 16 28 -0.942822 0 47 -0.942822 1
gene 1 16 29 0.381782 0 48 0.381782 1
gene 1 17 27 2.19582 0 49 2.19582 1
gene 1 17 28 3.60197 0 50 3.60197 1
gene 1 17 29 -0.877307 0 51 -0.877307 1
gene 1 18 27 -0.833241 0 52 -0.833241 1
gene 1 18 28 3.03205 0 53 3.03205 1
gene 1 18 29 -0.619141 0 54 -0.619141 1
gene 1 19 27 1.70396 0 55 1.70396 1
gene 1 19 28 0.310064 0 56 0.310064 1
gene 1 19 29 2.2505 0 57 2.2505 1
gene 1 20 27 0.351072 0 58 0.351072 1
gene 1 20 28 0.250384 0 59 0.250384 1
gene 1 20 29 1.38184 0 60 1.38184 1
gene 1 21 27 -4.17884 0 61 -4.17884 1
gene 1 21 28 -0.851302 0 62 -0.851302 1
gene 1 21 29 -5 0 63 -5 1
gene 1 22 27 -0.151445 0 64 -0.151445 1
gene 1 22 28 -1.39027 0 65 -1.39027 1
gene 1 22 29 -1.48811 0 66 -1.48811 1
gene 1 23 27 0.637872 0 67 0.637872 1
gene 1 23 28 0.825337 0 68 0.825337 1
gene 1 23 29 -1.71607 0 69 -1.71607 1
gene 1 24 27 -3.28937 0 70 -3.28937 1
gene 1 24 28 0.0539645 0 71 0.0539645 1
gene 1 24 29 -0.541751 0 72 -0.541751 1
gene 1 25 27 0.301823 0 73 0.301823 1
gene 1 25 28 0.636366 0 74 0.636366 1
gene 1 25 29 0.679423 0 75 0.679423 1
gene 1 26 27 0.0777806 0 76 0.0777806 1
gene 1 26 28 0.304208 0 77 0.304208 1
gene 1 26 29 -0.26639 0 78 -0.26639 1
genomeend 2


