/* Organism #2 Fitness: 34807.772000 Time: 0 */
genomestart 2
trait 1 0.382592 0.445928 0.564770 0.973577 0.741031 0.223472 0.810969 0.343096 
node 1 1 1 1
node 2 1 1 1
node 3 1 1 1
node 4 1 1 1
node 5 1 1 1
node 6 1 1 1
node 7 1 1 1
node 8 1 1 1
node 9 1 1 1
node 10 1 1 1
node 11 1 1 1
node 12 1 1 1
node 13 1 1 1
node 14 1 1 1
node 15 1 1 1
node 16 1 1 1
node 17 1 1 1
node 18 1 1 1
node 19 1 1 1
node 20 1 1 1
node 21 1 1 1
node 22 1 1 1
node 23 1 1 1
node 24 1 1 1
node 25 1 1 1
node 26 1 1 1
node 27 1 1 1
node 28 1 1 1
node 29 1 1 1
node 30 1 1 3
node 31 1 0 2
node 32 1 0 2
node 33 1 0 2
gene 1 1 31 -4.45091 0 1 -4.45091 1
gene 1 1 32 0.814803 0 2 0.814803 1
gene 1 1 33 -3.00404 0 3 -3.00404 1
gene 1 2 31 0.921154 0 4 0.921154 1
gene 1 2 32 -0.731487 0 5 -0.731487 1
gene 1 2 33 -5 0 6 -5 1
gene 1 3 31 -2.05686 0 7 -2.05686 1
gene 1 3 32 0.903098 0 8 0.903098 1
gene 1 3 33 3.47681 0 9 3.47681 1
gene 1 4 31 -5 0 10 -5 1
gene 1 4 32 1.38459 0 11 1.38459 1
gene 1 4 33 2.18525 0 12 2.18525 1
gene 1 5 31 4.23478 0 13 4.23478 1
gene 1 5 32 -1.67897 0 14 -1.67897 1
gene 1 5 33 -2.42231 0 15 -2.42231 1
gene 1 6 31 0.0359146 0 16 0.0359146 1
gene 1 6 32 0.729921 0 17 0.729921 1
gene 1 6 33 4.54946 0 18 4.54946 1
gene 1 7 31 2.82812 0 19 2.82812 1
gene 1 7 32 -1.36861 0 20 -1.36861 1
gene 1 7 33 0.22522 0 21 0.22522 1
gene 1 8 31 -0.406402 0 22 -0.406402 1
gene 1 8 32 1.21607 0 23 1.21607 1
gene 1 8 33 -0.350644 0 24 -0.350644 1
gene 1 9 31 -0.156726 0 25 -0.156726 1
gene 1 9 32 0.189636 0 26 0.189636 1
gene 1 9 33 5 0 27 5 1
gene 1 10 31 -3.51793 0 28 -3.51793 1
gene 1 10 32 2.75444 0 29 2.75444 1
gene 1 10 33 -1.03767 0 30 -1.03767 1
gene 1 11 31 1.46571 0 31 1.46571 1
gene 1 11 32 -2.65093 0 32 -2.65093 1
gene 1 11 33 2.73666 0 33 2.73666 1
gene 1 12 31 -2.93634 0 34 -2.93634 1
gene 1 12 32 -0.961306 0 35 -0.961306 1
gene 1 12 33 -5 0 36 -5 1
gene 1 13 31 -3.55554 0 37 -3.55554 1
gene 1 13 32 -0.574843 0 38 -0.574843 1
gene 1 13 33 1.57599 0 39 1.57599 1
gene 1 14 31 -1.45459 0 40 -1.45459 1
gene 1 14 32 4.2001 0 41 4.2001 1
gene 1 14 33 -2.36752 0 42 -2.36752 1
gene 1 15 31 0.0566477 0 43 0.0566477 1
gene 1 15 32 0.95504 0 44 0.95504 1
gene 1 15 33 2.29117 0 45 2.29117 1
gene 1 16 31 2.74741 0 46 2.74741 1
gene 1 16 32 -1.69098 0 47 -1.69098 1
gene 1 16 33 5 0 48 5 1
gene 1 17 31 1.14865 0 49 1.14865 1
gene 1 17 32 -3.14903 0 50 -3.14903 1
gene 1 17 33 -0.666404 0 51 -0.666404 1
gene 1 18 31 2.29451 0 52 2.29451 1
gene 1 18 32 -0.498365 0 53 -0.498365 1
gene 1 18 33 -5 0 54 -5 1
gene 1 19 31 2.61984 0 55 2.61984 1
gene 1 19 32 -1.94115 0 56 -1.94115 1
gene 1 19 33 -1.94642 0 57 -1.94642 1
gene 1 20 31 -1.07454 0 58 -1.07454 1
gene 1 20 32 -0.633422 0 59 -0.633422 1
gene 1 20 33 1.68202 0 60 1.68202 1
gene 1 21 31 1.88095 0 61 1.88095 1
gene 1 21 32 -0.603626 0 62 -0.603626 1
gene 1 21 33 -4.52215 0 63 -4.52215 1
gene 1 22 31 5 0 64 5 1
gene 1 22 32 4.84982 0 65 4.84982 1
gene 1 22 33 -2.47312 0 66 -2.47312 1
gene 1 23 31 1.91809 0 67 1.91809 1
gene 1 23 32 1.12849 0 68 1.12849 1
gene 1 23 33 2.28648 0 69 2.28648 1
gene 1 24 31 2.41929 0 70 2.41929 1
gene 1 24 32 -0.324932 0 71 -0.324932 1
gene 1 24 33 1.97946 0 72 1.97946 1
gene 1 25 31 0.497014 0 73 0.497014 1
gene 1 25 32 -0.601758 0 74 -0.601758 1
gene 1 25 33 -1.37919 0 75 -1.37919 1
gene 1 26 31 1.73551 0 76 1.73551 1
gene 1 26 32 1.66212 0 77 1.66212 1
gene 1 26 33 2.04098 0 78 2.04098 1
gene 1 27 31 -0.426823 0 79 -0.426823 1
gene 1 27 32 -0.0481999 0 80 -0.0481999 1
gene 1 27 33 -0.33147 0 81 -0.33147 1
gene 1 28 31 0.551789 0 82 0.551789 1
gene 1 28 32 -0.322695 0 83 -0.322695 1
gene 1 28 33 0.9265 0 84 0.9265 1
gene 1 29 31 1.32883 0 85 1.32883 1
gene 1 29 32 0.308862 0 86 0.308862 1
gene 1 29 33 0.970245 0 87 0.970245 1
gene 1 30 31 -4.74907 0 88 -4.74907 1
gene 1 30 32 -0.490757 0 89 -0.490757 1
gene 1 30 33 -1.10348 0 90 -1.10348 1
genomeend 2


