/* Organism #0 Fitness: 15005.360000 Time: 0 */
genomestart 0
trait 1 1.000000 0.000000 0.000000 0.000000 0.834253 0.097393 0.471761 0.825053 
node 1 1 1 1
node 2 1 1 1
node 3 1 1 1
node 4 1 1 1
node 5 1 1 1
node 6 1 1 1
node 7 1 1 1
node 8 1 1 1
node 9 1 1 1
node 10 1 1 1
node 11 1 1 1
node 12 1 1 1
node 13 1 1 1
node 14 1 1 1
node 15 1 1 1
node 16 1 1 1
node 17 1 1 1
node 18 1 1 1
node 19 1 1 1
node 20 1 1 1
node 21 1 1 1
node 22 1 1 1
node 23 1 1 1
node 24 1 1 1
node 25 1 1 1
node 26 1 1 3
node 27 1 0 2
node 28 1 0 2
node 29 1 0 2
gene 1 1 27 -3.01359 0 1 -3.01359 1
gene 1 1 28 -1.87017 0 2 -1.87017 1
gene 1 1 29 -5 0 3 -5 1
gene 1 2 27 -3.92102 0 4 -3.92102 1
gene 1 2 28 5 0 5 5 1
gene 1 2 29 -0.551918 0 6 -0.551918 1
gene 1 3 27 -2.09636 0 7 -2.09636 1
gene 1 3 28 3.07822 0 8 3.07822 1
gene 1 3 29 -0.129389 0 9 -0.129389 1
gene 1 4 27 1.14074 0 10 1.14074 1
gene 1 4 28 2.39118 0 11 2.39118 1
gene 1 4 29 1.87249 0 12 1.87249 1
gene 1 5 27 1.38595 0 13 1.38595 1
gene 1 5 28 4.73986 0 14 4.73986 1
gene 1 5 29 0.974079 0 15 0.974079 1
gene 1 6 27 1.31835 0 16 1.31835 1
gene 1 6 28 -4.04831 0 17 -4.04831 1
gene 1 6 29 -0.830117 0 18 -0.830117 1
gene 1 7 27 2.68818 0 19 2.68818 1
gene 1 7 28 -1.05121 0 20 -1.05121 1
gene 1 7 29 3.95352 0 21 3.95352 1
gene 1 8 27 0.813084 0 22 0.813084 1
gene 1 8 28 -4.0652 0 23 -4.0652 1
gene 1 8 29 -0.368123 0 24 -0.368123 1
gene 1 9 27 3.26753 0 25 3.26753 1
gene 1 9 28 1.72304 0 26 1.72304 1
gene 1 9 29 0.649388 0 27 0.649388 1
gene 1 10 27 -2.62666 0 28 -2.62666 1
gene 1 10 28 -2.4284 0 29 -2.4284 1
gene 1 10 29 1.38175 0 30 1.38175 1
gene 1 11 27 0.897093 0 31 0.897093 1
gene 1 11 28 -0.409814 0 32 -0.409814 1
gene 1 11 29 -1.61283 0 33 -1.61283 1
gene 1 12 27 0.961705 0 34 0.961705 1
gene 1 12 28 1.30788 0 35 1.30788 1
gene 1 12 29 -0.109353 0 36 -0.109353 1
gene 1 13 27 1.39423 0 37 1.39423 1
gene 1 13 28 3.25296 0 38 3.25296 1
gene 1 13 29 -1.94899 0 39 -1.94899 1
gene 1 14 27 2.17293 0 40 2.17293 1
gene 1 14 28 -0.179742 0 41 -0.179742 1
gene 1 14 29 3.68215 0 42 3.68215 1
gene 1 15 27 -2.09698 0 43 -2.09698 1
gene 1 15 28 -0.344946 0 44 -0.344946 1
gene 1 15 29 -0.342608 0 45 -0.342608 1
gene 1 16 27 -1.65584 0 46 -1.65584 1
gene 1 16 28 4.44211 0 47 4.44211 1
gene 1 16 29 -2.29869 0 48 -2.29869 1
gene 1 17 27 1.11768 0 49 1.11768 1
gene 1 17 28 1.07193 0 50 1.07193 1
gene 1 17 29 -2.13181 0 51 -2.13181 1
gene 1 18 27 2.17022 0 52 2.17022 1
gene 1 18 28 -5 0 53 -5 1
gene 1 18 29 1.53889 0 54 1.53889 1
gene 1 19 27 1.64912 0 55 1.64912 1
gene 1 19 28 2.30183 0 56 2.30183 1
gene 1 19 29 2.08481 0 57 2.08481 1
gene 1 20 27 0.111146 0 58 0.111146 1
gene 1 20 28 0.372433 0 59 0.372433 1
gene 1 20 29 -2.78673 0 60 -2.78673 1
gene 1 21 27 3.96686 0 61 3.96686 1
gene 1 21 28 3.22001 0 62 3.22001 1
gene 1 21 29 0.653089 0 63 0.653089 1
gene 1 22 27 -0.051061 0 64 -0.051061 1
gene 1 22 28 -2.80693 0 65 -2.80693 1
gene 1 22 29 0.463141 0 66 0.463141 1
gene 1 23 27 -1.34903 0 67 -1.34903 1
gene 1 23 28 0.767689 0 68 0.767689 1
gene 1 23 29 0.27036 0 69 0.27036 1
gene 1 24 27 0.301645 0 70 0.301645 1
gene 1 24 28 -0.470675 0 71 -0.470675 1
gene 1 24 29 0.276828 0 72 0.276828 1
gene 1 25 27 1.07079 0 73 1.07079 1
gene 1 25 28 1.76388 0 74 1.76388 1
gene 1 25 29 0.0673365 0 75 0.0673365 1
gene 1 26 27 -3.9196 0 76 -3.9196 1
gene 1 26 28 -4.43228 0 77 -4.43228 1
gene 1 26 29 -0.105945 0 78 -0.105945 1
genomeend 0


