/* Organism #44 Fitness: 13906.138000 Time: 0 */
genomestart 44
trait 1 0.568450 0.000000 1.000000 0.710555 0.379294 0.000000 1.000000 0.697938 
node 1 1 1 1
node 2 1 1 1
node 3 1 1 1
node 4 1 1 1
node 5 1 1 1
node 6 1 1 1
node 7 1 1 1
node 8 1 1 1
node 9 1 1 1
node 10 1 1 1
node 11 1 1 1
node 12 1 1 1
node 13 1 1 1
node 14 1 1 1
node 15 1 1 1
node 16 1 1 1
node 17 1 1 1
node 18 1 1 1
node 19 1 1 1
node 20 1 1 1
node 21 1 1 1
node 22 1 1 1
node 23 1 1 1
node 24 1 1 1
node 25 1 1 1
node 26 1 1 3
node 27 1 0 2
node 28 1 0 2
node 29 1 0 2
gene 1 1 27 -4.62512 0 1 -4.62512 1
gene 1 1 28 3.19018 0 2 3.19018 1
gene 1 1 29 -2.92811 0 3 -2.92811 1
gene 1 2 27 -1.95083 0 4 -1.95083 1
gene 1 2 28 2.29809 0 5 2.29809 1
gene 1 2 29 0.265229 0 6 0.265229 1
gene 1 3 27 0.302451 0 7 0.302451 1
gene 1 3 28 -0.912288 0 8 -0.912288 1
gene 1 3 29 -0.222413 0 9 -0.222413 1
gene 1 4 27 1.68346 0 10 1.68346 1
gene 1 4 28 -0.0153792 0 11 -0.0153792 1
gene 1 4 29 -1.20902 0 12 -1.20902 1
gene 1 5 27 1.4563 0 13 1.4563 1
gene 1 5 28 -3.87151 0 14 -3.87151 1
gene 1 5 29 2.3192 0 15 2.3192 1
gene 1 6 27 1.97236 0 16 1.97236 1
gene 1 6 28 1.99687 0 17 1.99687 1
gene 1 6 29 -0.257545 0 18 -0.257545 1
gene 1 7 27 5 0 19 5 1
gene 1 7 28 0.935867 0 20 0.935867 1
gene 1 7 29 0.320273 0 21 0.320273 1
gene 1 8 27 0.129508 0 22 0.129508 1
gene 1 8 28 2.93823 0 23 2.93823 1
gene 1 8 29 2.81211 0 24 2.81211 1
gene 1 9 27 3.13903 0 25 3.13903 1
gene 1 9 28 0.872326 0 26 0.872326 1
gene 1 9 29 -4.56479 0 27 -4.56479 1
gene 1 10 27 -0.866384 0 28 -0.866384 1
gene 1 10 28 -1.89149 0 29 -1.89149 1
gene 1 10 29 -0.693334 0 30 -0.693334 1
gene 1 11 27 -0.904435 0 31 -0.904435 1
gene 1 11 28 2.92143 0 32 2.92143 1
gene 1 11 29 1.64253 0 33 1.64253 1
gene 1 12 27 -0.611568 0 34 -0.611568 1
gene 1 12 28 5 0 35 5 1
gene 1 12 29 0.497007 0 36 0.497007 1
gene 1 13 27 -4.47599 0 37 -4.47599 1
gene 1 13 28 -0.251317 0 38 -0.251317 1
gene 1 13 29 -5 0 39 -5 1
gene 1 14 27 2.11845 0 40 2.11845 1
gene 1 14 28 -3.60927 0 41 -3.60927 1
gene 1 14 29 -0.0697699 0 42 -0.0697699 1
gene 1 15 27 0.814515 0 43 0.814515 1
gene 1 15 28 0.894247 0 44 0.894247 1
gene 1 15 29 -2.87986 0 45 -2.87986 1
gene 1 16 27 0.0918622 0 46 0.0918622 1
gene 1 16 28 -3.38785 0 47 -3.38785 1
gene 1 16 29 0.0502343 0 48 0.0502343 1
gene 1 17 27 2.67189 0 49 2.67189 1
gene 1 17 28 -1.53125 0 50 -1.53125 1
gene 1 17 29 3.84217 0 51 3.84217 1
gene 1 18 27 2.90402 0 52 2.90402 1
gene 1 18 28 0.572515 0 53 0.572515 1
gene 1 18 29 -0.839562 0 54 -0.839562 1
gene 1 19 27 1.08901 0 55 1.08901 1
gene 1 19 28 1.17068 0 56 1.17068 1
gene 1 19 29 -2.80732 0 57 -2.80732 1
gene 1 20 27 -1.09712 0 58 -1.09712 1
gene 1 20 28 -3.10315 0 59 -3.10315 1
gene 1 20 29 -1.45519 0 60 -1.45519 1
gene 1 21 27 0.253384 0 61 0.253384 1
gene 1 21 28 -4.2643 0 62 -4.2643 1
gene 1 21 29 4.45325 0 63 4.45325 1
gene 1 22 27 -2.24786 0 64 -2.24786 1
gene 1 22 28 -3.76555 0 65 -3.76555 1
gene 1 22 29 -0.420688 0 66 -0.420688 1
gene 1 23 27 -2.68466 0 67 -2.68466 1
gene 1 23 28 -1.74655 0 68 -1.74655 1
gene 1 23 29 0.589517 0 69 0.589517 1
gene 1 24 27 0.753774 0 70 0.753774 1
gene 1 24 28 0.550384 0 71 0.550384 1
gene 1 24 29 -0.174357 0 72 -0.174357 1
gene 1 25 27 -0.0736302 0 73 -0.0736302 1
gene 1 25 28 1.05403 0 74 1.05403 1
gene 1 25 29 1.1006 0 75 1.1006 1
gene 1 26 27 -4.54938 0 76 -4.54938 1
gene 1 26 28 -3.45556 0 77 -3.45556 1
gene 1 26 29 0.0747657 0 78 0.0747657 1
genomeend 44


