/* Organism #4 Fitness: 13843.846000 Time: 0 */
genomestart 4
trait 1 0.439761 0.000000 0.844378 0.389732 0.396609 1.000000 0.217844 0.000000 
node 1 1 1 1
node 2 1 1 1
node 3 1 1 1
node 4 1 1 1
node 5 1 1 1
node 6 1 1 1
node 7 1 1 1
node 8 1 1 1
node 9 1 1 1
node 10 1 1 1
node 11 1 1 1
node 12 1 1 1
node 13 1 1 1
node 14 1 1 1
node 15 1 1 1
node 16 1 1 1
node 17 1 1 1
node 18 1 1 1
node 19 1 1 1
node 20 1 1 1
node 21 1 1 1
node 22 1 1 1
node 23 1 1 1
node 24 1 1 1
node 25 1 1 1
node 26 1 1 3
node 27 1 0 2
node 28 1 0 2
node 29 1 0 2
gene 1 1 27 -4.60655 0 1 -4.60655 1
gene 1 1 28 -0.404386 0 2 -0.404386 1
gene 1 1 29 1.42834 0 3 1.42834 1
gene 1 2 27 -1.67974 0 4 -1.67974 1
gene 1 2 28 -0.582409 0 5 -0.582409 1
gene 1 2 29 -0.21504 0 6 -0.21504 1
gene 1 3 27 -0.550181 0 7 -0.550181 1
gene 1 3 28 1.63902 0 8 1.63902 1
gene 1 3 29 -1.4073 0 9 -1.4073 1
gene 1 4 27 1.2177 0 10 1.2177 1
gene 1 4 28 1.52684 0 11 1.52684 1
gene 1 4 29 -0.251342 0 12 -0.251342 1
gene 1 5 27 1.77223 0 13 1.77223 1
gene 1 5 28 -2.39231 0 14 -2.39231 1
gene 1 5 29 2.53619 0 15 2.53619 1
gene 1 6 27 1.3749 0 16 1.3749 1
gene 1 6 28 1.92582 0 17 1.92582 1
gene 1 6 29 -1.22021 0 18 -1.22021 1
gene 1 7 27 3.48948 0 19 3.48948 1
gene 1 7 28 -1.11891 0 20 -1.11891 1
gene 1 7 29 -0.545218 0 21 -0.545218 1
gene 1 8 27 0.0873701 0 22 0.0873701 1
gene 1 8 28 0.659872 0 23 0.659872 1
gene 1 8 29 -1.77317 0 24 -1.77317 1
gene 1 9 27 -2.08142 0 25 -2.08142 1
gene 1 9 28 -0.929515 0 26 -0.929515 1
gene 1 9 29 0.651111 0 27 0.651111 1
gene 1 10 27 -0.206001 0 28 -0.206001 1
gene 1 10 28 1.48926 0 29 1.48926 1
gene 1 10 29 -3.91841 0 30 -3.91841 1
gene 1 11 27 1.43958 0 31 1.43958 1
gene 1 11 28 -1.87289 0 32 -1.87289 1
gene 1 11 29 -2.37711 0 33 -2.37711 1
gene 1 12 27 2.23738 0 34 2.23738 1
gene 1 12 28 -1.40263 0 35 -1.40263 1
gene 1 12 29 3.29433 0 36 3.29433 1
gene 1 13 27 -1.16563 0 37 -1.16563 1
gene 1 13 28 0.183107 0 38 0.183107 1
gene 1 13 29 1.24748 0 39 1.24748 1
gene 1 14 27 -0.707176 0 40 -0.707176 1
gene 1 14 28 -0.0423667 0 41 -0.0423667 1
gene 1 14 29 -1.38443 0 42 -1.38443 1
gene 1 15 27 -3.38727 0 43 -3.38727 1
gene 1 15 28 1.93105 0 44 1.93105 1
gene 1 15 29 -2.77745 0 45 -2.77745 1
gene 1 16 27 3.82172 0 46 3.82172 1
gene 1 16 28 1.48061 0 47 1.48061 1
gene 1 16 29 3.94974 0 48 3.94974 1
gene 1 17 27 0.288545 0 49 0.288545 1
gene 1 17 28 2.62056 0 50 2.62056 1
gene 1 17 29 1.09836 0 51 1.09836 1
gene 1 18 27 5 0 52 5 1
gene 1 18 28 -4.36336 0 53 -4.36336 1
gene 1 18 29 -4.48879 0 54 -4.48879 1
gene 1 19 27 1.10082 0 55 1.10082 1
gene 1 19 28 -3.25783 0 56 -3.25783 1
gene 1 19 29 -0.809366 0 57 -0.809366 1
gene 1 20 27 -0.425684 0 58 -0.425684 1
gene 1 20 28 0.856979 0 59 0.856979 1
gene 1 20 29 1.28749 0 60 1.28749 1
gene 1 21 27 0.118326 0 61 0.118326 1
gene 1 21 28 0.891528 0 62 0.891528 1
gene 1 21 29 0.822953 0 63 0.822953 1
gene 1 22 27 -0.451091 0 64 -0.451091 1
gene 1 22 28 1.08273 0 65 1.08273 1
gene 1 22 29 0.731801 0 66 0.731801 1
gene 1 23 27 -3.75345 0 67 -3.75345 1
gene 1 23 28 -0.924572 0 68 -0.924572 1
gene 1 23 29 -0.485669 0 69 -0.485669 1
gene 1 24 27 0.891244 0 70 0.891244 1
gene 1 24 28 0.4548 0 71 0.4548 1
gene 1 24 29 -0.0150441 0 72 -0.0150441 1
gene 1 25 27 -0.306951 0 73 -0.306951 1
gene 1 25 28 1.08203 0 74 1.08203 1
gene 1 25 29 2.78196 0 75 2.78196 1
gene 1 26 27 -4.60339 0 76 -4.60339 1
gene 1 26 28 -5 0 77 -5 1
gene 1 26 29 -0.242636 0 78 -0.242636 1
genomeend 4


