/* Organism #8 Fitness: 14572.888000 Time: 0 */
genomestart 8
trait 1 0.967662 0.796990 1.000000 0.000000 0.000000 0.000000 0.461800 0.630626 
node 1 1 1 1
node 2 1 1 1
node 3 1 1 1
node 4 1 1 1
node 5 1 1 1
node 6 1 1 1
node 7 1 1 1
node 8 1 1 1
node 9 1 1 1
node 10 1 1 1
node 11 1 1 1
node 12 1 1 1
node 13 1 1 1
node 14 1 1 1
node 15 1 1 1
node 16 1 1 1
node 17 1 1 1
node 18 1 1 1
node 19 1 1 1
node 20 1 1 1
node 21 1 1 1
node 22 1 1 1
node 23 1 1 1
node 24 1 1 1
node 25 1 1 1
node 26 1 1 3
node 27 1 0 2
node 28 1 0 2
node 29 1 0 2
gene 1 1 27 -0.0377247 0 1 -0.0377247 1
gene 1 1 28 -5 0 2 -5 1
gene 1 1 29 -0.456411 0 3 -0.456411 1
gene 1 2 27 -4.512 0 4 -4.512 1
gene 1 2 28 4.80777 0 5 4.80777 1
gene 1 2 29 -0.936544 0 6 -0.936544 1
gene 1 3 27 -0.399166 0 7 -0.399166 1
gene 1 3 28 2.4867 0 8 2.4867 1
gene 1 3 29 3.24017 0 9 3.24017 1
gene 1 4 27 -4.52307 0 10 -4.52307 1
gene 1 4 28 0.858659 0 11 0.858659 1
gene 1 4 29 -0.816895 0 12 -0.816895 1
gene 1 5 27 0.908923 0 13 0.908923 1
gene 1 5 28 0.954009 0 14 0.954009 1
gene 1 5 29 3.16805 0 15 3.16805 1
gene 1 6 27 -1.99561 0 16 -1.99561 1
gene 1 6 28 1.67612 0 17 1.67612 1
gene 1 6 29 -0.102712 0 18 -0.102712 1
gene 1 7 27 -0.564233 0 19 -0.564233 1
gene 1 7 28 -0.0964927 0 20 -0.0964927 1
gene 1 7 29 0.89804 0 21 0.89804 1
gene 1 8 27 -4.70724 0 22 -4.70724 1
gene 1 8 28 -4.48103 0 23 -4.48103 1
gene 1 8 29 0.715005 0 24 0.715005 1
gene 1 9 27 -0.622638 0 25 -0.622638 1
gene 1 9 28 3.18792 0 26 3.18792 1
gene 1 9 29 1.89348 0 27 1.89348 1
gene 1 10 27 -4.35313 0 28 -4.35313 1
gene 1 10 28 4.70637 0 29 4.70637 1
gene 1 10 29 5 0 30 5 1
gene 1 11 27 -1.61443 0 31 -1.61443 1
gene 1 11 28 -3.86847 0 32 -3.86847 1
gene 1 11 29 1.57371 0 33 1.57371 1
gene 1 12 27 -1.92305 0 34 -1.92305 1
gene 1 12 28 -4.56357 0 35 -4.56357 1
gene 1 12 29 2.6369 0 36 2.6369 1
gene 1 13 27 -1.59715 0 37 -1.59715 1
gene 1 13 28 -1.63918 0 38 -1.63918 1
gene 1 13 29 -0.500603 0 39 -0.500603 1
gene 1 14 27 -2.49059 0 40 -2.49059 1
gene 1 14 28 0.983659 0 41 0.983659 1
gene 1 14 29 0.449552 0 42 0.449552 1
gene 1 15 27 -3.03208 0 43 -3.03208 1
gene 1 15 28 -4.25627 0 44 -4.25627 1
gene 1 15 29 -0.684422 0 45 -0.684422 1
gene 1 16 27 -0.649337 0 46 -0.649337 1
gene 1 16 28 -0.032145 0 47 -0.032145 1
gene 1 16 29 -0.117093 0 48 -0.117093 1
gene 1 17 27 -0.346342 0 49 -0.346342 1
gene 1 17 28 0.745428 0 50 0.745428 1
gene 1 17 29 1.738 0 51 1.738 1
gene 1 18 27 -1.96129 0 52 -1.96129 1
gene 1 18 28 3.11713 0 53 3.11713 1
gene 1 18 29 3.83284 0 54 3.83284 1
gene 1 19 27 -1.70634 0 55 -1.70634 1
gene 1 19 28 2.03526 0 56 2.03526 1
gene 1 19 29 -0.737701 0 57 -0.737701 1
gene 1 20 27 -0.913947 0 58 -0.913947 1
gene 1 20 28 1.09529 0 59 1.09529 1
gene 1 20 29 4.73217 0 60 4.73217 1
gene 1 21 27 -1.94512 0 61 -1.94512 1
gene 1 21 28 -0.590255 0 62 -0.590255 1
gene 1 21 29 -0.139668 0 63 -0.139668 1
gene 1 22 27 0.144632 0 64 0.144632 1
gene 1 22 28 -2.21206 0 65 -2.21206 1
gene 1 22 29 -0.752804 0 66 -0.752804 1
gene 1 23 27 0.241347 0 67 0.241347 1
gene 1 23 28 -1.75264 0 68 -1.75264 1
gene 1 23 29 0.570482 0 69 0.570482 1
gene 1 24 27 -0.345157 0 70 -0.345157 1
gene 1 24 28 -0.201953 0 71 -0.201953 1
gene 1 24 29 -1.56455 0 72 -1.56455 1
gene 1 25 27 -3.09945 0 73 -3.09945 1
gene 1 25 28 -1.24115 0 74 -1.24115 1
gene 1 25 29 -2.72374 0 75 -2.72374 1
gene 1 26 27 -0.934838 0 76 -0.934838 1
gene 1 26 28 -4.55626 0 77 -4.55626 1
gene 1 26 29 -0.752858 0 78 -0.752858 1
genomeend 8


