/* Organism #2 Fitness: 14425.790000 Time: 0 */
genomestart 2
trait 1 0.100000 0.000000 0.000000 0.000000 0.000000 0.000000 0.000000 0.000000 
node 1 1 1 1
node 2 1 1 1
node 3 1 1 1
node 4 1 1 1
node 5 1 1 1
node 6 1 1 1
node 7 1 1 1
node 8 1 1 1
node 9 1 1 1
node 10 1 1 1
node 11 1 1 1
node 12 1 1 1
node 13 1 1 1
node 14 1 1 1
node 15 1 1 1
node 16 1 1 1
node 17 1 1 1
node 18 1 1 1
node 19 1 1 1
node 20 1 1 1
node 21 1 1 1
node 22 1 1 1
node 23 1 1 1
node 24 1 1 1
node 25 1 1 1
node 26 1 1 3
node 27 1 0 2
node 28 1 0 2
node 29 1 0 2
gene 1 1 27 -0.909269 0 1 -0.909269 1
gene 1 1 28 -3.81363 0 2 -3.81363 1
gene 1 1 29 -0.808092 0 3 -0.808092 1
gene 1 2 27 -1.97754 0 4 -1.97754 1
gene 1 2 28 3.8708 0 5 3.8708 1
gene 1 2 29 0.412945 0 6 0.412945 1
gene 1 3 27 -3.16017 0 7 -3.16017 1
gene 1 3 28 2.67609 0 8 2.67609 1
gene 1 3 29 0.531942 0 9 0.531942 1
gene 1 4 27 0.709269 0 10 0.709269 1
gene 1 4 28 1.03853 0 11 1.03853 1
gene 1 4 29 2.19992 0 12 2.19992 1
gene 1 5 27 1.17349 0 13 1.17349 1
gene 1 5 28 1.48462 0 14 1.48462 1
gene 1 5 29 -2.84069 0 15 -2.84069 1
gene 1 6 27 1.72195 0 16 1.72195 1
gene 1 6 28 1.17092 0 17 1.17092 1
gene 1 6 29 2.04302 0 18 2.04302 1
gene 1 7 27 4.40495 0 19 4.40495 1
gene 1 7 28 -0.527105 0 20 -0.527105 1
gene 1 7 29 1.2934 0 21 1.2934 1
gene 1 8 27 0.126837 0 22 0.126837 1
gene 1 8 28 -2.20958 0 23 -2.20958 1
gene 1 8 29 -1.17623 0 24 -1.17623 1
gene 1 9 27 2.74533 0 25 2.74533 1
gene 1 9 28 3.96641 0 26 3.96641 1
gene 1 9 29 -0.0259125 0 27 -0.0259125 1
gene 1 10 27 -0.257158 0 28 -0.257158 1
gene 1 10 28 2.0262 0 29 2.0262 1
gene 1 10 29 -2.28801 0 30 -2.28801 1
gene 1 11 27 1.3562 0 31 1.3562 1
gene 1 11 28 -1.9471 0 32 -1.9471 1
gene 1 11 29 1.51351 0 33 1.51351 1
gene 1 12 27 -3.40056 0 34 -3.40056 1
gene 1 12 28 0.311269 0 35 0.311269 1
gene 1 12 29 -0.103271 0 36 -0.103271 1
gene 1 13 27 2.28162 0 37 2.28162 1
gene 1 13 28 0.497432 0 38 0.497432 1
gene 1 13 29 -3.08584 0 39 -3.08584 1
gene 1 14 27 -2.78378 0 40 -2.78378 1
gene 1 14 28 -0.306811 0 41 -0.306811 1
gene 1 14 29 2.2894 0 42 2.2894 1
gene 1 15 27 -0.626951 0 43 -0.626951 1
gene 1 15 28 0.772416 0 44 0.772416 1
gene 1 15 29 0.454962 0 45 0.454962 1
gene 1 16 27 -1.08873 0 46 -1.08873 1
gene 1 16 28 -1.37606 0 47 -1.37606 1
gene 1 16 29 1.00316 0 48 1.00316 1
gene 1 17 27 -2.7474 0 49 -2.7474 1
gene 1 17 28 2.0568 0 50 2.0568 1
gene 1 17 29 4.58875 0 51 4.58875 1
gene 1 18 27 -0.930358 0 52 -0.930358 1
gene 1 18 28 3.58707 0 53 3.58707 1
gene 1 18 29 -0.456076 0 54 -0.456076 1
gene 1 19 27 -0.698014 0 55 -0.698014 1
gene 1 19 28 1.43949 0 56 1.43949 1
gene 1 19 29 -0.535611 0 57 -0.535611 1
gene 1 20 27 -4.55331 0 58 -4.55331 1
gene 1 20 28 -0.36965 0 59 -0.36965 1
gene 1 20 29 -0.562316 0 60 -0.562316 1
gene 1 21 27 -3.58577 0 61 -3.58577 1
gene 1 21 28 -1.62517 0 62 -1.62517 1
gene 1 21 29 -2.73113 0 63 -2.73113 1
gene 1 22 27 1.26602 0 64 1.26602 1
gene 1 22 28 -1.50587 0 65 -1.50587 1
gene 1 22 29 0.713408 0 66 0.713408 1
gene 1 23 27 0.905382 0 67 0.905382 1
gene 1 23 28 -1.38964 0 68 -1.38964 1
gene 1 23 29 1.12265 0 69 1.12265 1
gene 1 24 27 -2.51687 0 70 -2.51687 1
gene 1 24 28 1.53596 0 71 1.53596 1
gene 1 24 29 1.57586 0 72 1.57586 1
gene 1 25 27 0.870512 0 73 0.870512 1
gene 1 25 28 -0.618862 0 74 -0.618862 1
gene 1 25 29 -0.763722 0 75 -0.763722 1
gene 1 26 27 -0.791761 0 76 -0.791761 1
gene 1 26 28 -5 0 77 -5 1
gene 1 26 29 -4.17764 0 78 -4.17764 1
genomeend 2


