/* Organism #9 Fitness: 14349.728000 Time: 0 */
genomestart 9
trait 1 0.660546 0.000000 0.000000 0.000000 0.000000 0.000000 0.000000 0.000000 
node 1 1 1 1
node 2 1 1 1
node 3 1 1 1
node 4 1 1 1
node 5 1 1 1
node 6 1 1 1
node 7 1 1 1
node 8 1 1 1
node 9 1 1 1
node 10 1 1 1
node 11 1 1 1
node 12 1 1 1
node 13 1 1 1
node 14 1 1 1
node 15 1 1 1
node 16 1 1 1
node 17 1 1 1
node 18 1 1 1
node 19 1 1 1
node 20 1 1 1
node 21 1 1 1
node 22 1 1 1
node 23 1 1 1
node 24 1 1 1
node 25 1 1 1
node 26 1 1 3
node 27 1 0 2
node 28 1 0 2
node 29 1 0 2
gene 1 1 27 3.70659 0 1 3.70659 1
gene 1 1 28 -4.32141 0 2 -4.32141 1
gene 1 1 29 -1.72148 0 3 -1.72148 1
gene 1 2 27 -1.84747 0 4 -1.84747 1
gene 1 2 28 4.79085 0 5 4.79085 1
gene 1 2 29 -0.2939 0 6 -0.2939 1
gene 1 3 27 -0.321889 0 7 -0.321889 1
gene 1 3 28 1.70338 0 8 1.70338 1
gene 1 3 29 -0.329264 0 9 -0.329264 1
gene 1 4 27 -0.529438 0 10 -0.529438 1
gene 1 4 28 1.32187 0 11 1.32187 1
gene 1 4 29 -1.83741 0 12 -1.83741 1
gene 1 5 27 -1.76308 0 13 -1.76308 1
gene 1 5 28 1.32247 0 14 1.32247 1
gene 1 5 29 -0.361673 0 15 -0.361673 1
gene 1 6 27 -0.92277 0 16 -0.92277 1
gene 1 6 28 1.32456 0 17 1.32456 1
gene 1 6 29 0.393115 0 18 0.393115 1
gene 1 7 27 0.418557 0 19 0.418557 1
gene 1 7 28 -2.20299 0 20 -2.20299 1
gene 1 7 29 1.78074 0 21 1.78074 1
gene 1 8 27 0.894861 0 22 0.894861 1
gene 1 8 28 -3.58851 0 23 -3.58851 1
gene 1 8 29 -1.48137 0 24 -1.48137 1
gene 1 9 27 1.55924 0 25 1.55924 1
gene 1 9 28 0.210128 0 26 0.210128 1
gene 1 9 29 3.47798 0 27 3.47798 1
gene 1 10 27 -4.09071 0 28 -4.09071 1
gene 1 10 28 0.853363 0 29 0.853363 1
gene 1 10 29 -2.91738 0 30 -2.91738 1
gene 1 11 27 -3.10145 0 31 -3.10145 1
gene 1 11 28 2.13904 0 32 2.13904 1
gene 1 11 29 -3.47677 0 33 -3.47677 1
gene 1 12 27 1.39423 0 34 1.39423 1
gene 1 12 28 -0.719226 0 35 -0.719226 1
gene 1 12 29 -1.07826 0 36 -1.07826 1
gene 1 13 27 -1.3775 0 37 -1.3775 1
gene 1 13 28 -0.241336 0 38 -0.241336 1
gene 1 13 29 1.44134 0 39 1.44134 1
gene 1 14 27 -0.765247 0 40 -0.765247 1
gene 1 14 28 0.599633 0 41 0.599633 1
gene 1 14 29 0.864093 0 42 0.864093 1
gene 1 15 27 0.0771493 0 43 0.0771493 1
gene 1 15 28 0.209927 0 44 0.209927 1
gene 1 15 29 -0.292846 0 45 -0.292846 1
gene 1 16 27 -0.328822 0 46 -0.328822 1
gene 1 16 28 0.931372 0 47 0.931372 1
gene 1 16 29 3.52434 0 48 3.52434 1
gene 1 17 27 -1.85427 0 49 -1.85427 1
gene 1 17 28 1.17223 0 50 1.17223 1
gene 1 17 29 1.022 0 51 1.022 1
gene 1 18 27 1.2905 0 52 1.2905 1
gene 1 18 28 2.33896 0 53 2.33896 1
gene 1 18 29 -0.3901 0 54 -0.3901 1
gene 1 19 27 -4.69466 0 55 -4.69466 1
gene 1 19 28 1.77825 0 56 1.77825 1
gene 1 19 29 -1.64669 0 57 -1.64669 1
gene 1 20 27 -1.59099 0 58 -1.59099 1
gene 1 20 28 0.806471 0 59 0.806471 1
gene 1 20 29 0.507898 0 60 0.507898 1
gene 1 21 27 2.49224 0 61 2.49224 1
gene 1 21 28 1.84404 0 62 1.84404 1
gene 1 21 29 -2.16871 0 63 -2.16871 1
gene 1 22 27 0.188613 0 64 0.188613 1
gene 1 22 28 -0.533202 0 65 -0.533202 1
gene 1 22 29 0.102744 0 66 0.102744 1
gene 1 23 27 0.231351 0 67 0.231351 1
gene 1 23 28 -0.701461 0 68 -0.701461 1
gene 1 23 29 0.681469 0 69 0.681469 1
gene 1 24 27 -0.777065 0 70 -0.777065 1
gene 1 24 28 -1.0193 0 71 -1.0193 1
gene 1 24 29 0.249106 0 72 0.249106 1
gene 1 25 27 -0.630831 0 73 -0.630831 1
gene 1 25 28 -0.280823 0 74 -0.280823 1
gene 1 25 29 0.959404 0 75 0.959404 1
gene 1 26 27 0.0835071 0 76 0.0835071 1
gene 1 26 28 -5 0 77 -5 1
gene 1 26 29 -0.396775 0 78 -0.396775 1
genomeend 9


