/* Organism #14 Fitness: 20192.930000 Time: 0 */
genomestart 14
trait 1 0.100000 0.000000 0.000000 0.000000 0.000000 0.925380 0.000000 0.000000 
node 1 1 1 1
node 2 1 1 1
node 3 1 1 1
node 4 1 1 1
node 5 1 1 1
node 6 1 1 1
node 7 1 1 1
node 8 1 1 1
node 9 1 1 1
node 10 1 1 1
node 11 1 1 1
node 12 1 1 1
node 13 1 1 1
node 14 1 1 1
node 15 1 1 1
node 16 1 1 1
node 17 1 1 1
node 18 1 1 1
node 19 1 1 1
node 20 1 1 1
node 21 1 1 1
node 22 1 1 1
node 23 1 1 1
node 24 1 1 1
node 25 1 1 1
node 26 1 1 1
node 27 1 1 1
node 28 1 1 1
node 29 1 1 1
node 30 1 1 1
node 31 1 1 1
node 32 1 1 1
node 33 1 1 1
node 34 1 1 1
node 35 1 1 3
node 36 1 0 2
node 37 1 0 2
node 38 1 0 2
node 39 1 0 2
gene 1 1 36 1.73999 0 1 1.73999 1
gene 1 1 37 -0.594287 0 2 -0.594287 1
gene 1 1 38 0.262523 0 3 0.262523 1
gene 1 1 39 -4.57806 0 4 -4.57806 1
gene 1 2 36 -4.68064 0 5 -4.68064 1
gene 1 2 37 1.28349 0 6 1.28349 1
gene 1 2 38 -1.59193 0 7 -1.59193 1
gene 1 2 39 -1.74544 0 8 -1.74544 1
gene 1 3 36 -0.397981 0 9 -0.397981 1
gene 1 3 37 -0.998556 0 10 -0.998556 1
gene 1 3 38 0.0418359 0 11 0.0418359 1
gene 1 3 39 1.2305 0 12 1.2305 1
gene 1 4 36 0.336712 0 13 0.336712 1
gene 1 4 37 -3.25411 0 14 -3.25411 1
gene 1 4 38 -2.78769 0 15 -2.78769 1
gene 1 4 39 -0.255519 0 16 -0.255519 1
gene 1 5 36 1.421 0 17 1.421 1
gene 1 5 37 -0.902662 0 18 -0.902662 1
gene 1 5 38 -2.08895 0 19 -2.08895 1
gene 1 5 39 -0.0856891 0 20 -0.0856891 1
gene 1 6 36 0.351346 0 21 0.351346 1
gene 1 6 37 -0.464259 0 22 -0.464259 1
gene 1 6 38 -4.81721 0 23 -4.81721 1
gene 1 6 39 1.27324 0 24 1.27324 1
gene 1 7 36 -5 0 25 -5 1
gene 1 7 37 -0.955529 0 26 -0.955529 1
gene 1 7 38 1.35949 0 27 1.35949 1
gene 1 7 39 2.51893 0 28 2.51893 1
gene 1 8 36 0.0499336 0 29 0.0499336 1
gene 1 8 37 2.74901 0 30 2.74901 1
gene 1 8 38 -2.52307 0 31 -2.52307 1
gene 1 8 39 4.46522 0 32 4.46522 1
gene 1 9 36 1.80523 0 33 1.80523 1
gene 1 9 37 2.5155 0 34 2.5155 1
gene 1 9 38 4.60218 0 35 4.60218 1
gene 1 9 39 -2.02 0 36 -2.02 1
gene 1 10 36 -3.43184 0 37 -3.43184 1
gene 1 10 37 3.77568 0 38 3.77568 1
gene 1 10 38 3.16838 0 39 3.16838 1
gene 1 10 39 5 0 40 5 1
gene 1 11 36 1.02235 0 41 1.02235 1
gene 1 11 37 1.42976 0 42 1.42976 1
gene 1 11 38 -2.3136 0 43 -2.3136 1
gene 1 11 39 4.63454 0 44 4.63454 1
gene 1 12 36 2.57409 0 45 2.57409 1
gene 1 12 37 -1.96485 0 46 -1.96485 1
gene 1 12 38 -0.394177 0 47 -0.394177 1
gene 1 12 39 4.99421 0 48 4.99421 1
gene 1 13 36 0.980553 0 49 0.980553 1
gene 1 13 37 -3.8447 0 50 -3.8447 1
gene 1 13 38 3.36465 0 51 3.36465 1
gene 1 13 39 0.179897 0 52 0.179897 1
gene 1 14 36 -2.74189 0 53 -2.74189 1
gene 1 14 37 3.21744 0 54 3.21744 1
gene 1 14 38 3.13351 0 55 3.13351 1
gene 1 14 39 3.03303 0 56 3.03303 1
gene 1 15 36 -0.790318 0 57 -0.790318 1
gene 1 15 37 -1.68987 0 58 -1.68987 1
gene 1 15 38 1.2469 0 59 1.2469 1
gene 1 15 39 3.06318 0 60 3.06318 1
gene 1 16 36 2.33369 0 61 2.33369 1
gene 1 16 37 1.88958 0 62 1.88958 1
gene 1 16 38 1.92828 0 63 1.92828 1
gene 1 16 39 -3.22521 0 64 -3.22521 1
gene 1 17 36 -3.62243 0 65 -3.62243 1
gene 1 17 37 -3.54795 0 66 -3.54795 1
gene 1 17 38 -0.417565 0 67 -0.417565 1
gene 1 17 39 -0.939334 0 68 -0.939334 1
gene 1 18 36 -1.86085 0 69 -1.86085 1
gene 1 18 37 -1.69944 0 70 -1.69944 1
gene 1 18 38 0.916243 0 71 0.916243 1
gene 1 18 39 -3.89748 0 72 -3.89748 1
gene 1 19 36 -2.69791 0 73 -2.69791 1
gene 1 19 37 -0.974967 0 74 -0.974967 1
gene 1 19 38 -5 0 75 -5 1
gene 1 19 39 3.32898 0 76 3.32898 1
gene 1 20 36 4.81097 0 77 4.81097 1
gene 1 20 37 -4.69521 0 78 -4.69521 1
gene 1 20 38 3.0291 0 79 3.0291 1
gene 1 20 39 -1.99151 0 80 -1.99151 1
gene 1 21 36 -1.96845 0 81 -1.96845 1
gene 1 21 37 -0.617329 0 82 -0.617329 1
gene 1 21 38 -3.20539 0 83 -3.20539 1
gene 1 21 39 -3.11829 0 84 -3.11829 1
gene 1 22 36 -1.66817 0 85 -1.66817 1
gene 1 22 37 -4.24315 0 86 -4.24315 1
gene 1 22 38 -3.59303 0 87 -3.59303 1
gene 1 22 39 -5 0 88 -5 1
gene 1 23 36 -1.92819 0 89 -1.92819 1
gene 1 23 37 -5 0 90 -5 1
gene 1 23 38 -1.11807 0 91 -1.11807 1
gene 1 23 39 1.4875 0 92 1.4875 1
gene 1 24 36 -2.90158 0 93 -2.90158 1
gene 1 24 37 2.03094 0 94 2.03094 1
gene 1 24 38 -1.18114 0 95 -1.18114 1
gene 1 24 39 0.37381 0 96 0.37381 1
gene 1 25 36 2.95706 0 97 2.95706 1
gene 1 25 37 -0.397162 0 98 -0.397162 1
gene 1 25 38 -0.000820765 0 99 -0.000820765 1
gene 1 25 39 -3.95811 0 100 -3.95811 1
gene 1 26 36 1.8542 0 101 1.8542 1
gene 1 26 37 1.62002 0 102 1.62002 1
gene 1 26 38 -1.39323 0 103 -1.39323 1
gene 1 26 39 1.16604 0 104 1.16604 1
gene 1 27 36 -3.23036 0 105 -3.23036 1
gene 1 27 37 -0.107055 0 106 -0.107055 1
gene 1 27 38 5 0 107 5 1
gene 1 27 39 -3.1919 0 108 -3.1919 1
gene 1 28 36 -1.45373 0 109 -1.45373 1
gene 1 28 37 5 0 110 5 1
gene 1 28 38 2.17036 0 111 2.17036 1
gene 1 28 39 -1.3352 0 112 -1.3352 1
gene 1 29 36 -0.0576965 0 113 -0.0576965 1
gene 1 29 37 1.47599 0 114 1.47599 1
gene 1 29 38 -0.558823 0 115 -0.558823 1
gene 1 29 39 0.421511 0 116 0.421511 1
gene 1 30 36 -2.10097 0 117 -2.10097 1
gene 1 30 37 -0.388358 0 118 -0.388358 1
gene 1 30 38 -0.11528 0 119 -0.11528 1
gene 1 30 39 -0.723157 0 120 -0.723157 1
gene 1 31 36 -1.03561 0 121 -1.03561 1
gene 1 31 37 -1.30116 0 122 -1.30116 1
gene 1 31 38 1.17572 0 123 1.17572 1
gene 1 31 39 -0.515026 0 124 -0.515026 1
gene 1 32 36 0.439099 0 125 0.439099 1
gene 1 32 37 0.514151 0 126 0.514151 1
gene 1 32 38 0.453145 0 127 0.453145 1
gene 1 32 39 0.54287 0 128 0.54287 1
gene 1 33 36 -2.13111 0 129 -2.13111 1
gene 1 33 37 -0.110558 0 130 -0.110558 1
gene 1 33 38 -0.154999 0 131 -0.154999 1
gene 1 33 39 -1.23762 0 132 -1.23762 1
gene 1 34 36 -0.646341 0 133 -0.646341 1
gene 1 34 37 -0.0140473 0 134 -0.0140473 1
gene 1 34 38 -0.393254 0 135 -0.393254 1
gene 1 34 39 -0.950118 0 136 -0.950118 1
gene 1 35 36 -3.19348 0 137 -3.19348 1
gene 1 35 37 -0.831528 0 138 -0.831528 1
gene 1 35 38 0.1672 0 139 0.1672 1
gene 1 35 39 -0.137394 0 140 -0.137394 1
genomeend 14


