/* Organism #0 Fitness: 20596.644000 Time: 0 */
genomestart 0
trait 1 0.000000 0.000000 0.925274 0.000000 0.000000 0.590201 0.000000 0.000000 
node 1 1 1 1
node 2 1 1 1
node 3 1 1 1
node 4 1 1 1
node 5 1 1 1
node 6 1 1 1
node 7 1 1 1
node 8 1 1 1
node 9 1 1 1
node 10 1 1 1
node 11 1 1 1
node 12 1 1 1
node 13 1 1 1
node 14 1 1 1
node 15 1 1 1
node 16 1 1 1
node 17 1 1 1
node 18 1 1 1
node 19 1 1 1
node 20 1 1 1
node 21 1 1 1
node 22 1 1 1
node 23 1 1 1
node 24 1 1 1
node 25 1 1 1
node 26 1 1 1
node 27 1 1 1
node 28 1 1 1
node 29 1 1 1
node 30 1 1 1
node 31 1 1 1
node 32 1 1 1
node 33 1 1 1
node 34 1 1 1
node 35 1 1 3
node 36 1 0 2
node 37 1 0 2
node 38 1 0 2
node 39 1 0 2
gene 1 1 36 -0.906654 0 1 -0.906654 1
gene 1 1 37 -2.87635 0 2 -2.87635 1
gene 1 1 38 3.08155 0 3 3.08155 1
gene 1 1 39 1.79687 0 4 1.79687 1
gene 1 2 36 0.616346 0 5 0.616346 1
gene 1 2 37 -2.9361 0 6 -2.9361 1
gene 1 2 38 0.077803 0 7 0.077803 1
gene 1 2 39 -1.5431 0 8 -1.5431 1
gene 1 3 36 0.614781 0 9 0.614781 1
gene 1 3 37 -0.189705 0 10 -0.189705 1
gene 1 3 38 -3.55362 0 11 -3.55362 1
gene 1 3 39 -1.49341 0 12 -1.49341 1
gene 1 4 36 -0.900738 0 13 -0.900738 1
gene 1 4 37 -0.692066 0 14 -0.692066 1
gene 1 4 38 -1.39903 0 15 -1.39903 1
gene 1 4 39 -2.94717 0 16 -2.94717 1
gene 1 5 36 -1.60683 0 17 -1.60683 1
gene 1 5 37 1.65338 0 18 1.65338 1
gene 1 5 38 -2.66296 0 19 -2.66296 1
gene 1 5 39 -3.6255 0 20 -3.6255 1
gene 1 6 36 -2.26733 0 21 -2.26733 1
gene 1 6 37 1.00178 0 22 1.00178 1
gene 1 6 38 -3.10005 0 23 -3.10005 1
gene 1 6 39 -1.55265 0 24 -1.55265 1
gene 1 7 36 -2.31094 0 25 -2.31094 1
gene 1 7 37 -3.43372 0 26 -3.43372 1
gene 1 7 38 -5 0 27 -5 1
gene 1 7 39 -1.78177 0 28 -1.78177 1
gene 1 8 36 -1.17232 0 29 -1.17232 1
gene 1 8 37 -0.509437 0 30 -0.509437 1
gene 1 8 38 -3.70365 0 31 -3.70365 1
gene 1 8 39 -1.09754 0 32 -1.09754 1
gene 1 9 36 0.186346 0 33 0.186346 1
gene 1 9 37 -0.0178757 0 34 -0.0178757 1
gene 1 9 38 0.638175 0 35 0.638175 1
gene 1 9 39 0.87746 0 36 0.87746 1
gene 1 10 36 -0.213335 0 37 -0.213335 1
gene 1 10 37 -2.25197 0 38 -2.25197 1
gene 1 10 38 1.57673 0 39 1.57673 1
gene 1 10 39 -1.07183 0 40 -1.07183 1
gene 1 11 36 -0.105821 0 41 -0.105821 1
gene 1 11 37 -0.0615183 0 42 -0.0615183 1
gene 1 11 38 -1.60013 0 43 -1.60013 1
gene 1 11 39 1.64338 0 44 1.64338 1
gene 1 12 36 1.02521 0 45 1.02521 1
gene 1 12 37 0.373667 0 46 0.373667 1
gene 1 12 38 1.40609 0 47 1.40609 1
gene 1 12 39 4.79441 0 48 4.79441 1
gene 1 13 36 -3.44455 0 49 -3.44455 1
gene 1 13 37 -0.491329 0 50 -0.491329 1
gene 1 13 38 0.0905352 0 51 0.0905352 1
gene 1 13 39 0.206185 0 52 0.206185 1
gene 1 14 36 2.87666 0 53 2.87666 1
gene 1 14 37 -0.209203 0 54 -0.209203 1
gene 1 14 38 -1.49238 0 55 -1.49238 1
gene 1 14 39 0.993578 0 56 0.993578 1
gene 1 15 36 0.441732 0 57 0.441732 1
gene 1 15 37 -0.944866 0 58 -0.944866 1
gene 1 15 38 -1.56716 0 59 -1.56716 1
gene 1 15 39 -0.924785 0 60 -0.924785 1
gene 1 16 36 0.81205 0 61 0.81205 1
gene 1 16 37 0.229868 0 62 0.229868 1
gene 1 16 38 -0.0912441 0 63 -0.0912441 1
gene 1 16 39 1.86798 0 64 1.86798 1
gene 1 17 36 0.245898 0 65 0.245898 1
gene 1 17 37 -0.890279 0 66 -0.890279 1
gene 1 17 38 -0.00802317 0 67 -0.00802317 1
gene 1 17 39 0.00118174 0 68 0.00118174 1
gene 1 18 36 0.637159 0 69 0.637159 1
gene 1 18 37 -3.55472 0 70 -3.55472 1
gene 1 18 38 -0.412657 0 71 -0.412657 1
gene 1 18 39 0.0730516 0 72 0.0730516 1
gene 1 19 36 -0.778095 0 73 -0.778095 1
gene 1 19 37 2.68691 0 74 2.68691 1
gene 1 19 38 3.79938 0 75 3.79938 1
gene 1 19 39 -1.85066 0 76 -1.85066 1
gene 1 20 36 1.61604 0 77 1.61604 1
gene 1 20 37 0.733237 0 78 0.733237 1
gene 1 20 38 1.92237 0 79 1.92237 1
gene 1 20 39 1.02546 0 80 1.02546 1
gene 1 21 36 -3.56848 0 81 -3.56848 1
gene 1 21 37 -2.47825 0 82 -2.47825 1
gene 1 21 38 -2.39682 0 83 -2.39682 1
gene 1 21 39 -5 0 84 -5 1
gene 1 22 36 0.39907 0 85 0.39907 1
gene 1 22 37 -2.33044 0 86 -2.33044 1
gene 1 22 38 1.32707 0 87 1.32707 1
gene 1 22 39 3.24789 0 88 3.24789 1
gene 1 23 36 -0.308928 0 89 -0.308928 1
gene 1 23 37 0.512292 0 90 0.512292 1
gene 1 23 38 -1.25453 0 91 -1.25453 1
gene 1 23 39 0.705596 0 92 0.705596 1
gene 1 24 36 -1.00233 0 93 -1.00233 1
gene 1 24 37 5 0 94 5 1
gene 1 24 38 -0.914164 0 95 -0.914164 1
gene 1 24 39 -0.164057 0 96 -0.164057 1
gene 1 25 36 -1.71506 0 97 -1.71506 1
gene 1 25 37 2.02026 0 98 2.02026 1
gene 1 25 38 1.553 0 99 1.553 1
gene 1 25 39 1.24294 0 100 1.24294 1
gene 1 26 36 1.05231 0 101 1.05231 1
gene 1 26 37 -0.331802 0 102 -0.331802 1
gene 1 26 38 -0.169647 0 103 -0.169647 1
gene 1 26 39 -1.74516 0 104 -1.74516 1
gene 1 27 36 0.462483 0 105 0.462483 1
gene 1 27 37 -0.662335 0 106 -0.662335 1
gene 1 27 38 2.6054 0 107 2.6054 1
gene 1 27 39 2.01512 0 108 2.01512 1
gene 1 28 36 -3.19718 0 109 -3.19718 1
gene 1 28 37 -0.501198 0 110 -0.501198 1
gene 1 28 38 -2.54168 0 111 -2.54168 1
gene 1 28 39 2.30514 0 112 2.30514 1
gene 1 29 36 -1.99108 0 113 -1.99108 1
gene 1 29 37 -1.14271 0 114 -1.14271 1
gene 1 29 38 0.830342 0 115 0.830342 1
gene 1 29 39 -0.339038 0 116 -0.339038 1
gene 1 30 36 0.809674 0 117 0.809674 1
gene 1 30 37 2.5197 0 118 2.5197 1
gene 1 30 38 -0.340091 0 119 -0.340091 1
gene 1 30 39 0.878627 0 120 0.878627 1
gene 1 31 36 0.24974 0 121 0.24974 1
gene 1 31 37 -0.159082 0 122 -0.159082 1
gene 1 31 38 0.881333 0 123 0.881333 1
gene 1 31 39 1.57845 0 124 1.57845 1
gene 1 32 36 0.414143 0 125 0.414143 1
gene 1 32 37 0.438044 0 126 0.438044 1
gene 1 32 38 -0.574532 0 127 -0.574532 1
gene 1 32 39 -0.993809 0 128 -0.993809 1
gene 1 33 36 0.497929 0 129 0.497929 1
gene 1 33 37 0.191619 0 130 0.191619 1
gene 1 33 38 -0.90407 0 131 -0.90407 1
gene 1 33 39 0.235775 0 132 0.235775 1
gene 1 34 36 2.22551 0 133 2.22551 1
gene 1 34 37 -0.0549389 0 134 -0.0549389 1
gene 1 34 38 -0.120135 0 135 -0.120135 1
gene 1 34 39 -0.816935 0 136 -0.816935 1
gene 1 35 36 -1.20048 0 137 -1.20048 1
gene 1 35 37 -5 0 138 -5 1
gene 1 35 38 -0.759033 0 139 -0.759033 1
gene 1 35 39 -0.256073 0 140 -0.256073 1
genomeend 0


