/* Organism #0 Fitness: 19961.512000 Time: 0 */
genomestart 0
trait 1 0.100000 0.000000 0.467122 0.000000 0.000000 1.000000 0.151228 0.871414 
node 1 1 1 1
node 2 1 1 1
node 3 1 1 1
node 4 1 1 1
node 5 1 1 1
node 6 1 1 1
node 7 1 1 1
node 8 1 1 1
node 9 1 1 1
node 10 1 1 1
node 11 1 1 1
node 12 1 1 1
node 13 1 1 1
node 14 1 1 1
node 15 1 1 1
node 16 1 1 1
node 17 1 1 1
node 18 1 1 1
node 19 1 1 1
node 20 1 1 1
node 21 1 1 1
node 22 1 1 1
node 23 1 1 1
node 24 1 1 1
node 25 1 1 1
node 26 1 1 1
node 27 1 1 1
node 28 1 1 1
node 29 1 1 1
node 30 1 1 1
node 31 1 1 1
node 32 1 1 1
node 33 1 1 1
node 34 1 1 1
node 35 1 1 3
node 36 1 0 2
node 37 1 0 2
node 38 1 0 2
node 39 1 0 2
gene 1 1 36 1.0074 0 1 1.0074 1
gene 1 1 37 0.402681 0 2 0.402681 1
gene 1 1 38 -0.59875 0 3 -0.59875 1
gene 1 1 39 -0.409286 0 4 -0.409286 1
gene 1 2 36 4.64454 0 5 4.64454 1
gene 1 2 37 -3.30194 0 6 -3.30194 1
gene 1 2 38 -0.789911 0 7 -0.789911 1
gene 1 2 39 0.754824 0 8 0.754824 1
gene 1 3 36 0.306982 0 9 0.306982 1
gene 1 3 37 -4.21828 0 10 -4.21828 1
gene 1 3 38 -4.05468 0 11 -4.05468 1
gene 1 3 39 -2.30625 0 12 -2.30625 1
gene 1 4 36 0.598576 0 13 0.598576 1
gene 1 4 37 2.56847 0 14 2.56847 1
gene 1 4 38 -1.00564 0 15 -1.00564 1
gene 1 4 39 0.685464 0 16 0.685464 1
gene 1 5 36 1.36201 0 17 1.36201 1
gene 1 5 37 3.41879 0 18 3.41879 1
gene 1 5 38 -1.38731 0 19 -1.38731 1
gene 1 5 39 2.24896 0 20 2.24896 1
gene 1 6 36 -0.871455 0 21 -0.871455 1
gene 1 6 37 -3.79817 0 22 -3.79817 1
gene 1 6 38 -0.846217 0 23 -0.846217 1
gene 1 6 39 -3.2502 0 24 -3.2502 1
gene 1 7 36 -4.29782 0 25 -4.29782 1
gene 1 7 37 -0.379701 0 26 -0.379701 1
gene 1 7 38 -2.6111 0 27 -2.6111 1
gene 1 7 39 -3.14134 0 28 -3.14134 1
gene 1 8 36 0.577498 0 29 0.577498 1
gene 1 8 37 1.17429 0 30 1.17429 1
gene 1 8 38 -0.197227 0 31 -0.197227 1
gene 1 8 39 -0.383433 0 32 -0.383433 1
gene 1 9 36 -3.45169 0 33 -3.45169 1
gene 1 9 37 -1.63284 0 34 -1.63284 1
gene 1 9 38 3.0248 0 35 3.0248 1
gene 1 9 39 -2.75719 0 36 -2.75719 1
gene 1 10 36 0.929167 0 37 0.929167 1
gene 1 10 37 2.09395 0 38 2.09395 1
gene 1 10 38 -0.824005 0 39 -0.824005 1
gene 1 10 39 -0.763555 0 40 -0.763555 1
gene 1 11 36 -0.577321 0 41 -0.577321 1
gene 1 11 37 1.93735 0 42 1.93735 1
gene 1 11 38 -3.74423 0 43 -3.74423 1
gene 1 11 39 2.30148 0 44 2.30148 1
gene 1 12 36 2.18112 0 45 2.18112 1
gene 1 12 37 1.29168 0 46 1.29168 1
gene 1 12 38 -1.4444 0 47 -1.4444 1
gene 1 12 39 -0.9116 0 48 -0.9116 1
gene 1 13 36 3.29293 0 49 3.29293 1
gene 1 13 37 0.409931 0 50 0.409931 1
gene 1 13 38 -4.33647 0 51 -4.33647 1
gene 1 13 39 4.70785 0 52 4.70785 1
gene 1 14 36 2.64511 0 53 2.64511 1
gene 1 14 37 -0.0194783 0 54 -0.0194783 1
gene 1 14 38 -3.4032 0 55 -3.4032 1
gene 1 14 39 -1.30494 0 56 -1.30494 1
gene 1 15 36 -2.27069 0 57 -2.27069 1
gene 1 15 37 1.02591 0 58 1.02591 1
gene 1 15 38 -1.81219 0 59 -1.81219 1
gene 1 15 39 3.41808 0 60 3.41808 1
gene 1 16 36 0.931311 0 61 0.931311 1
gene 1 16 37 1.2873 0 62 1.2873 1
gene 1 16 38 0.776243 0 63 0.776243 1
gene 1 16 39 1.17979 0 64 1.17979 1
gene 1 17 36 -2.44828 0 65 -2.44828 1
gene 1 17 37 -2.79644 0 66 -2.79644 1
gene 1 17 38 -0.0561173 0 67 -0.0561173 1
gene 1 17 39 -1.3873 0 68 -1.3873 1
gene 1 18 36 -0.85099 0 69 -0.85099 1
gene 1 18 37 -0.575141 0 70 -0.575141 1
gene 1 18 38 2.962 0 71 2.962 1
gene 1 18 39 -0.356736 0 72 -0.356736 1
gene 1 19 36 0.959771 0 73 0.959771 1
gene 1 19 37 -3.25353 0 74 -3.25353 1
gene 1 19 38 -0.146778 0 75 -0.146778 1
gene 1 19 39 5 0 76 5 1
gene 1 20 36 -2.59605 0 77 -2.59605 1
gene 1 20 37 3.03041 0 78 3.03041 1
gene 1 20 38 1.69312 0 79 1.69312 1
gene 1 20 39 -4.0208 0 80 -4.0208 1
gene 1 21 36 0.917279 0 81 0.917279 1
gene 1 21 37 -3.41225 0 82 -3.41225 1
gene 1 21 38 1.91264 0 83 1.91264 1
gene 1 21 39 -0.195994 0 84 -0.195994 1
gene 1 22 36 -0.475186 0 85 -0.475186 1
gene 1 22 37 2.90217 0 86 2.90217 1
gene 1 22 38 -1.77099 0 87 -1.77099 1
gene 1 22 39 -0.0978413 0 88 -0.0978413 1
gene 1 23 36 4.89708 0 89 4.89708 1
gene 1 23 37 0.190569 0 90 0.190569 1
gene 1 23 38 -1.18325 0 91 -1.18325 1
gene 1 23 39 -0.990158 0 92 -0.990158 1
gene 1 24 36 -0.588161 0 93 -0.588161 1
gene 1 24 37 1.25937 0 94 1.25937 1
gene 1 24 38 0.901146 0 95 0.901146 1
gene 1 24 39 0.963783 0 96 0.963783 1
gene 1 25 36 -2.5408 0 97 -2.5408 1
gene 1 25 37 2.64089 0 98 2.64089 1
gene 1 25 38 -0.897895 0 99 -0.897895 1
gene 1 25 39 4.28773 0 100 4.28773 1
gene 1 26 36 2.1374 0 101 2.1374 1
gene 1 26 37 0.0534728 0 102 0.0534728 1
gene 1 26 38 -3.98764 0 103 -3.98764 1
gene 1 26 39 -1.01528 0 104 -1.01528 1
gene 1 27 36 2.42912 0 105 2.42912 1
gene 1 27 37 1.21903 0 106 1.21903 1
gene 1 27 38 1.35106 0 107 1.35106 1
gene 1 27 39 1.72248 0 108 1.72248 1
gene 1 28 36 -0.404808 0 109 -0.404808 1
gene 1 28 37 1.25574 0 110 1.25574 1
gene 1 28 38 0.571472 0 111 0.571472 1
gene 1 28 39 4.23481 0 112 4.23481 1
gene 1 29 36 -0.382767 0 113 -0.382767 1
gene 1 29 37 2.04733 0 114 2.04733 1
gene 1 29 38 0.72344 0 115 0.72344 1
gene 1 29 39 -1.5027 0 116 -1.5027 1
gene 1 30 36 -1.83624 0 117 -1.83624 1
gene 1 30 37 -0.315136 0 118 -0.315136 1
gene 1 30 38 -0.436066 0 119 -0.436066 1
gene 1 30 39 0.237306 0 120 0.237306 1
gene 1 31 36 -1.2109 0 121 -1.2109 1
gene 1 31 37 -0.709143 0 122 -0.709143 1
gene 1 31 38 -0.165693 0 123 -0.165693 1
gene 1 31 39 -0.0498502 0 124 -0.0498502 1
gene 1 32 36 -0.674404 0 125 -0.674404 1
gene 1 32 37 -1.10967 0 126 -1.10967 1
gene 1 32 38 -0.0715203 0 127 -0.0715203 1
gene 1 32 39 1.32962 0 128 1.32962 1
gene 1 33 36 1.53541 0 129 1.53541 1
gene 1 33 37 0.432979 0 130 0.432979 1
gene 1 33 38 0.211117 0 131 0.211117 1
gene 1 33 39 1.08489 0 132 1.08489 1
gene 1 34 36 -0.366817 0 133 -0.366817 1
gene 1 34 37 0.111204 0 134 0.111204 1
gene 1 34 38 0.721773 0 135 0.721773 1
gene 1 34 39 -0.762661 0 136 -0.762661 1
gene 1 35 36 -1.49822 0 137 -1.49822 1
gene 1 35 37 -2.21755 0 138 -2.21755 1
gene 1 35 38 0.495364 0 139 0.495364 1
gene 1 35 39 1.91058 0 140 1.91058 1
genomeend 0


