/* Organism #15 Fitness: 8541.594000 Time: 0 */
genomestart 15
trait 1 0.928004 1.000000 0.999780 1.000000 0.831965 0.645102 0.798236 1.000000 
node 1 1 1 1
node 2 1 1 1
node 3 1 1 1
node 4 1 1 1
node 5 1 1 1
node 6 1 1 1
node 7 1 1 1
node 8 1 1 1
node 9 1 1 1
node 10 1 1 1
node 11 1 1 1
node 12 1 1 1
node 13 1 1 1
node 14 1 1 1
node 15 1 1 1
node 16 1 1 1
node 17 1 1 1
node 18 1 1 1
node 19 1 1 1
node 20 1 1 1
node 21 1 1 1
node 22 1 1 1
node 23 1 1 1
node 24 1 1 1
node 25 1 1 1
node 26 1 1 1
node 27 1 1 1
node 28 1 1 1
node 29 1 1 1
node 30 1 1 1
node 31 1 1 1
node 32 1 1 1
node 33 1 1 1
node 34 1 1 1
node 35 1 1 1
node 36 1 1 1
node 37 1 1 1
node 38 1 1 1
node 39 1 1 1
node 40 1 1 3
node 41 1 0 2
node 42 1 0 2
node 43 1 0 2
node 44 1 0 2
node 45 1 0 2
gene 1 1 41 -0.681049 0 1 -0.681049 1
gene 1 1 42 -5 0 2 -5 1
gene 1 1 43 -1.61643 0 3 -1.61643 1
gene 1 1 44 1.52655 0 4 1.52655 1
gene 1 1 45 -2.77182 0 5 -2.77182 1
gene 1 2 41 0.461896 0 6 0.461896 1
gene 1 2 42 4.61746 0 7 4.61746 1
gene 1 2 43 -2.20413 0 8 -2.20413 1
gene 1 2 44 0.337862 0 9 0.337862 1
gene 1 2 45 -2.02528 0 10 -2.02528 1
gene 1 3 41 -0.983981 0 11 -0.983981 1
gene 1 3 42 2.07491 0 12 2.07491 1
gene 1 3 43 0.858748 0 13 0.858748 1
gene 1 3 44 -3.04773 0 14 -3.04773 1
gene 1 3 45 4.0308 0 15 4.0308 1
gene 1 4 41 -0.614323 0 16 -0.614323 1
gene 1 4 42 0.280855 0 17 0.280855 1
gene 1 4 43 -0.720911 0 18 -0.720911 1
gene 1 4 44 4.10298 0 19 4.10298 1
gene 1 4 45 3.15556 0 20 3.15556 1
gene 1 5 41 1.44655 0 21 1.44655 1
gene 1 5 42 3.3552 0 22 3.3552 1
gene 1 5 43 4.48784 0 23 4.48784 1
gene 1 5 44 -2.2285 0 24 -2.2285 1
gene 1 5 45 -0.455603 0 25 -0.455603 1
gene 1 6 41 4.39647 0 26 4.39647 1
gene 1 6 42 -0.235854 0 27 -0.235854 1
gene 1 6 43 -0.874844 0 28 -0.874844 1
gene 1 6 44 0.477233 0 29 0.477233 1
gene 1 6 45 -2.48164 0 30 -2.48164 1
gene 1 7 41 1.15924 0 31 1.15924 1
gene 1 7 42 -2.18954 0 32 -2.18954 1
gene 1 7 43 2.98617 0 33 2.98617 1
gene 1 7 44 -1.77741 0 34 -1.77741 1
gene 1 7 45 0.611423 0 35 0.611423 1
gene 1 8 41 3.8389 0 36 3.8389 1
gene 1 8 42 1.25745 0 37 1.25745 1
gene 1 8 43 0.297746 0 38 0.297746 1
gene 1 8 44 2.20966 0 39 2.20966 1
gene 1 8 45 -0.739621 0 40 -0.739621 1
gene 1 9 41 -1.41593 0 41 -1.41593 1
gene 1 9 42 -1.78017 0 42 -1.78017 1
gene 1 9 43 0.590643 0 43 0.590643 1
gene 1 9 44 -1.03813 0 44 -1.03813 1
gene 1 9 45 2.63703 0 45 2.63703 1
gene 1 10 41 0.878292 0 46 0.878292 1
gene 1 10 42 -2.13336 0 47 -2.13336 1
gene 1 10 43 -5 0 48 -5 1
gene 1 10 44 -0.297608 0 49 -0.297608 1
gene 1 10 45 -2.96974 0 50 -2.96974 1
gene 1 11 41 2.67754 0 51 2.67754 1
gene 1 11 42 -3.27567 0 52 -3.27567 1
gene 1 11 43 1.27273 0 53 1.27273 1
gene 1 11 44 -0.900193 0 54 -0.900193 1
gene 1 11 45 -1.20533 0 55 -1.20533 1
gene 1 12 41 0.869988 0 56 0.869988 1
gene 1 12 42 2.86994 0 57 2.86994 1
gene 1 12 43 -2.16411 0 58 -2.16411 1
gene 1 12 44 4.36561 0 59 4.36561 1
gene 1 12 45 0.503991 0 60 0.503991 1
gene 1 13 41 -0.531002 0 61 -0.531002 1
gene 1 13 42 -4.8689 0 62 -4.8689 1
gene 1 13 43 1.91388 0 63 1.91388 1
gene 1 13 44 3.83805 0 64 3.83805 1
gene 1 13 45 -2.22697 0 65 -2.22697 1
gene 1 14 41 -4.40555 0 66 -4.40555 1
gene 1 14 42 -0.606841 0 67 -0.606841 1
gene 1 14 43 3.65647 0 68 3.65647 1
gene 1 14 44 -0.203488 0 69 -0.203488 1
gene 1 14 45 -2.90484 0 70 -2.90484 1
gene 1 15 41 4.49839 0 71 4.49839 1
gene 1 15 42 3.85757 0 72 3.85757 1
gene 1 15 43 1.42588 0 73 1.42588 1
gene 1 15 44 2.79264 0 74 2.79264 1
gene 1 15 45 -0.121425 0 75 -0.121425 1
gene 1 16 41 -3.36766 0 76 -3.36766 1
gene 1 16 42 0.061859 0 77 0.061859 1
gene 1 16 43 -3.27909 0 78 -3.27909 1
gene 1 16 44 -4.10041 0 79 -4.10041 1
gene 1 16 45 -1.00627 0 80 -1.00627 1
gene 1 17 41 -3.60555 0 81 -3.60555 1
gene 1 17 42 3.78729 0 82 3.78729 1
gene 1 17 43 -0.138571 0 83 -0.138571 1
gene 1 17 44 -2.92265 0 84 -2.92265 1
gene 1 17 45 -5 0 85 -5 1
gene 1 18 41 -4.29496 0 86 -4.29496 1
gene 1 18 42 3.02282 0 87 3.02282 1
gene 1 18 43 2.38146 0 88 2.38146 1
gene 1 18 44 -3.27911 0 89 -3.27911 1
gene 1 18 45 -3.2454 0 90 -3.2454 1
gene 1 19 41 -3.18369 0 91 -3.18369 1
gene 1 19 42 0.989945 0 92 0.989945 1
gene 1 19 43 -3.25041 0 93 -3.25041 1
gene 1 19 44 3.66224 0 94 3.66224 1
gene 1 19 45 -2.87077 0 95 -2.87077 1
gene 1 20 41 2.98347 0 96 2.98347 1
gene 1 20 42 -0.0704635 0 97 -0.0704635 1
gene 1 20 43 -2.30272 0 98 -2.30272 1
gene 1 20 44 -5 0 99 -5 1
gene 1 20 45 1.49588 0 100 1.49588 1
gene 1 21 41 3.64015 0 101 3.64015 1
gene 1 21 42 0.673278 0 102 0.673278 1
gene 1 21 43 -2.29181 0 103 -2.29181 1
gene 1 21 44 2.45511 0 104 2.45511 1
gene 1 21 45 1.11845 0 105 1.11845 1
gene 1 22 41 -2.50542 0 106 -2.50542 1
gene 1 22 42 1.97318 0 107 1.97318 1
gene 1 22 43 -2.87584 0 108 -2.87584 1
gene 1 22 44 -1.22626 0 109 -1.22626 1
gene 1 22 45 -3.56277 0 110 -3.56277 1
gene 1 23 41 2.99151 0 111 2.99151 1
gene 1 23 42 3.7487 0 112 3.7487 1
gene 1 23 43 4.47406 0 113 4.47406 1
gene 1 23 44 -3.16426 0 114 -3.16426 1
gene 1 23 45 2.19563 0 115 2.19563 1
gene 1 24 41 0.456767 0 116 0.456767 1
gene 1 24 42 3.44961 0 117 3.44961 1
gene 1 24 43 -4.61275 0 118 -4.61275 1
gene 1 24 44 -4.37438 0 119 -4.37438 1
gene 1 24 45 -2.58042 0 120 -2.58042 1
gene 1 25 41 -4.41085 0 121 -4.41085 1
gene 1 25 42 -3.71388 0 122 -3.71388 1
gene 1 25 43 -3.22699 0 123 -3.22699 1
gene 1 25 44 1.87931 0 124 1.87931 1
gene 1 25 45 0.536431 0 125 0.536431 1
gene 1 26 41 -0.706851 0 126 -0.706851 1
gene 1 26 42 0.0266357 0 127 0.0266357 1
gene 1 26 43 4.98758 0 128 4.98758 1
gene 1 26 44 2.142 0 129 2.142 1
gene 1 26 45 -0.761825 0 130 -0.761825 1
gene 1 27 41 3.20244 0 131 3.20244 1
gene 1 27 42 3.07282 0 132 3.07282 1
gene 1 27 43 2.48444 0 133 2.48444 1
gene 1 27 44 -1.67878 0 134 -1.67878 1
gene 1 27 45 1.96324 0 135 1.96324 1
gene 1 28 41 -2.23972 0 136 -2.23972 1
gene 1 28 42 -0.747576 0 137 -0.747576 1
gene 1 28 43 4.24792 0 138 4.24792 1
gene 1 28 44 0.141085 0 139 0.141085 1
gene 1 28 45 1.5339 0 140 1.5339 1
gene 1 29 41 0.959789 0 141 0.959789 1
gene 1 29 42 1.20861 0 142 1.20861 1
gene 1 29 43 1.58849 0 143 1.58849 1
gene 1 29 44 -5 0 144 -5 1
gene 1 29 45 3.88976 0 145 3.88976 1
gene 1 30 41 0.243771 0 146 0.243771 1
gene 1 30 42 -2.27324 0 147 -2.27324 1
gene 1 30 43 0.0662771 0 148 0.0662771 1
gene 1 30 44 -0.928795 0 149 -0.928795 1
gene 1 30 45 2.74051 0 150 2.74051 1
gene 1 31 41 3.39809 0 151 3.39809 1
gene 1 31 42 2.37739 0 152 2.37739 1
gene 1 31 43 -2.55267 0 153 -2.55267 1
gene 1 31 44 0.800924 0 154 0.800924 1
gene 1 31 45 0.990029 0 155 0.990029 1
gene 1 32 41 -2.40518 0 156 -2.40518 1
gene 1 32 42 0.487021 0 157 0.487021 1
gene 1 32 43 2.07558 0 158 2.07558 1
gene 1 32 44 -3.74821 0 159 -3.74821 1
gene 1 32 45 -4.77668 0 160 -4.77668 1
gene 1 33 41 -2.3957 0 161 -2.3957 1
gene 1 33 42 -0.740223 0 162 -0.740223 1
gene 1 33 43 -0.39135 0 163 -0.39135 1
gene 1 33 44 -2.10536 0 164 -2.10536 1
gene 1 33 45 0.0608813 0 165 0.0608813 1
gene 1 34 41 -0.466834 0 166 -0.466834 1
gene 1 34 42 -0.374697 0 167 -0.374697 1
gene 1 34 43 2.03145e-05 0 168 2.03145e-05 1
gene 1 34 44 -0.92212 0 169 -0.92212 1
gene 1 34 45 1.34708 0 170 1.34708 1
gene 1 35 41 -1.02831 0 171 -1.02831 1
gene 1 35 42 0.464201 0 172 0.464201 1
gene 1 35 43 1.249 0 173 1.249 1
gene 1 35 44 0.853575 0 174 0.853575 1
gene 1 35 45 -0.628049 0 175 -0.628049 1
gene 1 36 41 -1.00788 0 176 -1.00788 1
gene 1 36 42 -0.426534 0 177 -0.426534 1
gene 1 36 43 0.15999 0 178 0.15999 1
gene 1 36 44 -0.480243 0 179 -0.480243 1
gene 1 36 45 1.09521 0 180 1.09521 1
gene 1 37 41 -0.67814 0 181 -0.67814 1
gene 1 37 42 2.2358 0 182 2.2358 1
gene 1 37 43 1.08204 0 183 1.08204 1
gene 1 37 44 1.28453 0 184 1.28453 1
gene 1 37 45 -0.10537 0 185 -0.10537 1
gene 1 38 41 0.123567 0 186 0.123567 1
gene 1 38 42 -1.24068 0 187 -1.24068 1
gene 1 38 43 0.979195 0 188 0.979195 1
gene 1 38 44 0.370969 0 189 0.370969 1
gene 1 38 45 -1.60644 0 190 -1.60644 1
gene 1 39 41 -0.101777 0 191 -0.101777 1
gene 1 39 42 1.4412 0 192 1.4412 1
gene 1 39 43 0.149936 0 193 0.149936 1
gene 1 39 44 0.229549 0 194 0.229549 1
gene 1 39 45 0.122716 0 195 0.122716 1
gene 1 40 41 -0.182553 0 196 -0.182553 1
gene 1 40 42 -5 0 197 -5 1
gene 1 40 43 -1.04797 0 198 -1.04797 1
gene 1 40 44 0.210654 0 199 0.210654 1
gene 1 40 45 0.300393 0 200 0.300393 1
genomeend 15


