/* Organism #3 Fitness: 9041.390000 Time: 0 */
genomestart 3
trait 1 0.876943 0.857970 0.000000 0.000000 0.727485 1.000000 0.853890 0.915865 
node 1 1 1 1
node 2 1 1 1
node 3 1 1 1
node 4 1 1 1
node 5 1 1 1
node 6 1 1 1
node 7 1 1 1
node 8 1 1 1
node 9 1 1 1
node 10 1 1 1
node 11 1 1 1
node 12 1 1 1
node 13 1 1 1
node 14 1 1 1
node 15 1 1 1
node 16 1 1 1
node 17 1 1 1
node 18 1 1 1
node 19 1 1 1
node 20 1 1 1
node 21 1 1 1
node 22 1 1 1
node 23 1 1 1
node 24 1 1 1
node 25 1 1 1
node 26 1 1 1
node 27 1 1 1
node 28 1 1 1
node 29 1 1 1
node 30 1 1 1
node 31 1 1 1
node 32 1 1 1
node 33 1 1 1
node 34 1 1 1
node 35 1 1 1
node 36 1 1 1
node 37 1 1 1
node 38 1 1 1
node 39 1 1 1
node 40 1 1 3
node 41 1 0 2
node 42 1 0 2
node 43 1 0 2
node 44 1 0 2
node 45 1 0 2
gene 1 1 41 -5 0 1 -5 1
gene 1 1 42 -4.24038 0 2 -4.24038 1
gene 1 1 43 -3.92746 0 3 -3.92746 1
gene 1 1 44 2.56757 0 4 2.56757 1
gene 1 1 45 -1.27155 0 5 -1.27155 1
gene 1 2 41 -0.522039 0 6 -0.522039 1
gene 1 2 42 3.45088 0 7 3.45088 1
gene 1 2 43 1.73356 0 8 1.73356 1
gene 1 2 44 1.2365 0 9 1.2365 1
gene 1 2 45 -1.66946 0 10 -1.66946 1
gene 1 3 41 -0.316151 0 11 -0.316151 1
gene 1 3 42 0.775226 0 12 0.775226 1
gene 1 3 43 -4.80367 0 13 -4.80367 1
gene 1 3 44 -2.38688 0 14 -2.38688 1
gene 1 3 45 -1.48663 0 15 -1.48663 1
gene 1 4 41 0.166182 0 16 0.166182 1
gene 1 4 42 4.77491 0 17 4.77491 1
gene 1 4 43 0.477183 0 18 0.477183 1
gene 1 4 44 -0.915795 0 19 -0.915795 1
gene 1 4 45 -1.12355 0 20 -1.12355 1
gene 1 5 41 3.94451 0 21 3.94451 1
gene 1 5 42 1.09401 0 22 1.09401 1
gene 1 5 43 -1.15217 0 23 -1.15217 1
gene 1 5 44 -3.59625 0 24 -3.59625 1
gene 1 5 45 3.1942 0 25 3.1942 1
gene 1 6 41 2.88076 0 26 2.88076 1
gene 1 6 42 -0.404257 0 27 -0.404257 1
gene 1 6 43 5 0 28 5 1
gene 1 6 44 2.50567 0 29 2.50567 1
gene 1 6 45 5 0 30 5 1
gene 1 7 41 2.55638 0 31 2.55638 1
gene 1 7 42 -5 0 32 -5 1
gene 1 7 43 -0.131721 0 33 -0.131721 1
gene 1 7 44 -3.64473 0 34 -3.64473 1
gene 1 7 45 2.53001 0 35 2.53001 1
gene 1 8 41 2.40693 0 36 2.40693 1
gene 1 8 42 -1.39509 0 37 -1.39509 1
gene 1 8 43 1.98742 0 38 1.98742 1
gene 1 8 44 -4.18784 0 39 -4.18784 1
gene 1 8 45 -5 0 40 -5 1
gene 1 9 41 -2.2763 0 41 -2.2763 1
gene 1 9 42 -3.60587 0 42 -3.60587 1
gene 1 9 43 -1.32623 0 43 -1.32623 1
gene 1 9 44 -4.25111 0 44 -4.25111 1
gene 1 9 45 -0.603061 0 45 -0.603061 1
gene 1 10 41 -1.35837 0 46 -1.35837 1
gene 1 10 42 0.5257 0 47 0.5257 1
gene 1 10 43 -4.80386 0 48 -4.80386 1
gene 1 10 44 0.421187 0 49 0.421187 1
gene 1 10 45 0.860454 0 50 0.860454 1
gene 1 11 41 -4.17319 0 51 -4.17319 1
gene 1 11 42 -0.981867 0 52 -0.981867 1
gene 1 11 43 -0.363404 0 53 -0.363404 1
gene 1 11 44 0.0271769 0 54 0.0271769 1
gene 1 11 45 -1.53641 0 55 -1.53641 1
gene 1 12 41 2.5782 0 56 2.5782 1
gene 1 12 42 2.20016 0 57 2.20016 1
gene 1 12 43 1.35505 0 58 1.35505 1
gene 1 12 44 0.897347 0 59 0.897347 1
gene 1 12 45 0.0558044 0 60 0.0558044 1
gene 1 13 41 0.26182 0 61 0.26182 1
gene 1 13 42 2.76358 0 62 2.76358 1
gene 1 13 43 0.626649 0 63 0.626649 1
gene 1 13 44 0.759698 0 64 0.759698 1
gene 1 13 45 3.49657 0 65 3.49657 1
gene 1 14 41 -1.55241 0 66 -1.55241 1
gene 1 14 42 -3.83849 0 67 -3.83849 1
gene 1 14 43 -2.10272 0 68 -2.10272 1
gene 1 14 44 3.54187 0 69 3.54187 1
gene 1 14 45 1.91932 0 70 1.91932 1
gene 1 15 41 1.61194 0 71 1.61194 1
gene 1 15 42 -2.81565 0 72 -2.81565 1
gene 1 15 43 2.13983 0 73 2.13983 1
gene 1 15 44 -5 0 74 -5 1
gene 1 15 45 -1.14625 0 75 -1.14625 1
gene 1 16 41 -2.08524 0 76 -2.08524 1
gene 1 16 42 -0.985831 0 77 -0.985831 1
gene 1 16 43 2.03745 0 78 2.03745 1
gene 1 16 44 0.714256 0 79 0.714256 1
gene 1 16 45 2.22255 0 80 2.22255 1
gene 1 17 41 -3.95339 0 81 -3.95339 1
gene 1 17 42 -1.40332 0 82 -1.40332 1
gene 1 17 43 -1.77947 0 83 -1.77947 1
gene 1 17 44 -0.29087 0 84 -0.29087 1
gene 1 17 45 -4.47964 0 85 -4.47964 1
gene 1 18 41 -2.12319 0 86 -2.12319 1
gene 1 18 42 4.38952 0 87 4.38952 1
gene 1 18 43 -1.99563 0 88 -1.99563 1
gene 1 18 44 2.90478 0 89 2.90478 1
gene 1 18 45 2.37537 0 90 2.37537 1
gene 1 19 41 -3.73829 0 91 -3.73829 1
gene 1 19 42 3.10536 0 92 3.10536 1
gene 1 19 43 -1.58136 0 93 -1.58136 1
gene 1 19 44 -0.567649 0 94 -0.567649 1
gene 1 19 45 -1.86511 0 95 -1.86511 1
gene 1 20 41 0.746221 0 96 0.746221 1
gene 1 20 42 0.578006 0 97 0.578006 1
gene 1 20 43 5 0 98 5 1
gene 1 20 44 2.62218 0 99 2.62218 1
gene 1 20 45 0.874744 0 100 0.874744 1
gene 1 21 41 0.0440233 0 101 0.0440233 1
gene 1 21 42 -2.90485 0 102 -2.90485 1
gene 1 21 43 2.21417 0 103 2.21417 1
gene 1 21 44 -1.56735 0 104 -1.56735 1
gene 1 21 45 -1.22672 0 105 -1.22672 1
gene 1 22 41 -2.11788 0 106 -2.11788 1
gene 1 22 42 -2.95264 0 107 -2.95264 1
gene 1 22 43 -0.344699 0 108 -0.344699 1
gene 1 22 44 -0.44314 0 109 -0.44314 1
gene 1 22 45 0.132503 0 110 0.132503 1
gene 1 23 41 -0.29268 0 111 -0.29268 1
gene 1 23 42 0.257754 0 112 0.257754 1
gene 1 23 43 -1.54671 0 113 -1.54671 1
gene 1 23 44 -0.151366 0 114 -0.151366 1
gene 1 23 45 4.51775 0 115 4.51775 1
gene 1 24 41 -4.07088 0 116 -4.07088 1
gene 1 24 42 0.529373 0 117 0.529373 1
gene 1 24 43 4.79684 0 118 4.79684 1
gene 1 24 44 0.830759 0 119 0.830759 1
gene 1 24 45 -5 0 120 -5 1
gene 1 25 41 -0.853853 0 121 -0.853853 1
gene 1 25 42 -2.64308 0 122 -2.64308 1
gene 1 25 43 -4.3507 0 123 -4.3507 1
gene 1 25 44 4.35681 0 124 4.35681 1
gene 1 25 45 0.962032 0 125 0.962032 1
gene 1 26 41 -2.59531 0 126 -2.59531 1
gene 1 26 42 -0.807076 0 127 -0.807076 1
gene 1 26 43 -2.10856 0 128 -2.10856 1
gene 1 26 44 -5 0 129 -5 1
gene 1 26 45 2.68263 0 130 2.68263 1
gene 1 27 41 0.948874 0 131 0.948874 1
gene 1 27 42 1.9668 0 132 1.9668 1
gene 1 27 43 0.0502653 0 133 0.0502653 1
gene 1 27 44 -2.72226 0 134 -2.72226 1
gene 1 27 45 0.151822 0 135 0.151822 1
gene 1 28 41 3.6281 0 136 3.6281 1
gene 1 28 42 1.52034 0 137 1.52034 1
gene 1 28 43 -0.393012 0 138 -0.393012 1
gene 1 28 44 -1.75461 0 139 -1.75461 1
gene 1 28 45 -0.518447 0 140 -0.518447 1
gene 1 29 41 2.16048 0 141 2.16048 1
gene 1 29 42 -1.97848 0 142 -1.97848 1
gene 1 29 43 -0.376827 0 143 -0.376827 1
gene 1 29 44 0.258941 0 144 0.258941 1
gene 1 29 45 0.528769 0 145 0.528769 1
gene 1 30 41 -1.21445 0 146 -1.21445 1
gene 1 30 42 -1.41422 0 147 -1.41422 1
gene 1 30 43 3.31246 0 148 3.31246 1
gene 1 30 44 4.39424 0 149 4.39424 1
gene 1 30 45 -0.562941 0 150 -0.562941 1
gene 1 31 41 2.2961 0 151 2.2961 1
gene 1 31 42 1.56466 0 152 1.56466 1
gene 1 31 43 -2.93322 0 153 -2.93322 1
gene 1 31 44 0.0822408 0 154 0.0822408 1
gene 1 31 45 -0.0266822 0 155 -0.0266822 1
gene 1 32 41 0.0902048 0 156 0.0902048 1
gene 1 32 42 -0.489239 0 157 -0.489239 1
gene 1 32 43 0.817174 0 158 0.817174 1
gene 1 32 44 -1.12161 0 159 -1.12161 1
gene 1 32 45 -4.82043 0 160 -4.82043 1
gene 1 33 41 -0.88097 0 161 -0.88097 1
gene 1 33 42 0.940215 0 162 0.940215 1
gene 1 33 43 -0.536988 0 163 -0.536988 1
gene 1 33 44 0.341462 0 164 0.341462 1
gene 1 33 45 0.902848 0 165 0.902848 1
gene 1 34 41 0.323033 0 166 0.323033 1
gene 1 34 42 0.154437 0 167 0.154437 1
gene 1 34 43 -0.254859 0 168 -0.254859 1
gene 1 34 44 -0.969374 0 169 -0.969374 1
gene 1 34 45 2.36869 0 170 2.36869 1
gene 1 35 41 -0.438431 0 171 -0.438431 1
gene 1 35 42 0.78152 0 172 0.78152 1
gene 1 35 43 -1.87387 0 173 -1.87387 1
gene 1 35 44 4.04102 0 174 4.04102 1
gene 1 35 45 1.81073 0 175 1.81073 1
gene 1 36 41 -1.09834 0 176 -1.09834 1
gene 1 36 42 0.343634 0 177 0.343634 1
gene 1 36 43 0.0411181 0 178 0.0411181 1
gene 1 36 44 1.1191 0 179 1.1191 1
gene 1 36 45 -0.411591 0 180 -0.411591 1
gene 1 37 41 -1.21713 0 181 -1.21713 1
gene 1 37 42 -0.979891 0 182 -0.979891 1
gene 1 37 43 -1.51753 0 183 -1.51753 1
gene 1 37 44 0.948042 0 184 0.948042 1
gene 1 37 45 -0.155315 0 185 -0.155315 1
gene 1 38 41 -0.704682 0 186 -0.704682 1
gene 1 38 42 0.0839626 0 187 0.0839626 1
gene 1 38 43 0.651141 0 188 0.651141 1
gene 1 38 44 0.479457 0 189 0.479457 1
gene 1 38 45 -0.694496 0 190 -0.694496 1
gene 1 39 41 0.945326 0 191 0.945326 1
gene 1 39 42 0.986003 0 192 0.986003 1
gene 1 39 43 0.155035 0 193 0.155035 1
gene 1 39 44 0.176563 0 194 0.176563 1
gene 1 39 45 -0.288279 0 195 -0.288279 1
gene 1 40 41 1.25836 0 196 1.25836 1
gene 1 40 42 -4.21284 0 197 -4.21284 1
gene 1 40 43 -0.315797 0 198 -0.315797 1
gene 1 40 44 1.34762 0 199 1.34762 1
gene 1 40 45 0.621811 0 200 0.621811 1
genomeend 3


