/* Organism #2 Fitness: 7774.226000 Time: 0 */
genomestart 2
trait 1 0.462818 0.000000 0.000000 0.475948 0.177234 0.737816 0.000000 0.000000 
node 1 1 1 1
node 2 1 1 1
node 3 1 1 1
node 4 1 1 1
node 5 1 1 1
node 6 1 1 1
node 7 1 1 1
node 8 1 1 1
node 9 1 1 1
node 10 1 1 1
node 11 1 1 1
node 12 1 1 1
node 13 1 1 1
node 14 1 1 1
node 15 1 1 1
node 16 1 1 1
node 17 1 1 1
node 18 1 1 1
node 19 1 1 1
node 20 1 1 1
node 21 1 1 1
node 22 1 1 1
node 23 1 1 1
node 24 1 1 1
node 25 1 1 1
node 26 1 1 3
node 27 1 0 2
node 28 1 0 2
node 29 1 0 2
gene 1 1 27 2.21871 0 1 2.21871 1
gene 1 1 28 -1.3654 0 2 -1.3654 1
gene 1 1 29 -2.85361 0 3 -2.85361 1
gene 1 2 27 4.02673 0 4 4.02673 1
gene 1 2 28 -1.50813 0 5 -1.50813 1
gene 1 2 29 1.76762 0 6 1.76762 1
gene 1 3 27 -0.789583 0 7 -0.789583 1
gene 1 3 28 2.03976 0 8 2.03976 1
gene 1 3 29 0.215178 0 9 0.215178 1
gene 1 4 27 -1.22103 0 10 -1.22103 1
gene 1 4 28 2.70418 0 11 2.70418 1
gene 1 4 29 -0.43143 0 12 -0.43143 1
gene 1 5 27 -5 0 13 -5 1
gene 1 5 28 4.89727 0 14 4.89727 1
gene 1 5 29 -0.696618 0 15 -0.696618 1
gene 1 6 27 0.532832 0 16 0.532832 1
gene 1 6 28 -1.39956 0 17 -1.39956 1
gene 1 6 29 0.799841 0 18 0.799841 1
gene 1 7 27 4.04902 0 19 4.04902 1
gene 1 7 28 1.85828 0 20 1.85828 1
gene 1 7 29 -0.265608 0 21 -0.265608 1
gene 1 8 27 -0.474321 0 22 -0.474321 1
gene 1 8 28 0.569795 0 23 0.569795 1
gene 1 8 29 -2.03335 0 24 -2.03335 1
gene 1 9 27 -1.68992 0 25 -1.68992 1
gene 1 9 28 -0.814841 0 26 -0.814841 1
gene 1 9 29 -3.44395 0 27 -3.44395 1
gene 1 10 27 -2.09371 0 28 -2.09371 1
gene 1 10 28 -0.360775 0 29 -0.360775 1
gene 1 10 29 -4.93115 0 30 -4.93115 1
gene 1 11 27 1.13266 0 27 1.13266 1
gene 1 11 28 -5 0 32 -5 1
gene 1 11 29 -5 0 33 -5 1
gene 1 12 27 -2.68914 0 34 -2.68914 1
gene 1 12 28 -2.26959 0 35 -2.26959 1
gene 1 12 29 -1.17875 0 36 -1.17875 1
gene 1 13 27 -0.391343 0 37 -0.391343 1
gene 1 13 28 -5 0 38 -5 1
gene 1 13 29 3.03868 0 39 3.03868 1
gene 1 14 27 3.23548 0 40 3.23548 1
gene 1 14 28 -1.20621 0 41 -1.20621 1
gene 1 14 29 1.51844 0 42 1.51844 1
gene 1 15 27 2.30255 0 43 2.30255 1
gene 1 15 28 0.0163263 0 44 0.0163263 1
gene 1 15 29 -1.34131 0 45 -1.34131 1
gene 1 16 27 3.14302 0 46 3.14302 1
gene 1 16 28 -3.66446 0 47 -3.66446 1
gene 1 16 29 2.15379 0 48 2.15379 1
gene 1 17 27 -4.31362 0 49 -4.31362 1
gene 1 17 28 2.49088 0 50 2.49088 1
gene 1 17 29 0.272584 0 51 0.272584 1
gene 1 18 27 0.260401 0 52 0.260401 1
gene 1 18 28 4.47478 0 53 4.47478 1
gene 1 18 29 0.193768 0 54 0.193768 1
gene 1 19 27 -2.0384 0 55 -2.0384 1
gene 1 19 28 2.82441 0 56 2.82441 1
gene 1 19 29 1.01788 0 57 1.01788 1
gene 1 20 27 0.93524 0 58 0.93524 1
gene 1 20 28 1.59367 0 59 1.59367 1
gene 1 20 29 -0.978718 0 60 -0.978718 1
gene 1 21 27 -0.17919 0 61 -0.17919 1
gene 1 21 28 0.0478838 0 62 0.0478838 1
gene 1 21 29 -1.2987 0 63 -1.2987 1
gene 1 22 27 -1.31741 0 64 -1.31741 1
gene 1 22 28 -0.372021 0 65 -0.372021 1
gene 1 22 29 0.770822 0 66 0.770822 1
gene 1 23 27 0.081601 0 67 0.081601 1
gene 1 23 28 0.0364931 0 68 0.0364931 1
gene 1 23 29 -2.19635 0 69 -2.19635 1
gene 1 24 27 -1.72335 0 70 -1.72335 1
gene 1 24 28 -0.134549 0 71 -0.134549 1
gene 1 24 29 0.522403 0 72 0.522403 1
gene 1 25 27 0.0315431 0 73 0.0315431 1
gene 1 25 28 -0.827933 0 74 -0.827933 1
gene 1 25 29 0.692158 0 75 0.692158 1
gene 1 26 27 0.474899 0 76 0.474899 1
gene 1 26 28 -4.75339 0 77 -4.75339 1
gene 1 26 29 0.469048 0 78 0.469048 1
genomeend 2


