/* Organism #1 Fitness: 9343.156000 Time: 0 */
genomestart 1
trait 1 0.100000 0.000000 0.244867 0.000000 0.000000 0.030185 0.217972 0.667222 
node 1 1 1 1
node 2 1 1 1
node 3 1 1 1
node 4 1 1 1
node 5 1 1 1
node 6 1 1 1
node 7 1 1 1
node 8 1 1 1
node 9 1 1 1
node 10 1 1 1
node 11 1 1 1
node 12 1 1 1
node 13 1 1 1
node 14 1 1 1
node 15 1 1 1
node 16 1 1 1
node 17 1 1 1
node 18 1 1 1
node 19 1 1 1
node 20 1 1 1
node 21 1 1 1
node 22 1 1 1
node 23 1 1 1
node 24 1 1 1
node 25 1 1 1
node 26 1 1 3
node 27 1 0 2
node 28 1 0 2
node 29 1 0 2
gene 1 1 27 1.27672 0 1 1.27672 1
gene 1 1 28 -0.060817 0 2 -0.060817 1
gene 1 1 29 -0.847589 0 3 -0.847589 1
gene 1 2 27 2.17049 0 4 2.17049 1
gene 1 2 28 -0.495494 0 5 -0.495494 1
gene 1 2 29 0.925308 0 6 0.925308 1
gene 1 3 27 -2.08543 0 7 -2.08543 1
gene 1 3 28 3.89567 0 8 3.89567 1
gene 1 3 29 1.72759 0 9 1.72759 1
gene 1 4 27 -0.727776 0 10 -0.727776 1
gene 1 4 28 2.08309 0 11 2.08309 1
gene 1 4 29 1.42254 0 12 1.42254 1
gene 1 5 27 2.24604 0 13 2.24604 1
gene 1 5 28 0.251421 0 14 0.251421 1
gene 1 5 29 0.606378 0 15 0.606378 1
gene 1 6 27 1.0171 0 16 1.0171 1
gene 1 6 28 1.64582 0 17 1.64582 1
gene 1 6 29 -4.02539 0 18 -4.02539 1
gene 1 7 27 0.112362 0 19 0.112362 1
gene 1 7 28 -2.22211 0 20 -2.22211 1
gene 1 7 29 2.55734 0 21 2.55734 1
gene 1 8 27 -0.126709 0 22 -0.126709 1
gene 1 8 28 -0.139647 0 23 -0.139647 1
gene 1 8 29 -1.13951 0 24 -1.13951 1
gene 1 9 27 -1.62939 0 25 -1.62939 1
gene 1 9 28 -1.30292 0 26 -1.30292 1
gene 1 9 29 -1.1024 0 27 -1.1024 1
gene 1 10 27 -2.45595 0 28 -2.45595 1
gene 1 10 28 -1.6806 0 29 -1.6806 1
gene 1 10 29 -1.24 0 30 -1.24 1
gene 1 11 27 -2.50093 0 27 -2.50093 1
gene 1 11 28 -2.60262 0 32 -2.60262 1
gene 1 11 29 -3.4642 0 33 -3.4642 1
gene 1 12 27 -0.0468932 0 34 -0.0468932 1
gene 1 12 28 1.15003 0 35 1.15003 1
gene 1 12 29 -2.91386 0 36 -2.91386 1
gene 1 13 27 -0.320372 0 37 -0.320372 1
gene 1 13 28 -0.278187 0 38 -0.278187 1
gene 1 13 29 -1.31797 0 39 -1.31797 1
gene 1 14 27 0.910852 0 40 0.910852 1
gene 1 14 28 -0.68197 0 41 -0.68197 1
gene 1 14 29 -3.15903 0 42 -3.15903 1
gene 1 15 27 2.25435 0 43 2.25435 1
gene 1 15 28 -0.791723 0 44 -0.791723 1
gene 1 15 29 -3.37783 0 45 -3.37783 1
gene 1 16 27 1.91384 0 46 1.91384 1
gene 1 16 28 -2.28151 0 47 -2.28151 1
gene 1 16 29 -0.78684 0 48 -0.78684 1
gene 1 17 27 -4.35435 0 49 -4.35435 1
gene 1 17 28 2.56367 0 50 2.56367 1
gene 1 17 29 -0.512144 0 51 -0.512144 1
gene 1 18 27 1.10377 0 52 1.10377 1
gene 1 18 28 5 0 53 5 1
gene 1 18 29 -0.0463315 0 54 -0.0463315 1
gene 1 19 27 -4.19084 0 55 -4.19084 1
gene 1 19 28 1.75993 0 56 1.75993 1
gene 1 19 29 3.73335 0 57 3.73335 1
gene 1 20 27 -2.18133 0 58 -2.18133 1
gene 1 20 28 1.29682 0 59 1.29682 1
gene 1 20 29 -1.40718 0 60 -1.40718 1
gene 1 21 27 -4.17514 0 61 -4.17514 1
gene 1 21 28 -0.10823 0 62 -0.10823 1
gene 1 21 29 1.95284 0 63 1.95284 1
gene 1 22 27 0.208518 0 64 0.208518 1
gene 1 22 28 -0.0809658 0 65 -0.0809658 1
gene 1 22 29 -0.960916 0 66 -0.960916 1
gene 1 23 27 -1.08636 0 67 -1.08636 1
gene 1 23 28 -0.341152 0 68 -0.341152 1
gene 1 23 29 -4.43916 0 69 -4.43916 1
gene 1 24 27 -1.50828 0 70 -1.50828 1
gene 1 24 28 -0.0967614 0 71 -0.0967614 1
gene 1 24 29 0.0817514 0 72 0.0817514 1
gene 1 25 27 0.436587 0 73 0.436587 1
gene 1 25 28 -0.942125 0 74 -0.942125 1
gene 1 25 29 0.198549 0 75 0.198549 1
gene 1 26 27 -1.32403 0 76 -1.32403 1
gene 1 26 28 -4.67841 0 77 -4.67841 1
gene 1 26 29 0.343119 0 78 0.343119 1
genomeend 1


