/* Organism #0 Fitness: 8252.506000 Time: 0 */
genomestart 0
trait 1 0.000000 0.000000 0.426497 0.534395 0.815995 0.000000 0.000000 0.000000 
node 1 1 1 1
node 2 1 1 1
node 3 1 1 1
node 4 1 1 1
node 5 1 1 1
node 6 1 1 1
node 7 1 1 1
node 8 1 1 1
node 9 1 1 1
node 10 1 1 1
node 11 1 1 1
node 12 1 1 1
node 13 1 1 1
node 14 1 1 1
node 15 1 1 1
node 16 1 1 1
node 17 1 1 1
node 18 1 1 1
node 19 1 1 1
node 20 1 1 1
node 21 1 1 1
node 22 1 1 1
node 23 1 1 1
node 24 1 1 1
node 25 1 1 1
node 26 1 1 3
node 27 1 0 2
node 28 1 0 2
node 29 1 0 2
gene 1 1 27 -0.65654 0 1 -0.65654 1
gene 1 1 28 1.42972 0 2 1.42972 1
gene 1 1 29 -1.51629 0 3 -1.51629 1
gene 1 2 27 -0.171163 0 4 -0.171163 1
gene 1 2 28 1.9549 0 5 1.9549 1
gene 1 2 29 0.405267 0 6 0.405267 1
gene 1 3 27 -1.70272 0 7 -1.70272 1
gene 1 3 28 1.23852 0 8 1.23852 1
gene 1 3 29 -2.07809 0 9 -2.07809 1
gene 1 4 27 -1.37126 0 10 -1.37126 1
gene 1 4 28 0.837294 0 11 0.837294 1
gene 1 4 29 -1.07649 0 12 -1.07649 1
gene 1 5 27 -3.5543 0 13 -3.5543 1
gene 1 5 28 1.29595 0 14 1.29595 1
gene 1 5 29 0.850272 0 15 0.850272 1
gene 1 6 27 1.47851 0 16 1.47851 1
gene 1 6 28 -1.02554 0 17 -1.02554 1
gene 1 6 29 -0.0576399 0 18 -0.0576399 1
gene 1 7 27 -2.66171 0 19 -2.66171 1
gene 1 7 28 1.53009 0 20 1.53009 1
gene 1 7 29 1.0693 0 21 1.0693 1
gene 1 8 27 -2.70508 0 22 -2.70508 1
gene 1 8 28 -3.39793 0 23 -3.39793 1
gene 1 8 29 0.45629 0 24 0.45629 1
gene 1 9 27 2.4529 0 25 2.4529 1
gene 1 9 28 -0.364975 0 26 -0.364975 1
gene 1 9 29 -3.3984 0 27 -3.3984 1
gene 1 10 27 -5 0 28 -5 1
gene 1 10 28 -2.92131 0 29 -2.92131 1
gene 1 10 29 0.641327 0 30 0.641327 1
gene 1 11 27 -0.129488 0 27 -0.129488 1
gene 1 11 28 2.23293 0 32 2.23293 1
gene 1 11 29 0.884905 0 33 0.884905 1
gene 1 12 27 1.34015 0 34 1.34015 1
gene 1 12 28 2.90263 0 35 2.90263 1
gene 1 12 29 -0.938035 0 36 -0.938035 1
gene 1 13 27 0.673709 0 37 0.673709 1
gene 1 13 28 0.507374 0 38 0.507374 1
gene 1 13 29 -0.0319731 0 39 -0.0319731 1
gene 1 14 27 -1.11662 0 40 -1.11662 1
gene 1 14 28 1.26467 0 41 1.26467 1
gene 1 14 29 -1.00152 0 42 -1.00152 1
gene 1 15 27 0.621266 0 43 0.621266 1
gene 1 15 28 2.39264 0 44 2.39264 1
gene 1 15 29 -0.809588 0 45 -0.809588 1
gene 1 16 27 0.670811 0 46 0.670811 1
gene 1 16 28 0.484748 0 47 0.484748 1
gene 1 16 29 2.75846 0 48 2.75846 1
gene 1 17 27 1.16767 0 49 1.16767 1
gene 1 17 28 5 0 50 5 1
gene 1 17 29 -1.88853 0 51 -1.88853 1
gene 1 18 27 0.406558 0 52 0.406558 1
gene 1 18 28 4.44913 0 53 4.44913 1
gene 1 18 29 2.7676 0 54 2.7676 1
gene 1 19 27 -3.4171 0 55 -3.4171 1
gene 1 19 28 0.0828224 0 56 0.0828224 1
gene 1 19 29 2.15291 0 57 2.15291 1
gene 1 20 27 -2.15384 0 58 -2.15384 1
gene 1 20 28 0.214026 0 59 0.214026 1
gene 1 20 29 2.58358 0 60 2.58358 1
gene 1 21 27 -0.603531 0 61 -0.603531 1
gene 1 21 28 -0.026328 0 62 -0.026328 1
gene 1 21 29 -1.03507 0 63 -1.03507 1
gene 1 22 27 -1.6107 0 64 -1.6107 1
gene 1 22 28 -0.303923 0 65 -0.303923 1
gene 1 22 29 -1.87817 0 66 -1.87817 1
gene 1 23 27 -0.59784 0 67 -0.59784 1
gene 1 23 28 -0.0824676 0 68 -0.0824676 1
gene 1 23 29 0.816027 0 69 0.816027 1
gene 1 24 27 -2.54367 0 70 -2.54367 1
gene 1 24 28 -0.157726 0 71 -0.157726 1
gene 1 24 29 -0.360383 0 72 -0.360383 1
gene 1 25 27 -0.761871 0 73 -0.761871 1
gene 1 25 28 -0.938643 0 74 -0.938643 1
gene 1 25 29 0.47554 0 75 0.47554 1
gene 1 26 27 -1.67923 0 76 -1.67923 1
gene 1 26 28 -5 0 77 -5 1
gene 1 26 29 0.020557 0 78 0.020557 1
genomeend 0


