/* Organism #0 Fitness: 9235.442000 Time: 0 */
genomestart 0
trait 1 0.618898 0.846457 1.000000 0.665272 0.771601 0.170973 0.081679 0.770135 
node 1 1 1 1
node 2 1 1 1
node 3 1 1 1
node 4 1 1 1
node 5 1 1 1
node 6 1 1 1
node 7 1 1 1
node 8 1 1 1
node 9 1 1 1
node 10 1 1 1
node 11 1 1 1
node 12 1 1 1
node 13 1 1 1
node 14 1 1 1
node 15 1 1 1
node 16 1 1 1
node 17 1 1 1
node 18 1 1 1
node 19 1 1 1
node 20 1 1 1
node 21 1 1 1
node 22 1 1 1
node 23 1 1 1
node 24 1 1 1
node 25 1 1 1
node 26 1 1 3
node 27 1 0 2
node 28 1 0 2
node 29 1 0 2
gene 1 1 27 1.0562 0 1 1.0562 1
gene 1 1 28 -3.55378 0 2 -3.55378 1
gene 1 1 29 -0.637446 0 3 -0.637446 1
gene 1 2 27 -2.27763 0 4 -2.27763 1
gene 1 2 28 0.874116 0 5 0.874116 1
gene 1 2 29 3.15395 0 6 3.15395 1
gene 1 3 27 -2.36953 0 7 -2.36953 1
gene 1 3 28 2.51363 0 8 2.51363 1
gene 1 3 29 -1.73149 0 9 -1.73149 1
gene 1 4 27 0.0574913 0 10 0.0574913 1
gene 1 4 28 0.0215591 0 11 0.0215591 1
gene 1 4 29 2.62614 0 12 2.62614 1
gene 1 5 27 -3.77702 0 13 -3.77702 1
gene 1 5 28 0.920969 0 14 0.920969 1
gene 1 5 29 -0.653942 0 15 -0.653942 1
gene 1 6 27 -0.611573 0 16 -0.611573 1
gene 1 6 28 2.80805 0 17 2.80805 1
gene 1 6 29 2.1268 0 18 2.1268 1
gene 1 7 27 -1.61856 0 19 -1.61856 1
gene 1 7 28 -1.4205 0 20 -1.4205 1
gene 1 7 29 -0.968149 0 21 -0.968149 1
gene 1 8 27 -0.11395 0 22 -0.11395 1
gene 1 8 28 -1.5801 0 23 -1.5801 1
gene 1 8 29 -2.39816 0 24 -2.39816 1
gene 1 9 27 1.71308 0 25 1.71308 1
gene 1 9 28 -0.641802 0 26 -0.641802 1
gene 1 9 29 0.305382 0 27 0.305382 1
gene 1 10 27 1.20165 0 28 1.20165 1
gene 1 10 28 -0.035929 0 29 -0.035929 1
gene 1 10 29 -3.04149 0 30 -3.04149 1
gene 1 11 27 1.9276 0 27 1.9276 1
gene 1 11 28 -4.04089 0 32 -4.04089 1
gene 1 11 29 -3.72597 0 33 -3.72597 1
gene 1 12 27 -0.666987 0 34 -0.666987 1
gene 1 12 28 -0.805393 0 35 -0.805393 1
gene 1 12 29 1.39241 0 36 1.39241 1
gene 1 13 27 1.43621 0 37 1.43621 1
gene 1 13 28 -2.07982 0 38 -2.07982 1
gene 1 13 29 -1.30592 0 39 -1.30592 1
gene 1 14 27 -0.474398 0 40 -0.474398 1
gene 1 14 28 -0.55282 0 41 -0.55282 1
gene 1 14 29 3.95161 0 42 3.95161 1
gene 1 15 27 0.625174 0 43 0.625174 1
gene 1 15 28 0.294215 0 44 0.294215 1
gene 1 15 29 0.789012 0 45 0.789012 1
gene 1 16 27 -0.0219359 0 46 -0.0219359 1
gene 1 16 28 1.21168 0 47 1.21168 1
gene 1 16 29 1.55139 0 48 1.55139 1
gene 1 17 27 -0.558603 0 49 -0.558603 1
gene 1 17 28 1.75726 0 50 1.75726 1
gene 1 17 29 -1.33474 0 51 -1.33474 1
gene 1 18 27 -2.13558 0 52 -2.13558 1
gene 1 18 28 3.80003 0 53 3.80003 1
gene 1 18 29 1.80701 0 54 1.80701 1
gene 1 19 27 0.652866 0 55 0.652866 1
gene 1 19 28 1.54586 0 56 1.54586 1
gene 1 19 29 -0.600232 0 57 -0.600232 1
gene 1 20 27 -1.07136 0 58 -1.07136 1
gene 1 20 28 0.131523 0 59 0.131523 1
gene 1 20 29 -3.08155 0 60 -3.08155 1
gene 1 21 27 -2.2005 0 61 -2.2005 1
gene 1 21 28 -0.108533 0 62 -0.108533 1
gene 1 21 29 1.75141 0 63 1.75141 1
gene 1 22 27 -0.215453 0 64 -0.215453 1
gene 1 22 28 -0.15576 0 65 -0.15576 1
gene 1 22 29 -1.46859 0 66 -1.46859 1
gene 1 23 27 -0.779838 0 67 -0.779838 1
gene 1 23 28 -0.195795 0 68 -0.195795 1
gene 1 23 29 1.23012 0 69 1.23012 1
gene 1 24 27 0.416692 0 70 0.416692 1
gene 1 24 28 0.0258352 0 71 0.0258352 1
gene 1 24 29 0.259056 0 72 0.259056 1
gene 1 25 27 -1.12191 0 73 -1.12191 1
gene 1 25 28 -0.864355 0 74 -0.864355 1
gene 1 25 29 0.206114 0 75 0.206114 1
gene 1 26 27 -0.474685 0 76 -0.474685 1
gene 1 26 28 -3.07806 0 77 -3.07806 1
gene 1 26 29 -1.45067 0 78 -1.45067 1
genomeend 0


