/* Organism #5 Fitness: 20586.848000 Time: 0 */
genomestart 5
trait 1 0.000000 0.000000 0.598618 0.391128 0.127275 0.458516 0.000000 0.000000 
node 1 1 1 1
node 2 1 1 1
node 3 1 1 1
node 4 1 1 1
node 5 1 1 1
node 6 1 1 1
node 7 1 1 1
node 8 1 1 1
node 9 1 1 1
node 10 1 1 1
node 11 1 1 1
node 12 1 1 1
node 13 1 1 1
node 14 1 1 1
node 15 1 1 1
node 16 1 1 1
node 17 1 1 1
node 18 1 1 1
node 19 1 1 1
node 20 1 1 1
node 21 1 1 1
node 22 1 1 1
node 23 1 1 1
node 24 1 1 1
node 25 1 1 1
node 26 1 1 1
node 27 1 1 1
node 28 1 1 3
node 29 1 0 2
node 30 1 0 2
node 31 1 0 2
node 32 1 0 2
node 33 1 0 2
gene 1 1 29 2.03663 0 1 2.03663 1
gene 1 1 30 0.299268 0 2 0.299268 1
gene 1 1 31 -1.69344 0 3 -1.69344 1
gene 1 1 32 -1.73291 0 4 -1.73291 1
gene 1 1 33 1.33303 0 5 1.33303 1
gene 1 2 29 -0.818411 0 6 -0.818411 1
gene 1 2 30 -0.876966 0 7 -0.876966 1
gene 1 2 31 0.483391 0 8 0.483391 1
gene 1 2 32 0.90281 0 9 0.90281 1
gene 1 2 33 -3.53558 0 10 -3.53558 1
gene 1 3 29 -0.205662 0 11 -0.205662 1
gene 1 3 30 -2.97839 0 12 -2.97839 1
gene 1 3 31 -1.29942 0 13 -1.29942 1
gene 1 3 32 -1.42489 0 14 -1.42489 1
gene 1 3 33 -0.806932 0 15 -0.806932 1
gene 1 4 29 -2.09501 0 16 -2.09501 1
gene 1 4 30 2.06957 0 17 2.06957 1
gene 1 4 31 -3.16506 0 18 -3.16506 1
gene 1 4 32 0.939996 0 19 0.939996 1
gene 1 4 33 -2.24574 0 20 -2.24574 1
gene 1 5 29 1.27318 0 21 1.27318 1
gene 1 5 30 -0.0827066 0 22 -0.0827066 1
gene 1 5 31 -0.217764 0 23 -0.217764 1
gene 1 5 32 -2.50598 0 24 -2.50598 1
gene 1 5 33 -2.43839 0 25 -2.43839 1
gene 1 6 29 2.93638 0 26 2.93638 1
gene 1 6 30 -3.34154 0 27 -3.34154 1
gene 1 6 31 -0.116417 0 28 -0.116417 1
gene 1 6 32 0.100437 0 29 0.100437 1
gene 1 6 33 -2.70606 0 30 -2.70606 1
gene 1 7 29 -5 0 31 -5 1
gene 1 7 30 1.38454 0 32 1.38454 1
gene 1 7 31 -3.20812 0 33 -3.20812 1
gene 1 7 32 1.41669 0 34 1.41669 1
gene 1 7 33 -0.258768 0 35 -0.258768 1
gene 1 8 29 0.142086 0 36 0.142086 1
gene 1 8 30 1.0081 0 37 1.0081 1
gene 1 8 31 -2.08753 0 38 -2.08753 1
gene 1 8 32 2.52026 0 39 2.52026 1
gene 1 8 33 -0.997637 0 40 -0.997637 1
gene 1 9 29 2.32415 0 41 2.32415 1
gene 1 9 30 0.940489 0 42 0.940489 1
gene 1 9 31 -0.0140056 0 43 -0.0140056 1
gene 1 9 32 3.98046 0 44 3.98046 1
gene 1 9 33 1.06164 0 45 1.06164 1
gene 1 10 29 0.124793 0 46 0.124793 1
gene 1 10 30 0.402664 0 47 0.402664 1
gene 1 10 31 0.953581 0 48 0.953581 1
gene 1 10 32 3.38663 0 49 3.38663 1
gene 1 10 33 1.83747 0 50 1.83747 1
gene 1 11 29 -1.59129 0 51 -1.59129 1
gene 1 11 30 1.01631 0 52 1.01631 1
gene 1 11 31 0.825795 0 53 0.825795 1
gene 1 11 32 2.16156 0 54 2.16156 1
gene 1 11 33 3.1809 0 55 3.1809 1
gene 1 12 29 -0.0124371 0 56 -0.0124371 1
gene 1 12 30 -2.28133 0 57 -2.28133 1
gene 1 12 31 2.41711 0 58 2.41711 1
gene 1 12 32 -0.851709 0 59 -0.851709 1
gene 1 12 33 4.9567 0 60 4.9567 1
gene 1 13 29 -0.842268 0 61 -0.842268 1
gene 1 13 30 0.24123 0 62 0.24123 1
gene 1 13 31 0.153805 0 63 0.153805 1
gene 1 13 32 4.62806 0 64 4.62806 1
gene 1 13 33 2.43642 0 65 2.43642 1
gene 1 14 29 -0.215015 0 66 -0.215015 1
gene 1 14 30 -1.36713 0 67 -1.36713 1
gene 1 14 31 -4.3126 0 68 -4.3126 1
gene 1 14 32 1.88699 0 69 1.88699 1
gene 1 14 33 0.803041 0 70 0.803041 1
gene 1 15 29 3.05114 0 71 3.05114 1
gene 1 15 30 -2.37366 0 72 -2.37366 1
gene 1 15 31 -1.38788 0 73 -1.38788 1
gene 1 15 32 -0.832556 0 74 -0.832556 1
gene 1 15 33 -2.29118 0 75 -2.29118 1
gene 1 16 29 -1.35844 0 76 -1.35844 1
gene 1 16 30 0.654284 0 77 0.654284 1
gene 1 16 31 0.560212 0 78 0.560212 1
gene 1 16 32 -0.541165 0 79 -0.541165 1
gene 1 16 33 -0.506388 0 80 -0.506388 1
gene 1 17 29 0.276499 0 81 0.276499 1
gene 1 17 30 1.28961 0 82 1.28961 1
gene 1 17 31 0.386698 0 83 0.386698 1
gene 1 17 32 -4.50463 0 84 -4.50463 1
gene 1 17 33 1.10313 0 85 1.10313 1
gene 1 18 29 -2.53239 0 86 -2.53239 1
gene 1 18 30 1.64282 0 87 1.64282 1
gene 1 18 31 1.02717 0 88 1.02717 1
gene 1 18 32 -2.82528 0 89 -2.82528 1
gene 1 18 33 -3.57967 0 90 -3.57967 1
gene 1 19 29 -1.15392 0 91 -1.15392 1
gene 1 19 30 -1.58596 0 92 -1.58596 1
gene 1 19 31 0.336287 0 93 0.336287 1
gene 1 19 32 0.487954 0 94 0.487954 1
gene 1 19 33 -1.12838 0 95 -1.12838 1
gene 1 20 29 3.09426 0 96 3.09426 1
gene 1 20 30 1.03552 0 97 1.03552 1
gene 1 20 31 0.27991 0 98 0.27991 1
gene 1 20 32 -0.588442 0 99 -0.588442 1
gene 1 20 33 -0.58788 0 100 -0.58788 1
gene 1 21 29 -1.15133 0 101 -1.15133 1
gene 1 21 30 -2.14721 0 102 -2.14721 1
gene 1 21 31 -1.98724 0 103 -1.98724 1
gene 1 21 32 -1.20484 0 104 -1.20484 1
gene 1 21 33 -0.15386 0 105 -0.15386 1
gene 1 22 29 3.38785 0 106 3.38785 1
gene 1 22 30 -0.569638 0 107 -0.569638 1
gene 1 22 31 -0.210893 0 108 -0.210893 1
gene 1 22 32 2.17438 0 109 2.17438 1
gene 1 22 33 -1.3328 0 110 -1.3328 1
gene 1 23 29 -3.0867 0 111 -3.0867 1
gene 1 23 30 0.207582 0 112 0.207582 1
gene 1 23 31 0.39925 0 113 0.39925 1
gene 1 23 32 0.267677 0 114 0.267677 1
gene 1 23 33 -0.956367 0 115 -0.956367 1
gene 1 24 29 0.277676 0 116 0.277676 1
gene 1 24 30 -0.0191467 0 117 -0.0191467 1
gene 1 24 31 0.505158 0 118 0.505158 1
gene 1 24 32 0.388575 0 119 0.388575 1
gene 1 24 33 -0.541497 0 120 -0.541497 1
gene 1 25 29 0.440962 0 121 0.440962 1
gene 1 25 30 -0.391285 0 122 -0.391285 1
gene 1 25 31 0.216894 0 123 0.216894 1
gene 1 25 32 -0.423218 0 124 -0.423218 1
gene 1 25 33 2.96669 0 125 2.96669 1
gene 1 26 29 0.392839 0 126 0.392839 1
gene 1 26 30 0.971118 0 127 0.971118 1
gene 1 26 31 -0.972445 0 128 -0.972445 1
gene 1 26 32 0.648443 0 129 0.648443 1
gene 1 26 33 0.897903 0 130 0.897903 1
gene 1 27 29 3.52543 0 131 3.52543 1
gene 1 27 30 -0.488322 0 132 -0.488322 1
gene 1 27 31 0.26561 0 133 0.26561 1
gene 1 27 32 0.327931 0 134 0.327931 1
gene 1 27 33 -0.525546 0 135 -0.525546 1
gene 1 28 29 -5 0 136 -5 1
gene 1 28 30 -3.35162 0 137 -3.35162 1
gene 1 28 31 -0.503178 0 138 -0.503178 1
gene 1 28 32 -0.0268231 0 139 -0.0268231 1
gene 1 28 33 0.676703 0 140 0.676703 1
genomeend 5


