/* Organism #1 Fitness: 19961.316000 Time: 0 */
genomestart 1
trait 1 0.954159 1.000000 0.000000 0.469885 0.292499 0.000000 0.000000 1.000000 
node 1 1 1 1
node 2 1 1 1
node 3 1 1 1
node 4 1 1 1
node 5 1 1 1
node 6 1 1 1
node 7 1 1 1
node 8 1 1 1
node 9 1 1 1
node 10 1 1 1
node 11 1 1 1
node 12 1 1 1
node 13 1 1 1
node 14 1 1 1
node 15 1 1 1
node 16 1 1 1
node 17 1 1 1
node 18 1 1 1
node 19 1 1 1
node 20 1 1 1
node 21 1 1 1
node 22 1 1 1
node 23 1 1 1
node 24 1 1 1
node 25 1 1 1
node 26 1 1 1
node 27 1 1 1
node 28 1 1 3
node 29 1 0 2
node 30 1 0 2
node 31 1 0 2
node 32 1 0 2
node 33 1 0 2
gene 1 1 29 4.41301 0 1 4.41301 1
gene 1 1 30 -2.85762 0 2 -2.85762 1
gene 1 1 31 -0.48723 0 3 -0.48723 1
gene 1 1 32 -0.0758224 0 4 -0.0758224 1
gene 1 1 33 0.591008 0 5 0.591008 1
gene 1 2 29 -1.73831 0 6 -1.73831 1
gene 1 2 30 -4.76846 0 7 -4.76846 1
gene 1 2 31 -2.20069 0 8 -2.20069 1
gene 1 2 32 -1.41959 0 9 -1.41959 1
gene 1 2 33 -1.10293 0 10 -1.10293 1
gene 1 3 29 0.795849 0 11 0.795849 1
gene 1 3 30 -1.96361 0 12 -1.96361 1
gene 1 3 31 -1.9258 0 13 -1.9258 1
gene 1 3 32 -2.89979 0 14 -2.89979 1
gene 1 3 33 1.19608 0 15 1.19608 1
gene 1 4 29 -4.27031 0 16 -4.27031 1
gene 1 4 30 1.52168 0 17 1.52168 1
gene 1 4 31 -2.6855 0 18 -2.6855 1
gene 1 4 32 -4.01002 0 19 -4.01002 1
gene 1 4 33 -1.84639 0 20 -1.84639 1
gene 1 5 29 -3.43514 0 21 -3.43514 1
gene 1 5 30 0.990805 0 22 0.990805 1
gene 1 5 31 -2.86829 0 23 -2.86829 1
gene 1 5 32 -0.791478 0 24 -0.791478 1
gene 1 5 33 -1.40281 0 25 -1.40281 1
gene 1 6 29 -3.03642 0 26 -3.03642 1
gene 1 6 30 -4.03735 0 27 -4.03735 1
gene 1 6 31 -0.901539 0 28 -0.901539 1
gene 1 6 32 -2.75154 0 29 -2.75154 1
gene 1 6 33 -0.678298 0 30 -0.678298 1
gene 1 7 29 -3.71188 0 31 -3.71188 1
gene 1 7 30 1.02875 0 32 1.02875 1
gene 1 7 31 -1.98554 0 33 -1.98554 1
gene 1 7 32 -0.0924557 0 34 -0.0924557 1
gene 1 7 33 -3.31661 0 35 -3.31661 1
gene 1 8 29 3.65126 0 36 3.65126 1
gene 1 8 30 2.1203 0 37 2.1203 1
gene 1 8 31 -0.206602 0 38 -0.206602 1
gene 1 8 32 -3.97658 0 39 -3.97658 1
gene 1 8 33 0.688027 0 40 0.688027 1
gene 1 9 29 -0.471824 0 41 -0.471824 1
gene 1 9 30 1.35219 0 42 1.35219 1
gene 1 9 31 -2.3103 0 43 -2.3103 1
gene 1 9 32 3.3993 0 44 3.3993 1
gene 1 9 33 1.32483 0 45 1.32483 1
gene 1 10 29 0.315761 0 46 0.315761 1
gene 1 10 30 -1.55785 0 47 -1.55785 1
gene 1 10 31 -2.80824 0 48 -2.80824 1
gene 1 10 32 -2.27194 0 49 -2.27194 1
gene 1 10 33 3.12476 0 50 3.12476 1
gene 1 11 29 -3.14067 0 51 -3.14067 1
gene 1 11 30 0.353191 0 52 0.353191 1
gene 1 11 31 0.47967 0 53 0.47967 1
gene 1 11 32 0.232763 0 54 0.232763 1
gene 1 11 33 3.46375 0 55 3.46375 1
gene 1 12 29 4.20456 0 56 4.20456 1
gene 1 12 30 0.53803 0 57 0.53803 1
gene 1 12 31 -0.789266 0 58 -0.789266 1
gene 1 12 32 -2.04867 0 59 -2.04867 1
gene 1 12 33 -4.16707 0 60 -4.16707 1
gene 1 13 29 -3.43742 0 61 -3.43742 1
gene 1 13 30 -2.80306 0 62 -2.80306 1
gene 1 13 31 -3.80684 0 63 -3.80684 1
gene 1 13 32 -2.02893 0 64 -2.02893 1
gene 1 13 33 -1.28066 0 65 -1.28066 1
gene 1 14 29 -0.324963 0 66 -0.324963 1
gene 1 14 30 -4.00053 0 67 -4.00053 1
gene 1 14 31 -5 0 68 -5 1
gene 1 14 32 -5 0 69 -5 1
gene 1 14 33 -1.15423 0 70 -1.15423 1
gene 1 15 29 3.52925 0 71 3.52925 1
gene 1 15 30 -1.80786 0 72 -1.80786 1
gene 1 15 31 -0.684966 0 73 -0.684966 1
gene 1 15 32 4.07266 0 74 4.07266 1
gene 1 15 33 -0.579807 0 75 -0.579807 1
gene 1 16 29 -0.375053 0 76 -0.375053 1
gene 1 16 30 -1.70539 0 77 -1.70539 1
gene 1 16 31 3.66524 0 78 3.66524 1
gene 1 16 32 4.79435 0 79 4.79435 1
gene 1 16 33 -5 0 80 -5 1
gene 1 17 29 2.22898 0 81 2.22898 1
gene 1 17 30 -3.10858 0 82 -3.10858 1
gene 1 17 31 -2.46852 0 83 -2.46852 1
gene 1 17 32 -2.36844 0 84 -2.36844 1
gene 1 17 33 -3.58746 0 85 -3.58746 1
gene 1 18 29 0.460977 0 86 0.460977 1
gene 1 18 30 -0.641635 0 87 -0.641635 1
gene 1 18 31 3.89689 0 88 3.89689 1
gene 1 18 32 -2.65991 0 89 -2.65991 1
gene 1 18 33 -2.21299 0 90 -2.21299 1
gene 1 19 29 -5 0 91 -5 1
gene 1 19 30 -2.04872 0 92 -2.04872 1
gene 1 19 31 -2.24386 0 93 -2.24386 1
gene 1 19 32 -1.043 0 94 -1.043 1
gene 1 19 33 -1.09638 0 95 -1.09638 1
gene 1 20 29 -1.53612 0 96 -1.53612 1
gene 1 20 30 4.64677 0 97 4.64677 1
gene 1 20 31 3.35378 0 98 3.35378 1
gene 1 20 32 0.0378787 0 99 0.0378787 1
gene 1 20 33 0.831399 0 100 0.831399 1
gene 1 21 29 -0.48554 0 101 -0.48554 1
gene 1 21 30 2.53481 0 102 2.53481 1
gene 1 21 31 3.76827 0 103 3.76827 1
gene 1 21 32 -2.62942 0 104 -2.62942 1
gene 1 21 33 2.7798 0 105 2.7798 1
gene 1 22 29 -1.72565 0 106 -1.72565 1
gene 1 22 30 -4.66852 0 107 -4.66852 1
gene 1 22 31 1.43038 0 108 1.43038 1
gene 1 22 32 1.696 0 109 1.696 1
gene 1 22 33 1.31395 0 110 1.31395 1
gene 1 23 29 1.28864 0 111 1.28864 1
gene 1 23 30 0.186698 0 112 0.186698 1
gene 1 23 31 -5 0 113 -5 1
gene 1 23 32 0.492995 0 114 0.492995 1
gene 1 23 33 -0.479516 0 115 -0.479516 1
gene 1 24 29 0.938013 0 116 0.938013 1
gene 1 24 30 -0.478676 0 117 -0.478676 1
gene 1 24 31 0.833143 0 118 0.833143 1
gene 1 24 32 -0.152112 0 119 -0.152112 1
gene 1 24 33 -1.17345 0 120 -1.17345 1
gene 1 25 29 -1.33946 0 121 -1.33946 1
gene 1 25 30 1.99654 0 122 1.99654 1
gene 1 25 31 -0.558514 0 123 -0.558514 1
gene 1 25 32 2.32944 0 124 2.32944 1
gene 1 25 33 1.17836 0 125 1.17836 1
gene 1 26 29 -0.641596 0 126 -0.641596 1
gene 1 26 30 0.969932 0 127 0.969932 1
gene 1 26 31 0.613055 0 128 0.613055 1
gene 1 26 32 -0.919194 0 129 -0.919194 1
gene 1 26 33 -0.612919 0 130 -0.612919 1
gene 1 27 29 -0.41047 0 131 -0.41047 1
gene 1 27 30 -0.806841 0 132 -0.806841 1
gene 1 27 31 0.38495 0 133 0.38495 1
gene 1 27 32 0.66262 0 134 0.66262 1
gene 1 27 33 -0.924707 0 135 -0.924707 1
gene 1 28 29 -0.578737 0 136 -0.578737 1
gene 1 28 30 -3.66346 0 137 -3.66346 1
gene 1 28 31 0.663144 0 138 0.663144 1
gene 1 28 32 0.430615 0 139 0.430615 1
gene 1 28 33 -0.606719 0 140 -0.606719 1
genomeend 1


