/* Organism #3 Fitness: 20241.962000 Time: 0 */
genomestart 3
trait 1 1.000000 1.000000 0.680052 0.746450 0.616287 0.973857 0.211810 0.000000 
node 1 1 1 1
node 2 1 1 1
node 3 1 1 1
node 4 1 1 1
node 5 1 1 1
node 6 1 1 1
node 7 1 1 1
node 8 1 1 1
node 9 1 1 1
node 10 1 1 1
node 11 1 1 1
node 12 1 1 1
node 13 1 1 1
node 14 1 1 1
node 15 1 1 1
node 16 1 1 1
node 17 1 1 1
node 18 1 1 1
node 19 1 1 1
node 20 1 1 1
node 21 1 1 1
node 22 1 1 1
node 23 1 1 1
node 24 1 1 1
node 25 1 1 1
node 26 1 1 1
node 27 1 1 1
node 28 1 1 3
node 29 1 0 2
node 30 1 0 2
node 31 1 0 2
node 32 1 0 2
node 33 1 0 2
gene 1 1 29 2.50061 0 1 2.50061 1
gene 1 1 30 0.20976 0 2 0.20976 1
gene 1 1 31 -4.05002 0 3 -4.05002 1
gene 1 1 32 -1.64988 0 4 -1.64988 1
gene 1 1 33 -0.119803 0 5 -0.119803 1
gene 1 2 29 -0.00444897 0 6 -0.00444897 1
gene 1 2 30 -0.374447 0 7 -0.374447 1
gene 1 2 31 -0.647719 0 8 -0.647719 1
gene 1 2 32 -5 0 9 -5 1
gene 1 2 33 -1.52208 0 10 -1.52208 1
gene 1 3 29 0.370681 0 11 0.370681 1
gene 1 3 30 2.34133 0 12 2.34133 1
gene 1 3 31 -1.31378 0 13 -1.31378 1
gene 1 3 32 -5 0 14 -5 1
gene 1 3 33 -4.29473 0 15 -4.29473 1
gene 1 4 29 0.222556 0 16 0.222556 1
gene 1 4 30 2.84502 0 17 2.84502 1
gene 1 4 31 -0.308742 0 18 -0.308742 1
gene 1 4 32 -3.43005 0 19 -3.43005 1
gene 1 4 33 1.73384 0 20 1.73384 1
gene 1 5 29 0.134525 0 21 0.134525 1
gene 1 5 30 -1.20795 0 22 -1.20795 1
gene 1 5 31 -1.13332 0 23 -1.13332 1
gene 1 5 32 0.910864 0 24 0.910864 1
gene 1 5 33 0.743922 0 25 0.743922 1
gene 1 6 29 -0.0511533 0 26 -0.0511533 1
gene 1 6 30 2.89775 0 27 2.89775 1
gene 1 6 31 -1.73448 0 28 -1.73448 1
gene 1 6 32 1.04797 0 29 1.04797 1
gene 1 6 33 2.93371 0 30 2.93371 1
gene 1 7 29 1.54978 0 31 1.54978 1
gene 1 7 30 -0.774141 0 32 -0.774141 1
gene 1 7 31 -0.98648 0 33 -0.98648 1
gene 1 7 32 -3.14617 0 34 -3.14617 1
gene 1 7 33 -0.692592 0 35 -0.692592 1
gene 1 8 29 2.71751 0 36 2.71751 1
gene 1 8 30 -1.29659 0 37 -1.29659 1
gene 1 8 31 0.447205 0 38 0.447205 1
gene 1 8 32 -2.81351 0 39 -2.81351 1
gene 1 8 33 1.18027 0 40 1.18027 1
gene 1 9 29 1.84439 0 41 1.84439 1
gene 1 9 30 -0.115382 0 42 -0.115382 1
gene 1 9 31 -0.436243 0 43 -0.436243 1
gene 1 9 32 -1.61733 0 44 -1.61733 1
gene 1 9 33 2.84162 0 45 2.84162 1
gene 1 10 29 1.56506 0 46 1.56506 1
gene 1 10 30 3.29441 0 47 3.29441 1
gene 1 10 31 -2.62166 0 48 -2.62166 1
gene 1 10 32 -0.884067 0 49 -0.884067 1
gene 1 10 33 4.41408 0 50 4.41408 1
gene 1 11 29 0.475564 0 51 0.475564 1
gene 1 11 30 -1.29821 0 52 -1.29821 1
gene 1 11 31 0.826981 0 53 0.826981 1
gene 1 11 32 3.40787 0 54 3.40787 1
gene 1 11 33 -5 0 55 -5 1
gene 1 12 29 2.9751 0 56 2.9751 1
gene 1 12 30 0.155886 0 57 0.155886 1
gene 1 12 31 -2.61405 0 58 -2.61405 1
gene 1 12 32 3.06825 0 59 3.06825 1
gene 1 12 33 -0.842423 0 60 -0.842423 1
gene 1 13 29 4.22691 0 61 4.22691 1
gene 1 13 30 -2.3918 0 62 -2.3918 1
gene 1 13 31 -2.06604 0 63 -2.06604 1
gene 1 13 32 0.361101 0 64 0.361101 1
gene 1 13 33 0.686155 0 65 0.686155 1
gene 1 14 29 -0.472898 0 66 -0.472898 1
gene 1 14 30 -2.07681 0 67 -2.07681 1
gene 1 14 31 2.33842 0 68 2.33842 1
gene 1 14 32 0.541128 0 69 0.541128 1
gene 1 14 33 0.529138 0 70 0.529138 1
gene 1 15 29 -3.36673 0 71 -3.36673 1
gene 1 15 30 1.26065 0 72 1.26065 1
gene 1 15 31 -1.28469 0 73 -1.28469 1
gene 1 15 32 1.47262 0 74 1.47262 1
gene 1 15 33 -3.43638 0 75 -3.43638 1
gene 1 16 29 -3.72791 0 76 -3.72791 1
gene 1 16 30 -1.88145 0 77 -1.88145 1
gene 1 16 31 -0.770123 0 78 -0.770123 1
gene 1 16 32 -0.648766 0 79 -0.648766 1
gene 1 16 33 0.867961 0 80 0.867961 1
gene 1 17 29 -1.05327 0 81 -1.05327 1
gene 1 17 30 5 0 82 5 1
gene 1 17 31 0.327171 0 83 0.327171 1
gene 1 17 32 1.27628 0 84 1.27628 1
gene 1 17 33 -0.592104 0 85 -0.592104 1
gene 1 18 29 0.509689 0 86 0.509689 1
gene 1 18 30 2.95855 0 87 2.95855 1
gene 1 18 31 2.6915 0 88 2.6915 1
gene 1 18 32 -0.153147 0 89 -0.153147 1
gene 1 18 33 2.62096 0 90 2.62096 1
gene 1 19 29 2.78293 0 91 2.78293 1
gene 1 19 30 -1.67158 0 92 -1.67158 1
gene 1 19 31 2.07422 0 93 2.07422 1
gene 1 19 32 1.93498 0 94 1.93498 1
gene 1 19 33 4.74727 0 95 4.74727 1
gene 1 20 29 2.91781 0 96 2.91781 1
gene 1 20 30 -4.01236 0 97 -4.01236 1
gene 1 20 31 0.163531 0 98 0.163531 1
gene 1 20 32 -0.0248359 0 99 -0.0248359 1
gene 1 20 33 1.17117 0 100 1.17117 1
gene 1 21 29 1.08942 0 101 1.08942 1
gene 1 21 30 2.70255 0 102 2.70255 1
gene 1 21 31 0.711961 0 103 0.711961 1
gene 1 21 32 -0.751485 0 104 -0.751485 1
gene 1 21 33 0.259179 0 105 0.259179 1
gene 1 22 29 -0.226137 0 106 -0.226137 1
gene 1 22 30 -4.22965 0 107 -4.22965 1
gene 1 22 31 1.64873 0 108 1.64873 1
gene 1 22 32 -1.16565 0 109 -1.16565 1
gene 1 22 33 -3.82102 0 110 -3.82102 1
gene 1 23 29 -2.7332 0 111 -2.7332 1
gene 1 23 30 2.22079 0 112 2.22079 1
gene 1 23 31 3.63009 0 113 3.63009 1
gene 1 23 32 0.119272 0 114 0.119272 1
gene 1 23 33 0.671286 0 115 0.671286 1
gene 1 24 29 -0.824464 0 116 -0.824464 1
gene 1 24 30 1.24537 0 117 1.24537 1
gene 1 24 31 -0.946658 0 118 -0.946658 1
gene 1 24 32 0.315043 0 119 0.315043 1
gene 1 24 33 -0.771887 0 120 -0.771887 1
gene 1 25 29 1.1922 0 121 1.1922 1
gene 1 25 30 1.37641 0 122 1.37641 1
gene 1 25 31 -0.619245 0 123 -0.619245 1
gene 1 25 32 -1.13335 0 124 -1.13335 1
gene 1 25 33 0.485559 0 125 0.485559 1
gene 1 26 29 1.24612 0 126 1.24612 1
gene 1 26 30 -3.40558 0 127 -3.40558 1
gene 1 26 31 -3.08208 0 128 -3.08208 1
gene 1 26 32 0.65968 0 129 0.65968 1
gene 1 26 33 -1.94612 0 130 -1.94612 1
gene 1 27 29 0.712214 0 131 0.712214 1
gene 1 27 30 -0.511781 0 132 -0.511781 1
gene 1 27 31 -0.459491 0 133 -0.459491 1
gene 1 27 32 0.606142 0 134 0.606142 1
gene 1 27 33 -0.16784 0 135 -0.16784 1
gene 1 28 29 3.76102 0 136 3.76102 1
gene 1 28 30 5 0 137 5 1
gene 1 28 31 -1.13338 0 138 -1.13338 1
gene 1 28 32 -0.621806 0 139 -0.621806 1
gene 1 28 33 -0.597084 0 140 -0.597084 1
genomeend 3


