/* Organism #9 Fitness: 20594.440000 Time: 0 */
genomestart 9
trait 1 0.100000 0.000000 0.000000 0.000000 0.000000 0.000000 0.000000 0.000000 
node 1 1 1 1
node 2 1 1 1
node 3 1 1 1
node 4 1 1 1
node 5 1 1 1
node 6 1 1 1
node 7 1 1 1
node 8 1 1 1
node 9 1 1 1
node 10 1 1 1
node 11 1 1 1
node 12 1 1 1
node 13 1 1 1
node 14 1 1 1
node 15 1 1 1
node 16 1 1 1
node 17 1 1 1
node 18 1 1 1
node 19 1 1 1
node 20 1 1 1
node 21 1 1 1
node 22 1 1 1
node 23 1 1 1
node 24 1 1 1
node 25 1 1 1
node 26 1 1 1
node 27 1 1 1
node 28 1 1 3
node 29 1 0 2
node 30 1 0 2
node 31 1 0 2
node 32 1 0 2
node 33 1 0 2
gene 1 1 29 2.08314 0 1 2.08314 1
gene 1 1 30 0.822509 0 2 0.822509 1
gene 1 1 31 0.51795 0 3 0.51795 1
gene 1 1 32 -3.74989 0 4 -3.74989 1
gene 1 1 33 -3.47624 0 5 -3.47624 1
gene 1 2 29 1.15245 0 6 1.15245 1
gene 1 2 30 -5 0 7 -5 1
gene 1 2 31 -0.877832 0 8 -0.877832 1
gene 1 2 32 0.175601 0 9 0.175601 1
gene 1 2 33 1.7109 0 10 1.7109 1
gene 1 3 29 -1.50106 0 11 -1.50106 1
gene 1 3 30 -1.32881 0 12 -1.32881 1
gene 1 3 31 0.708228 0 13 0.708228 1
gene 1 3 32 -0.513352 0 14 -0.513352 1
gene 1 3 33 -2.26771 0 15 -2.26771 1
gene 1 4 29 -2.41154 0 16 -2.41154 1
gene 1 4 30 -0.505288 0 17 -0.505288 1
gene 1 4 31 -0.612695 0 18 -0.612695 1
gene 1 4 32 0.909552 0 19 0.909552 1
gene 1 4 33 -0.461249 0 20 -0.461249 1
gene 1 5 29 -2.50491 0 21 -2.50491 1
gene 1 5 30 2.05808 0 22 2.05808 1
gene 1 5 31 -0.441384 0 23 -0.441384 1
gene 1 5 32 -2.11223 0 24 -2.11223 1
gene 1 5 33 -1.30461 0 25 -1.30461 1
gene 1 6 29 -2.77194 0 26 -2.77194 1
gene 1 6 30 1.09464 0 27 1.09464 1
gene 1 6 31 -0.230654 0 28 -0.230654 1
gene 1 6 32 -0.134745 0 29 -0.134745 1
gene 1 6 33 -1.74868 0 30 -1.74868 1
gene 1 7 29 -2.85605 0 31 -2.85605 1
gene 1 7 30 -3.68031 0 32 -3.68031 1
gene 1 7 31 1.28781 0 33 1.28781 1
gene 1 7 32 0.327489 0 34 0.327489 1
gene 1 7 33 -2.7234 0 35 -2.7234 1
gene 1 8 29 1.26678 0 36 1.26678 1
gene 1 8 30 -1.54719 0 37 -1.54719 1
gene 1 8 31 0.51342 0 38 0.51342 1
gene 1 8 32 -0.323703 0 39 -0.323703 1
gene 1 8 33 -5 0 40 -5 1
gene 1 9 29 1.62999 0 41 1.62999 1
gene 1 9 30 -0.305881 0 42 -0.305881 1
gene 1 9 31 -0.392015 0 43 -0.392015 1
gene 1 9 32 0.0599121 0 44 0.0599121 1
gene 1 9 33 -3.66459 0 45 -3.66459 1
gene 1 10 29 2.95854 0 46 2.95854 1
gene 1 10 30 0.91474 0 47 0.91474 1
gene 1 10 31 1.64945 0 48 1.64945 1
gene 1 10 32 -1.80533 0 49 -1.80533 1
gene 1 10 33 -0.146692 0 50 -0.146692 1
gene 1 11 29 -3.1551 0 51 -3.1551 1
gene 1 11 30 2.53409 0 52 2.53409 1
gene 1 11 31 -1.64329 0 53 -1.64329 1
gene 1 11 32 -0.800067 0 54 -0.800067 1
gene 1 11 33 -1.43967 0 55 -1.43967 1
gene 1 12 29 -0.567364 0 56 -0.567364 1
gene 1 12 30 0.398409 0 57 0.398409 1
gene 1 12 31 0.542805 0 58 0.542805 1
gene 1 12 32 0.172748 0 59 0.172748 1
gene 1 12 33 1.49845 0 60 1.49845 1
gene 1 13 29 2.07578 0 61 2.07578 1
gene 1 13 30 2.74222 0 62 2.74222 1
gene 1 13 31 0.949715 0 63 0.949715 1
gene 1 13 32 -1.34018 0 64 -1.34018 1
gene 1 13 33 -0.710133 0 65 -0.710133 1
gene 1 14 29 -0.264149 0 66 -0.264149 1
gene 1 14 30 0.842605 0 67 0.842605 1
gene 1 14 31 -0.9667 0 68 -0.9667 1
gene 1 14 32 2.12663 0 69 2.12663 1
gene 1 14 33 -1.51133 0 70 -1.51133 1
gene 1 15 29 1.34232 0 71 1.34232 1
gene 1 15 30 4.25287 0 72 4.25287 1
gene 1 15 31 -1.30143 0 73 -1.30143 1
gene 1 15 32 -1.04545 0 74 -1.04545 1
gene 1 15 33 -1.74032 0 75 -1.74032 1
gene 1 16 29 -0.111521 0 76 -0.111521 1
gene 1 16 30 -0.601072 0 77 -0.601072 1
gene 1 16 31 3.15013 0 78 3.15013 1
gene 1 16 32 -1.54398 0 79 -1.54398 1
gene 1 16 33 0.298763 0 80 0.298763 1
gene 1 17 29 -2.40987 0 81 -2.40987 1
gene 1 17 30 -0.761275 0 82 -0.761275 1
gene 1 17 31 0.256116 0 83 0.256116 1
gene 1 17 32 -0.311675 0 84 -0.311675 1
gene 1 17 33 -1.86812 0 85 -1.86812 1
gene 1 18 29 3.10597 0 86 3.10597 1
gene 1 18 30 -2.1018 0 87 -2.1018 1
gene 1 18 31 -2.18924 0 88 -2.18924 1
gene 1 18 32 -0.851315 0 89 -0.851315 1
gene 1 18 33 1.08187 0 90 1.08187 1
gene 1 19 29 -1.87664 0 91 -1.87664 1
gene 1 19 30 -0.623098 0 92 -0.623098 1
gene 1 19 31 2.74878 0 93 2.74878 1
gene 1 19 32 -0.299733 0 94 -0.299733 1
gene 1 19 33 1.92857 0 95 1.92857 1
gene 1 20 29 2.20781 0 96 2.20781 1
gene 1 20 30 0.0879758 0 97 0.0879758 1
gene 1 20 31 -0.332042 0 98 -0.332042 1
gene 1 20 32 0.524838 0 99 0.524838 1
gene 1 20 33 0.0403646 0 100 0.0403646 1
gene 1 21 29 0.380184 0 101 0.380184 1
gene 1 21 30 -2.25841 0 102 -2.25841 1
gene 1 21 31 -2.41142 0 103 -2.41142 1
gene 1 21 32 -1.51586 0 104 -1.51586 1
gene 1 21 33 1.28036 0 105 1.28036 1
gene 1 22 29 -0.002774 0 106 -0.002774 1
gene 1 22 30 -0.149901 0 107 -0.149901 1
gene 1 22 31 2.52397 0 108 2.52397 1
gene 1 22 32 2.54958 0 109 2.54958 1
gene 1 22 33 -0.0198954 0 110 -0.0198954 1
gene 1 23 29 3.88286 0 111 3.88286 1
gene 1 23 30 1.20522 0 112 1.20522 1
gene 1 23 31 0.0736071 0 113 0.0736071 1
gene 1 23 32 -1.00656 0 114 -1.00656 1
gene 1 23 33 0.952577 0 115 0.952577 1
gene 1 24 29 -1.15326 0 116 -1.15326 1
gene 1 24 30 -0.148626 0 117 -0.148626 1
gene 1 24 31 -0.78356 0 118 -0.78356 1
gene 1 24 32 0.15596 0 119 0.15596 1
gene 1 24 33 -0.351472 0 120 -0.351472 1
gene 1 25 29 0.136757 0 121 0.136757 1
gene 1 25 30 -0.905188 0 122 -0.905188 1
gene 1 25 31 0.0459201 0 123 0.0459201 1
gene 1 25 32 -0.729411 0 124 -0.729411 1
gene 1 25 33 0.121906 0 125 0.121906 1
gene 1 26 29 -0.936372 0 126 -0.936372 1
gene 1 26 30 0.61596 0 127 0.61596 1
gene 1 26 31 -0.830366 0 128 -0.830366 1
gene 1 26 32 -0.395359 0 129 -0.395359 1
gene 1 26 33 -0.00667302 0 130 -0.00667302 1
gene 1 27 29 -0.486991 0 131 -0.486991 1
gene 1 27 30 3.83459 0 132 3.83459 1
gene 1 27 31 -0.616219 0 133 -0.616219 1
gene 1 27 32 0.261004 0 134 0.261004 1
gene 1 27 33 1.66392 0 135 1.66392 1
gene 1 28 29 -1.82928 0 136 -1.82928 1
gene 1 28 30 -2.4285 0 137 -2.4285 1
gene 1 28 31 0.933335 0 138 0.933335 1
gene 1 28 32 0.787482 0 139 0.787482 1
gene 1 28 33 -1.00679 0 140 -1.00679 1
genomeend 9


