/* Organism #3 Fitness: 20312.264000 Time: 0 */
genomestart 3
trait 1 0.000000 0.871959 0.000000 0.593536 0.969755 0.607417 0.839993 0.488445 
node 1 1 1 1
node 2 1 1 1
node 3 1 1 1
node 4 1 1 1
node 5 1 1 1
node 6 1 1 1
node 7 1 1 1
node 8 1 1 1
node 9 1 1 1
node 10 1 1 1
node 11 1 1 1
node 12 1 1 1
node 13 1 1 1
node 14 1 1 1
node 15 1 1 1
node 16 1 1 1
node 17 1 1 1
node 18 1 1 1
node 19 1 1 1
node 20 1 1 1
node 21 1 1 1
node 22 1 1 1
node 23 1 1 1
node 24 1 1 1
node 25 1 1 1
node 26 1 1 1
node 27 1 1 1
node 28 1 1 3
node 29 1 0 2
node 30 1 0 2
node 31 1 0 2
node 32 1 0 2
node 33 1 0 2
gene 1 1 29 2.78128 0 1 2.78128 1
gene 1 1 30 -0.0588047 0 2 -0.0588047 1
gene 1 1 31 -1.54441 0 3 -1.54441 1
gene 1 1 32 0.263496 0 4 0.263496 1
gene 1 1 33 -2.4422 0 5 -2.4422 1
gene 1 2 29 -0.206175 0 6 -0.206175 1
gene 1 2 30 0.164659 0 7 0.164659 1
gene 1 2 31 3.46975 0 8 3.46975 1
gene 1 2 32 0.263187 0 9 0.263187 1
gene 1 2 33 0.116374 0 10 0.116374 1
gene 1 3 29 -1.25268 0 11 -1.25268 1
gene 1 3 30 4.18422 0 12 4.18422 1
gene 1 3 31 1.15371 0 13 1.15371 1
gene 1 3 32 -5 0 14 -5 1
gene 1 3 33 -0.127961 0 15 -0.127961 1
gene 1 4 29 0.899188 0 16 0.899188 1
gene 1 4 30 -1.36224 0 17 -1.36224 1
gene 1 4 31 -0.208539 0 18 -0.208539 1
gene 1 4 32 -1.46178 0 19 -1.46178 1
gene 1 4 33 1.57925 0 20 1.57925 1
gene 1 5 29 3.31223 0 21 3.31223 1
gene 1 5 30 1.2012 0 22 1.2012 1
gene 1 5 31 -0.113917 0 23 -0.113917 1
gene 1 5 32 -0.504982 0 24 -0.504982 1
gene 1 5 33 -0.688487 0 25 -0.688487 1
gene 1 6 29 -0.0924397 0 26 -0.0924397 1
gene 1 6 30 3.51735 0 27 3.51735 1
gene 1 6 31 -0.785761 0 28 -0.785761 1
gene 1 6 32 -2.81117 0 29 -2.81117 1
gene 1 6 33 1.7179 0 30 1.7179 1
gene 1 7 29 2.11857 0 31 2.11857 1
gene 1 7 30 0.813221 0 32 0.813221 1
gene 1 7 31 0.27157 0 33 0.27157 1
gene 1 7 32 -4.61278 0 34 -4.61278 1
gene 1 7 33 -0.488847 0 35 -0.488847 1
gene 1 8 29 -0.664426 0 36 -0.664426 1
gene 1 8 30 -0.267017 0 37 -0.267017 1
gene 1 8 31 -0.758611 0 38 -0.758611 1
gene 1 8 32 -1.32711 0 39 -1.32711 1
gene 1 8 33 -1.63119 0 40 -1.63119 1
gene 1 9 29 2.11901 0 41 2.11901 1
gene 1 9 30 -0.526235 0 42 -0.526235 1
gene 1 9 31 0.0408716 0 43 0.0408716 1
gene 1 9 32 -3.06515 0 44 -3.06515 1
gene 1 9 33 -2.89813 0 45 -2.89813 1
gene 1 10 29 -4.71648 0 46 -4.71648 1
gene 1 10 30 -2.08871 0 47 -2.08871 1
gene 1 10 31 2.79193 0 48 2.79193 1
gene 1 10 32 -0.949973 0 49 -0.949973 1
gene 1 10 33 0.0526813 0 50 0.0526813 1
gene 1 11 29 5 0 51 5 1
gene 1 11 30 -3.2206 0 52 -3.2206 1
gene 1 11 31 1.05841 0 53 1.05841 1
gene 1 11 32 0.297793 0 54 0.297793 1
gene 1 11 33 -2.74272 0 55 -2.74272 1
gene 1 12 29 -0.198813 0 56 -0.198813 1
gene 1 12 30 3.80584 0 57 3.80584 1
gene 1 12 31 4.06282 0 58 4.06282 1
gene 1 12 32 -0.801424 0 59 -0.801424 1
gene 1 12 33 0.743379 0 60 0.743379 1
gene 1 13 29 0.76512 0 61 0.76512 1
gene 1 13 30 2.50547 0 62 2.50547 1
gene 1 13 31 -3.80289 0 63 -3.80289 1
gene 1 13 32 0.8231 0 64 0.8231 1
gene 1 13 33 0.546754 0 65 0.546754 1
gene 1 14 29 0.00298762 0 66 0.00298762 1
gene 1 14 30 -1.17608 0 67 -1.17608 1
gene 1 14 31 -0.809578 0 68 -0.809578 1
gene 1 14 32 -0.623682 0 69 -0.623682 1
gene 1 14 33 0.879394 0 70 0.879394 1
gene 1 15 29 -4.40361 0 71 -4.40361 1
gene 1 15 30 0.893503 0 72 0.893503 1
gene 1 15 31 0.929504 0 73 0.929504 1
gene 1 15 32 0.831888 0 74 0.831888 1
gene 1 15 33 -0.444404 0 75 -0.444404 1
gene 1 16 29 0.937997 0 76 0.937997 1
gene 1 16 30 0.930983 0 77 0.930983 1
gene 1 16 31 -1.72578 0 78 -1.72578 1
gene 1 16 32 0.496884 0 79 0.496884 1
gene 1 16 33 2.73016 0 80 2.73016 1
gene 1 17 29 0.832205 0 81 0.832205 1
gene 1 17 30 0.511881 0 82 0.511881 1
gene 1 17 31 0.791483 0 83 0.791483 1
gene 1 17 32 -5 0 84 -5 1
gene 1 17 33 0.0194164 0 85 0.0194164 1
gene 1 18 29 -0.196617 0 86 -0.196617 1
gene 1 18 30 1.88943 0 87 1.88943 1
gene 1 18 31 -1.63944 0 88 -1.63944 1
gene 1 18 32 0.93668 0 89 0.93668 1
gene 1 18 33 0.970199 0 90 0.970199 1
gene 1 19 29 0.835789 0 91 0.835789 1
gene 1 19 30 3.31469 0 92 3.31469 1
gene 1 19 31 0.804054 0 93 0.804054 1
gene 1 19 32 0.896191 0 94 0.896191 1
gene 1 19 33 -0.707384 0 95 -0.707384 1
gene 1 20 29 -2.90526 0 96 -2.90526 1
gene 1 20 30 -1.37041 0 97 -1.37041 1
gene 1 20 31 3.54667 0 98 3.54667 1
gene 1 20 32 3.42628 0 99 3.42628 1
gene 1 20 33 -3.59475 0 100 -3.59475 1
gene 1 21 29 0.266263 0 101 0.266263 1
gene 1 21 30 4.35597 0 102 4.35597 1
gene 1 21 31 2.41599 0 103 2.41599 1
gene 1 21 32 -0.518944 0 104 -0.518944 1
gene 1 21 33 -2.17716 0 105 -2.17716 1
gene 1 22 29 0.289534 0 106 0.289534 1
gene 1 22 30 0.183933 0 107 0.183933 1
gene 1 22 31 1.29369 0 108 1.29369 1
gene 1 22 32 -0.1083 0 109 -0.1083 1
gene 1 22 33 0.907607 0 110 0.907607 1
gene 1 23 29 -0.769035 0 111 -0.769035 1
gene 1 23 30 -0.635829 0 112 -0.635829 1
gene 1 23 31 2.01889 0 113 2.01889 1
gene 1 23 32 -0.62659 0 114 -0.62659 1
gene 1 23 33 0.202952 0 115 0.202952 1
gene 1 24 29 0.464144 0 116 0.464144 1
gene 1 24 30 -1.16841 0 117 -1.16841 1
gene 1 24 31 -0.759255 0 118 -0.759255 1
gene 1 24 32 0.47545 0 119 0.47545 1
gene 1 24 33 -0.55737 0 120 -0.55737 1
gene 1 25 29 1.67237 0 121 1.67237 1
gene 1 25 30 0.112444 0 122 0.112444 1
gene 1 25 31 0.182388 0 123 0.182388 1
gene 1 25 32 -1.22805 0 124 -1.22805 1
gene 1 25 33 -1.50719 0 125 -1.50719 1
gene 1 26 29 1.0081 0 126 1.0081 1
gene 1 26 30 -2.37803 0 127 -2.37803 1
gene 1 26 31 1.57526 0 128 1.57526 1
gene 1 26 32 1.55266 0 129 1.55266 1
gene 1 26 33 0.290689 0 130 0.290689 1
gene 1 27 29 0.0603638 0 131 0.0603638 1
gene 1 27 30 -0.610787 0 132 -0.610787 1
gene 1 27 31 2.25344 0 133 2.25344 1
gene 1 27 32 0.918434 0 134 0.918434 1
gene 1 27 33 -0.748743 0 135 -0.748743 1
gene 1 28 29 2.25945 0 136 2.25945 1
gene 1 28 30 1.48156 0 137 1.48156 1
gene 1 28 31 0.693016 0 138 0.693016 1
gene 1 28 32 -0.462223 0 139 -0.462223 1
gene 1 28 33 1.96474 0 140 1.96474 1
genomeend 3


