/* Organism #1 Fitness: 19980.746000 Time: 0 */
genomestart 1
trait 1 0.000000 0.000000 0.299608 0.000000 0.889143 0.000000 0.000000 0.000000 
node 1 1 1 1
node 2 1 1 1
node 3 1 1 1
node 4 1 1 1
node 5 1 1 1
node 6 1 1 1
node 7 1 1 1
node 8 1 1 1
node 9 1 1 1
node 10 1 1 1
node 11 1 1 1
node 12 1 1 1
node 13 1 1 1
node 14 1 1 1
node 15 1 1 1
node 16 1 1 1
node 17 1 1 1
node 18 1 1 1
node 19 1 1 1
node 20 1 1 1
node 21 1 1 1
node 22 1 1 1
node 23 1 1 1
node 24 1 1 1
node 25 1 1 1
node 26 1 1 1
node 27 1 1 1
node 28 1 1 3
node 29 1 0 2
node 30 1 0 2
node 31 1 0 2
node 32 1 0 2
node 33 1 0 2
gene 1 1 29 -3.03243 0 1 -3.03243 1
gene 1 1 30 4.10754 0 2 4.10754 1
gene 1 1 31 -2.32263 0 3 -2.32263 1
gene 1 1 32 0.426274 0 4 0.426274 1
gene 1 1 33 -0.951642 0 5 -0.951642 1
gene 1 2 29 3.48555 0 6 3.48555 1
gene 1 2 30 -2.85994 0 7 -2.85994 1
gene 1 2 31 1.94687 0 8 1.94687 1
gene 1 2 32 -0.10455 0 9 -0.10455 1
gene 1 2 33 -3.07311 0 10 -3.07311 1
gene 1 3 29 -0.0790629 0 11 -0.0790629 1
gene 1 3 30 0.26783 0 12 0.26783 1
gene 1 3 31 2.48155 0 13 2.48155 1
gene 1 3 32 -2.53367 0 14 -2.53367 1
gene 1 3 33 -1.65403 0 15 -1.65403 1
gene 1 4 29 2.64374 0 16 2.64374 1
gene 1 4 30 -0.0160881 0 17 -0.0160881 1
gene 1 4 31 3.51971 0 18 3.51971 1
gene 1 4 32 1.1681 0 19 1.1681 1
gene 1 4 33 -4.11262 0 20 -4.11262 1
gene 1 5 29 1.03804 0 21 1.03804 1
gene 1 5 30 -0.639183 0 22 -0.639183 1
gene 1 5 31 2.43228 0 23 2.43228 1
gene 1 5 32 -0.0999861 0 24 -0.0999861 1
gene 1 5 33 -0.893067 0 25 -0.893067 1
gene 1 6 29 4.33452 0 26 4.33452 1
gene 1 6 30 -3.3848 0 27 -3.3848 1
gene 1 6 31 0.678629 0 28 0.678629 1
gene 1 6 32 1.28496 0 29 1.28496 1
gene 1 6 33 -0.493447 0 30 -0.493447 1
gene 1 7 29 4.61535 0 31 4.61535 1
gene 1 7 30 -2.09634 0 32 -2.09634 1
gene 1 7 31 2.89566 0 33 2.89566 1
gene 1 7 32 -0.796794 0 34 -0.796794 1
gene 1 7 33 -4.86507 0 35 -4.86507 1
gene 1 8 29 -1.28108 0 36 -1.28108 1
gene 1 8 30 3.45967 0 37 3.45967 1
gene 1 8 31 1.17865 0 38 1.17865 1
gene 1 8 32 0.515296 0 39 0.515296 1
gene 1 8 33 -5 0 40 -5 1
gene 1 9 29 3.42222 0 41 3.42222 1
gene 1 9 30 -0.437622 0 42 -0.437622 1
gene 1 9 31 2.48263 0 43 2.48263 1
gene 1 9 32 -0.282556 0 44 -0.282556 1
gene 1 9 33 -0.600912 0 45 -0.600912 1
gene 1 10 29 -0.762566 0 46 -0.762566 1
gene 1 10 30 0.243524 0 47 0.243524 1
gene 1 10 31 -1.34299 0 48 -1.34299 1
gene 1 10 32 -2.52056 0 49 -2.52056 1
gene 1 10 33 -0.66555 0 50 -0.66555 1
gene 1 11 29 0.927003 0 51 0.927003 1
gene 1 11 30 0.589117 0 52 0.589117 1
gene 1 11 31 -3.35965 0 53 -3.35965 1
gene 1 11 32 1.34194 0 54 1.34194 1
gene 1 11 33 0.00122191 0 55 0.00122191 1
gene 1 12 29 0.895274 0 56 0.895274 1
gene 1 12 30 -2.01408 0 57 -2.01408 1
gene 1 12 31 5 0 58 5 1
gene 1 12 32 1.74072 0 59 1.74072 1
gene 1 12 33 -3.40619 0 60 -3.40619 1
gene 1 13 29 0.274407 0 61 0.274407 1
gene 1 13 30 0.947499 0 62 0.947499 1
gene 1 13 31 0.67164 0 63 0.67164 1
gene 1 13 32 -1.92119 0 64 -1.92119 1
gene 1 13 33 -1.59269 0 65 -1.59269 1
gene 1 14 29 4.84273 0 66 4.84273 1
gene 1 14 30 -0.958263 0 67 -0.958263 1
gene 1 14 31 0.384681 0 68 0.384681 1
gene 1 14 32 -2.28513 0 69 -2.28513 1
gene 1 14 33 -0.868001 0 70 -0.868001 1
gene 1 15 29 0.940042 0 71 0.940042 1
gene 1 15 30 1.81054 0 72 1.81054 1
gene 1 15 31 -2.55582 0 73 -2.55582 1
gene 1 15 32 1.33392 0 74 1.33392 1
gene 1 15 33 -0.718921 0 75 -0.718921 1
gene 1 16 29 -1.24715 0 76 -1.24715 1
gene 1 16 30 0.227532 0 77 0.227532 1
gene 1 16 31 0.0393103 0 78 0.0393103 1
gene 1 16 32 -3.21877 0 79 -3.21877 1
gene 1 16 33 0.908542 0 80 0.908542 1
gene 1 17 29 1.58763 0 81 1.58763 1
gene 1 17 30 -0.901003 0 82 -0.901003 1
gene 1 17 31 0.628518 0 83 0.628518 1
gene 1 17 32 1.85344 0 84 1.85344 1
gene 1 17 33 1.74421 0 85 1.74421 1
gene 1 18 29 1.12931 0 86 1.12931 1
gene 1 18 30 2.84375 0 87 2.84375 1
gene 1 18 31 1.03379 0 88 1.03379 1
gene 1 18 32 -0.91153 0 89 -0.91153 1
gene 1 18 33 0.86174 0 90 0.86174 1
gene 1 19 29 0.244941 0 91 0.244941 1
gene 1 19 30 1.36822 0 92 1.36822 1
gene 1 19 31 2.35281 0 93 2.35281 1
gene 1 19 32 3.25477 0 94 3.25477 1
gene 1 19 33 -1.4446 0 95 -1.4446 1
gene 1 20 29 -1.00309 0 96 -1.00309 1
gene 1 20 30 0.280223 0 97 0.280223 1
gene 1 20 31 -0.11355 0 98 -0.11355 1
gene 1 20 32 0.341235 0 99 0.341235 1
gene 1 20 33 -0.321593 0 100 -0.321593 1
gene 1 21 29 -2.41801 0 101 -2.41801 1
gene 1 21 30 -4.28513 0 102 -4.28513 1
gene 1 21 31 -1.15133 0 103 -1.15133 1
gene 1 21 32 -3.50363 0 104 -3.50363 1
gene 1 21 33 -2.93798 0 105 -2.93798 1
gene 1 22 29 -2.99632 0 106 -2.99632 1
gene 1 22 30 0.0719155 0 107 0.0719155 1
gene 1 22 31 0.472813 0 108 0.472813 1
gene 1 22 32 2.6833 0 109 2.6833 1
gene 1 22 33 0.0790137 0 110 0.0790137 1
gene 1 23 29 -0.347683 0 111 -0.347683 1
gene 1 23 30 0.401512 0 112 0.401512 1
gene 1 23 31 -0.348439 0 113 -0.348439 1
gene 1 23 32 -0.971228 0 114 -0.971228 1
gene 1 23 33 -0.176429 0 115 -0.176429 1
gene 1 24 29 0.670792 0 116 0.670792 1
gene 1 24 30 -1.12638 0 117 -1.12638 1
gene 1 24 31 0.333071 0 118 0.333071 1
gene 1 24 32 2.50523 0 119 2.50523 1
gene 1 24 33 -0.862778 0 120 -0.862778 1
gene 1 25 29 -0.573274 0 121 -0.573274 1
gene 1 25 30 0.18585 0 122 0.18585 1
gene 1 25 31 -0.574491 0 123 -0.574491 1
gene 1 25 32 -0.839174 0 124 -0.839174 1
gene 1 25 33 0.984091 0 125 0.984091 1
gene 1 26 29 -0.845159 0 126 -0.845159 1
gene 1 26 30 0.186847 0 127 0.186847 1
gene 1 26 31 -3.30629 0 128 -3.30629 1
gene 1 26 32 -0.409341 0 129 -0.409341 1
gene 1 26 33 0.885562 0 130 0.885562 1
gene 1 27 29 -3.11196 0 131 -3.11196 1
gene 1 27 30 0.97414 0 132 0.97414 1
gene 1 27 31 -1.32954 0 133 -1.32954 1
gene 1 27 32 -0.832716 0 134 -0.832716 1
gene 1 27 33 -0.200646 0 135 -0.200646 1
gene 1 28 29 3.62188 0 136 3.62188 1
gene 1 28 30 3.45734 0 137 3.45734 1
gene 1 28 31 -0.28361 0 138 -0.28361 1
gene 1 28 32 2.20127 0 139 2.20127 1
gene 1 28 33 -0.782597 0 140 -0.782597 1
genomeend 1


