/* Organism #0 Fitness: 20481.334000 Time: 0 */
genomestart 0
trait 1 0.100000 0.000000 0.996036 0.000000 0.000000 0.842760 0.000000 0.000000 
node 1 1 1 1
node 2 1 1 1
node 3 1 1 1
node 4 1 1 1
node 5 1 1 1
node 6 1 1 1
node 7 1 1 1
node 8 1 1 1
node 9 1 1 1
node 10 1 1 1
node 11 1 1 1
node 12 1 1 1
node 13 1 1 1
node 14 1 1 1
node 15 1 1 1
node 16 1 1 1
node 17 1 1 1
node 18 1 1 1
node 19 1 1 1
node 20 1 1 1
node 21 1 1 1
node 22 1 1 1
node 23 1 1 1
node 24 1 1 1
node 25 1 1 1
node 26 1 1 1
node 27 1 1 1
node 28 1 1 3
node 29 1 0 2
node 30 1 0 2
node 31 1 0 2
node 32 1 0 2
node 33 1 0 2
gene 1 1 29 1.8984 0 1 1.8984 1
gene 1 1 30 0.81311 0 2 0.81311 1
gene 1 1 31 1.34669 0 3 1.34669 1
gene 1 1 32 1.55826 0 4 1.55826 1
gene 1 1 33 -0.0885101 0 5 -0.0885101 1
gene 1 2 29 -2.79182 0 6 -2.79182 1
gene 1 2 30 -3.71232 0 7 -3.71232 1
gene 1 2 31 -1.02285 0 8 -1.02285 1
gene 1 2 32 0.0755815 0 9 0.0755815 1
gene 1 2 33 -1.48649 0 10 -1.48649 1
gene 1 3 29 0.120588 0 11 0.120588 1
gene 1 3 30 -4.2708 0 12 -4.2708 1
gene 1 3 31 1.96429 0 13 1.96429 1
gene 1 3 32 -0.216194 0 14 -0.216194 1
gene 1 3 33 -3.56576 0 15 -3.56576 1
gene 1 4 29 0.333481 0 16 0.333481 1
gene 1 4 30 0.662244 0 17 0.662244 1
gene 1 4 31 1.39703 0 18 1.39703 1
gene 1 4 32 -2.18266 0 19 -2.18266 1
gene 1 4 33 -4.11039 0 20 -4.11039 1
gene 1 5 29 0.400831 0 21 0.400831 1
gene 1 5 30 -3.62655 0 22 -3.62655 1
gene 1 5 31 -4.41531 0 23 -4.41531 1
gene 1 5 32 -3.19661 0 24 -3.19661 1
gene 1 5 33 -2.12671 0 25 -2.12671 1
gene 1 6 29 1.43834 0 26 1.43834 1
gene 1 6 30 -0.525013 0 27 -0.525013 1
gene 1 6 31 2.18277 0 28 2.18277 1
gene 1 6 32 0.323175 0 29 0.323175 1
gene 1 6 33 -0.796325 0 30 -0.796325 1
gene 1 7 29 -3.77415 0 31 -3.77415 1
gene 1 7 30 1.24075 0 32 1.24075 1
gene 1 7 31 1.14033 0 33 1.14033 1
gene 1 7 32 -1.85262 0 34 -1.85262 1
gene 1 7 33 -0.7832 0 35 -0.7832 1
gene 1 8 29 1.34651 0 36 1.34651 1
gene 1 8 30 1.54454 0 37 1.54454 1
gene 1 8 31 -0.689196 0 38 -0.689196 1
gene 1 8 32 5 0 39 5 1
gene 1 8 33 -3.36979 0 40 -3.36979 1
gene 1 9 29 -0.0730692 0 41 -0.0730692 1
gene 1 9 30 0.205978 0 42 0.205978 1
gene 1 9 31 2.9251 0 43 2.9251 1
gene 1 9 32 2.12016 0 44 2.12016 1
gene 1 9 33 4.22615 0 45 4.22615 1
gene 1 10 29 0.440481 0 46 0.440481 1
gene 1 10 30 0.793704 0 47 0.793704 1
gene 1 10 31 2.89071 0 48 2.89071 1
gene 1 10 32 -0.351608 0 49 -0.351608 1
gene 1 10 33 4.27749 0 50 4.27749 1
gene 1 11 29 -0.439884 0 51 -0.439884 1
gene 1 11 30 1.51529 0 52 1.51529 1
gene 1 11 31 3.6371 0 53 3.6371 1
gene 1 11 32 -2.28979 0 54 -2.28979 1
gene 1 11 33 0.607087 0 55 0.607087 1
gene 1 12 29 4.66816 0 56 4.66816 1
gene 1 12 30 0.680561 0 57 0.680561 1
gene 1 12 31 0.718923 0 58 0.718923 1
gene 1 12 32 2.78125 0 59 2.78125 1
gene 1 12 33 -0.800226 0 60 -0.800226 1
gene 1 13 29 0.0657255 0 61 0.0657255 1
gene 1 13 30 -0.0269408 0 62 -0.0269408 1
gene 1 13 31 -4.52307 0 63 -4.52307 1
gene 1 13 32 -0.211338 0 64 -0.211338 1
gene 1 13 33 0.2471 0 65 0.2471 1
gene 1 14 29 0.0900542 0 66 0.0900542 1
gene 1 14 30 0.161861 0 67 0.161861 1
gene 1 14 31 1.08085 0 68 1.08085 1
gene 1 14 32 3.80362 0 69 3.80362 1
gene 1 14 33 2.3247 0 70 2.3247 1
gene 1 15 29 0.99539 0 71 0.99539 1
gene 1 15 30 1.42804 0 72 1.42804 1
gene 1 15 31 0.171772 0 73 0.171772 1
gene 1 15 32 -3.68071 0 74 -3.68071 1
gene 1 15 33 2.96611 0 75 2.96611 1
gene 1 16 29 0.168589 0 76 0.168589 1
gene 1 16 30 1.93102 0 77 1.93102 1
gene 1 16 31 -3.13363 0 78 -3.13363 1
gene 1 16 32 4.81154 0 79 4.81154 1
gene 1 16 33 0.0191113 0 80 0.0191113 1
gene 1 17 29 -1.85026 0 81 -1.85026 1
gene 1 17 30 -1.22946 0 82 -1.22946 1
gene 1 17 31 3.81767 0 83 3.81767 1
gene 1 17 32 1.74532 0 84 1.74532 1
gene 1 17 33 -0.591843 0 85 -0.591843 1
gene 1 18 29 1.20159 0 86 1.20159 1
gene 1 18 30 -4.5251 0 87 -4.5251 1
gene 1 18 31 0.703813 0 88 0.703813 1
gene 1 18 32 -1.5702 0 89 -1.5702 1
gene 1 18 33 -1.44283 0 90 -1.44283 1
gene 1 19 29 -2.89488 0 91 -2.89488 1
gene 1 19 30 -0.387522 0 92 -0.387522 1
gene 1 19 31 1.38518 0 93 1.38518 1
gene 1 19 32 0.791444 0 94 0.791444 1
gene 1 19 33 -1.19002 0 95 -1.19002 1
gene 1 20 29 3.87631 0 96 3.87631 1
gene 1 20 30 1.59478 0 97 1.59478 1
gene 1 20 31 0.116736 0 98 0.116736 1
gene 1 20 32 2.56119 0 99 2.56119 1
gene 1 20 33 2.58198 0 100 2.58198 1
gene 1 21 29 -1.79655 0 101 -1.79655 1
gene 1 21 30 -0.234518 0 102 -0.234518 1
gene 1 21 31 -0.252651 0 103 -0.252651 1
gene 1 21 32 3.84981 0 104 3.84981 1
gene 1 21 33 -0.688492 0 105 -0.688492 1
gene 1 22 29 -4.06311 0 106 -4.06311 1
gene 1 22 30 0.878628 0 107 0.878628 1
gene 1 22 31 -3.26735 0 108 -3.26735 1
gene 1 22 32 -2.02038 0 109 -2.02038 1
gene 1 22 33 -0.993154 0 110 -0.993154 1
gene 1 23 29 -2.78102 0 111 -2.78102 1
gene 1 23 30 1.28759 0 112 1.28759 1
gene 1 23 31 -1.13056 0 113 -1.13056 1
gene 1 23 32 0.0716871 0 114 0.0716871 1
gene 1 23 33 -1.79987 0 115 -1.79987 1
gene 1 24 29 0.4984 0 116 0.4984 1
gene 1 24 30 0.871557 0 117 0.871557 1
gene 1 24 31 -2.36433 0 118 -2.36433 1
gene 1 24 32 0.119369 0 119 0.119369 1
gene 1 24 33 -1.45135 0 120 -1.45135 1
gene 1 25 29 -1.09898 0 121 -1.09898 1
gene 1 25 30 -0.339183 0 122 -0.339183 1
gene 1 25 31 -2.55666 0 123 -2.55666 1
gene 1 25 32 0.893352 0 124 0.893352 1
gene 1 25 33 -1.76417 0 125 -1.76417 1
gene 1 26 29 -0.745331 0 126 -0.745331 1
gene 1 26 30 -0.238434 0 127 -0.238434 1
gene 1 26 31 -2.52575 0 128 -2.52575 1
gene 1 26 32 0.577489 0 129 0.577489 1
gene 1 26 33 0.850479 0 130 0.850479 1
gene 1 27 29 3.72296 0 131 3.72296 1
gene 1 27 30 -0.0466386 0 132 -0.0466386 1
gene 1 27 31 -2.03605 0 133 -2.03605 1
gene 1 27 32 -0.141243 0 134 -0.141243 1
gene 1 27 33 1.18388 0 135 1.18388 1
gene 1 28 29 -4.08861 0 136 -4.08861 1
gene 1 28 30 -2.20414 0 137 -2.20414 1
gene 1 28 31 1.46743 0 138 1.46743 1
gene 1 28 32 -0.549079 0 139 -0.549079 1
gene 1 28 33 1.9212 0 140 1.9212 1
genomeend 0


