/* Organism #3 Fitness: 41712.838000 Time: 0 */
genomestart 3
trait 1 0.000000 0.311156 0.000000 0.882532 0.346416 0.000000 0.000000 0.288830 
node 1 1 1 1
node 2 1 1 1
node 3 1 1 1
node 4 1 1 1
node 5 1 1 1
node 6 1 1 1
node 7 1 1 1
node 8 1 1 1
node 9 1 1 1
node 10 1 1 1
node 11 1 1 1
node 12 1 1 1
node 13 1 1 1
node 14 1 1 1
node 15 1 1 1
node 16 1 1 1
node 17 1 1 1
node 18 1 1 1
node 19 1 1 1
node 20 1 1 1
node 21 1 1 1
node 22 1 1 1
node 23 1 1 1
node 24 1 1 1
node 25 1 1 1
node 26 1 1 1
node 27 1 1 1
node 28 1 1 1
node 29 1 1 1
node 30 1 1 1
node 31 1 1 3
node 32 1 0 2
node 33 1 0 2
node 34 1 0 2
node 35 1 0 0
node 36 1 0 0
node 37 1 0 1
gene 1 1 32 0.504594 0 1 0.504594 1
gene 1 1 33 3.29484 0 2 3.29484 1
gene 1 2 32 4.49539 0 3 4.49539 1
gene 1 2 33 -3.52761 0 4 -3.52761 1
gene 1 3 32 1.37159 0 5 1.37159 1
gene 1 3 33 2.47917 0 6 2.47917 1
gene 1 4 32 4.01397 0 7 4.01397 1
gene 1 4 33 -2.20137 0 8 -2.20137 1
gene 1 5 32 3.99751 0 9 3.99751 1
gene 1 5 33 -0.577528 0 10 -0.577528 1
gene 1 6 32 -5 0 11 -5 1
gene 1 6 33 3.45943 0 12 3.45943 1
gene 1 7 32 -4.78203 0 13 -4.78203 1
gene 1 7 33 -2.39202 0 14 -2.39202 1
gene 1 8 32 -4.61641 0 15 -4.61641 1
gene 1 8 33 -1.5085 0 16 -1.5085 1
gene 1 9 32 -0.0829883 0 17 -0.0829883 1
gene 1 9 33 -2.12283 0 18 -2.12283 1
gene 1 10 32 1.65588 0 19 1.65588 1
gene 1 10 33 2.85257 0 20 2.85257 1
gene 1 11 32 2.8372 0 21 2.8372 1
gene 1 11 33 -1.10523 0 22 -1.10523 1
gene 1 12 32 -0.757915 0 23 -0.757915 1
gene 1 12 33 -1.10436 0 24 -1.10436 1
gene 1 13 32 -0.855917 0 25 -0.855917 1
gene 1 13 33 1.6063 0 26 1.6063 1
gene 1 14 32 2.41078 0 27 2.41078 1
gene 1 14 33 2.22845 0 28 2.22845 1
gene 1 15 32 2.40848 0 29 2.40848 1
gene 1 15 33 -3.25102 0 30 -3.25102 1
gene 1 16 32 1.1511 0 31 1.1511 1
gene 1 16 33 0.668894 0 32 0.668894 1
gene 1 17 32 2.02207 0 33 2.02207 1
gene 1 17 33 3.07599 0 34 3.07599 1
gene 1 18 32 -1.23977 0 35 -1.23977 1
gene 1 18 33 0.610521 0 36 0.610521 1
gene 1 19 32 -1.4313 0 37 -1.4313 1
gene 1 19 33 -0.191976 0 38 -0.191976 1
gene 1 20 32 -1.79423 0 39 -1.79423 1
gene 1 20 33 1.83764 0 40 1.83764 1
gene 1 21 32 -2.1652 0 41 -2.1652 1
gene 1 21 33 -2.72849 0 42 -2.72849 1
gene 1 22 32 -0.336649 0 43 -0.336649 1
gene 1 22 33 -0.0579087 0 44 -0.0579087 1
gene 1 23 32 4.5711 0 45 4.5711 1
gene 1 23 33 -0.253106 0 46 -0.253106 1
gene 1 24 32 3.22244 0 47 3.22244 1
gene 1 24 33 5 0 48 5 1
gene 1 25 32 0.415459 0 49 0.415459 1
gene 1 25 33 -0.220334 0 50 -0.220334 1
gene 1 26 32 2.18438 0 51 2.18438 1
gene 1 26 33 -5 0 52 -5 1
gene 1 27 32 2.42019 0 53 2.42019 1
gene 1 27 33 1.48549 0 54 1.48549 1
gene 1 28 32 1.60066 0 55 1.60066 1
gene 1 28 33 3.39814 0 56 3.39814 1
gene 1 29 32 -1.21911 0 57 -1.21911 1
gene 1 29 33 -1.0005 0 58 -1.0005 1
gene 1 30 32 3.01738 0 59 3.01738 1
gene 1 30 33 1.10747 0 60 1.10747 1
gene 1 31 32 1.81256 0 61 1.81256 1
gene 1 31 33 -0.578337 0 62 -0.578337 1
gene 1 1 35 0.230439 0 63 0.230439 1
gene 1 1 36 -4.67175 0 64 -4.67175 1
gene 1 2 35 -5 0 65 -5 1
gene 1 2 36 3.07053 0 66 3.07053 1
gene 1 3 35 0.0580851 0 67 0.0580851 1
gene 1 3 36 -0.6211 0 68 -0.6211 1
gene 1 4 35 1.79857 0 69 1.79857 1
gene 1 4 36 -0.406239 0 70 -0.406239 1
gene 1 5 35 1.66215 0 71 1.66215 1
gene 1 5 36 -1.50566 0 72 -1.50566 1
gene 1 6 35 3.49073 0 73 3.49073 1
gene 1 6 36 1.33185 0 74 1.33185 1
gene 1 7 35 5 0 75 5 1
gene 1 7 36 -2.66072 0 76 -2.66072 1
gene 1 8 35 5 0 77 5 1
gene 1 8 36 -1.44617 0 78 -1.44617 1
gene 1 9 35 2.07999 0 79 2.07999 1
gene 1 9 36 -1.70114 0 80 -1.70114 1
gene 1 10 35 0.262317 0 81 0.262317 1
gene 1 10 36 4.938 0 82 4.938 1
gene 1 11 35 1.36383 0 83 1.36383 1
gene 1 11 36 1.52234 0 84 1.52234 1
gene 1 12 35 1.01245 0 85 1.01245 1
gene 1 12 36 2.76236 0 86 2.76236 1
gene 1 13 35 0.0866839 0 87 0.0866839 1
gene 1 13 36 0.0354989 0 88 0.0354989 1
gene 1 14 35 2.0719 0 89 2.0719 1
gene 1 14 36 -0.414505 0 90 -0.414505 1
gene 1 15 35 -1.3063 0 91 -1.3063 1
gene 1 15 36 2.88847 0 92 2.88847 1
gene 1 16 35 -1.55314 0 93 -1.55314 1
gene 1 16 36 0.850089 0 94 0.850089 1
gene 1 17 35 1.25909 0 95 1.25909 1
gene 1 17 36 -2.61023 0 96 -2.61023 1
gene 1 18 35 -0.34937 0 97 -0.34937 1
gene 1 18 36 2.55419 0 98 2.55419 1
gene 1 19 35 4.72299 0 99 4.72299 1
gene 1 19 36 -3.37568 0 100 -3.37568 1
gene 1 20 35 -2.29698 0 101 -2.29698 1
gene 1 20 36 -3.08248 0 102 -3.08248 1
gene 1 21 35 -3.94818 0 103 -3.94818 1
gene 1 21 36 -0.334111 0 104 -0.334111 1
gene 1 22 35 -4.06481 0 105 -4.06481 1
gene 1 22 36 1.61905 0 106 1.61905 1
gene 1 23 35 -0.176226 0 107 -0.176226 1
gene 1 23 36 0.535506 0 108 0.535506 1
gene 1 24 35 -3.3759 0 109 -3.3759 1
gene 1 24 36 0.186257 0 110 0.186257 1
gene 1 25 35 1.48635 0 111 1.48635 1
gene 1 25 36 0.734532 0 112 0.734532 1
gene 1 26 35 1.44002 0 113 1.44002 1
gene 1 26 36 -0.598164 0 114 -0.598164 1
gene 1 27 35 -0.859653 0 115 -0.859653 1
gene 1 27 36 0.200313 0 116 0.200313 1
gene 1 28 35 0.435443 0 117 0.435443 1
gene 1 28 36 0.358006 0 118 0.358006 1
gene 1 29 35 0.127323 0 119 0.127323 1
gene 1 29 36 -0.653136 0 120 -0.653136 1
gene 1 30 35 -0.0744654 0 121 -0.0744654 1
gene 1 30 36 -0.713196 0 122 -0.713196 1
gene 1 31 35 0.312082 0 123 0.312082 1
gene 1 31 36 0.541924 0 124 0.541924 1
gene 1 35 32 -0.453769 0 125 -0.453769 1
gene 1 35 33 -0.907966 0 126 -0.907966 1
gene 1 35 34 0.822469 0 127 0.822469 1
gene 1 36 32 0.521947 0 128 0.521947 1
gene 1 36 33 0.95632 0 129 0.95632 1
gene 1 36 34 0.87776 0 130 0.87776 1
gene 1 35 35 1.37895 1 131 1.37895 1
gene 1 36 36 -0.854819 1 132 -0.854819 1
gene 1 34 37 -1.25235 1 133 -1.25235 1
gene 1 37 32 0.332461 0 134 0.332461 1
gene 1 37 33 -0.792315 0 135 -0.792315 1
gene 1 37 34 -0.270407 0 136 -0.270407 1
genomeend 3


