/* Organism #54 Fitness: 39427.484000 Time: 0 */
genomestart 54
trait 1 0.000000 0.825053 0.464208 0.000000 0.000000 0.170314 0.448838 1.000000 
node 1 1 1 1
node 2 1 1 1
node 3 1 1 1
node 4 1 1 1
node 5 1 1 1
node 6 1 1 1
node 7 1 1 1
node 8 1 1 1
node 9 1 1 1
node 10 1 1 1
node 11 1 1 1
node 12 1 1 1
node 13 1 1 1
node 14 1 1 1
node 15 1 1 1
node 16 1 1 1
node 17 1 1 1
node 18 1 1 1
node 19 1 1 1
node 20 1 1 1
node 21 1 1 1
node 22 1 1 1
node 23 1 1 1
node 24 1 1 1
node 25 1 1 1
node 26 1 1 1
node 27 1 1 1
node 28 1 1 1
node 29 1 1 1
node 30 1 1 1
node 31 1 1 3
node 32 1 0 2
node 33 1 0 2
node 34 1 0 2
node 35 1 0 0
node 36 1 0 0
node 37 1 0 1
gene 1 1 32 -2.87606 0 1 -2.87606 1
gene 1 1 33 -0.584076 0 2 -0.584076 1
gene 1 2 32 1.5403 0 3 1.5403 1
gene 1 2 33 0.375403 0 4 0.375403 1
gene 1 3 32 1.32407 0 5 1.32407 1
gene 1 3 33 -3.85232 0 6 -3.85232 1
gene 1 4 32 1.6809 0 7 1.6809 1
gene 1 4 33 1.52312 0 8 1.52312 1
gene 1 5 32 -1.11852 0 9 -1.11852 1
gene 1 5 33 4.55728 0 10 4.55728 1
gene 1 6 32 2.92852 0 11 2.92852 1
gene 1 6 33 3.78365 0 12 3.78365 1
gene 1 7 32 -0.710086 0 13 -0.710086 1
gene 1 7 33 0.163965 0 14 0.163965 1
gene 1 8 32 2.98147 0 15 2.98147 1
gene 1 8 33 -0.501323 0 16 -0.501323 1
gene 1 9 32 -4.94579 0 17 -4.94579 1
gene 1 9 33 2.27312 0 18 2.27312 1
gene 1 10 32 3.0135 0 19 3.0135 1
gene 1 10 33 0.241055 0 20 0.241055 1
gene 1 11 32 -0.506501 0 21 -0.506501 1
gene 1 11 33 -1.90047 0 22 -1.90047 1
gene 1 12 32 0.638729 0 23 0.638729 1
gene 1 12 33 -0.0835616 0 24 -0.0835616 1
gene 1 13 32 -0.682799 0 25 -0.682799 1
gene 1 13 33 -2.86162 0 26 -2.86162 1
gene 1 14 32 0.1753 0 27 0.1753 1
gene 1 14 33 -4.12424 0 28 -4.12424 1
gene 1 15 32 -1.85448 0 29 -1.85448 1
gene 1 15 33 -1.98431 0 30 -1.98431 1
gene 1 16 32 -0.849453 0 31 -0.849453 1
gene 1 16 33 2.80935 0 32 2.80935 1
gene 1 17 32 -2.56006 0 33 -2.56006 1
gene 1 17 33 0.560125 0 34 0.560125 1
gene 1 18 32 -4.97247 0 35 -4.97247 1
gene 1 18 33 -0.0671249 0 36 -0.0671249 1
gene 1 19 32 -3.88374 0 37 -3.88374 1
gene 1 19 33 2.54202 0 38 2.54202 1
gene 1 20 32 -1.49954 0 39 -1.49954 1
gene 1 20 33 2.01855 0 40 2.01855 1
gene 1 21 32 1.13195 0 41 1.13195 1
gene 1 21 33 -1.33581 0 42 -1.33581 1
gene 1 22 32 2.55776 0 43 2.55776 1
gene 1 22 33 0.106857 0 44 0.106857 1
gene 1 23 32 -2.40024 0 45 -2.40024 1
gene 1 23 33 0.955394 0 46 0.955394 1
gene 1 24 32 3.19964 0 47 3.19964 1
gene 1 24 33 -0.83927 0 48 -0.83927 1
gene 1 25 32 -4.35174 0 49 -4.35174 1
gene 1 25 33 0.203359 0 50 0.203359 1
gene 1 26 32 -2.30121 0 51 -2.30121 1
gene 1 26 33 1.82291 0 52 1.82291 1
gene 1 27 32 3.08276 0 53 3.08276 1
gene 1 27 33 -2.33739 0 54 -2.33739 1
gene 1 28 32 -0.188539 0 55 -0.188539 1
gene 1 28 33 -0.928514 0 56 -0.928514 1
gene 1 29 32 -4.32026 0 57 -4.32026 1
gene 1 29 33 -0.381983 0 58 -0.381983 1
gene 1 30 32 -2.69375 0 59 -2.69375 1
gene 1 30 33 -4.09972 0 60 -4.09972 1
gene 1 31 32 -2.21563 0 61 -2.21563 1
gene 1 31 33 -1.42989 0 62 -1.42989 1
gene 1 1 35 0.773867 0 63 0.773867 1
gene 1 1 36 0.607957 0 64 0.607957 1
gene 1 2 35 2.07129 0 65 2.07129 1
gene 1 2 36 0.191089 0 66 0.191089 1
gene 1 3 35 -1.07205 0 67 -1.07205 1
gene 1 3 36 -0.652688 0 68 -0.652688 1
gene 1 4 35 1.46275 0 69 1.46275 1
gene 1 4 36 0.143955 0 70 0.143955 1
gene 1 5 35 -0.277782 0 71 -0.277782 1
gene 1 5 36 1.88252 0 72 1.88252 1
gene 1 6 35 0.764495 0 73 0.764495 1
gene 1 6 36 0.548521 0 74 0.548521 1
gene 1 7 35 -0.116512 0 75 -0.116512 1
gene 1 7 36 2.36579 0 76 2.36579 1
gene 1 8 35 1.83366 0 77 1.83366 1
gene 1 8 36 0.370622 0 78 0.370622 1
gene 1 9 35 -1.06533 0 79 -1.06533 1
gene 1 9 36 -4.25836 0 80 -4.25836 1
gene 1 10 35 5 0 81 5 1
gene 1 10 36 1.03984 0 82 1.03984 1
gene 1 11 35 -1.62255 0 83 -1.62255 1
gene 1 11 36 0.742702 0 84 0.742702 1
gene 1 12 35 1.95122 0 85 1.95122 1
gene 1 12 36 -1.21168 0 86 -1.21168 1
gene 1 13 35 -0.395823 0 87 -0.395823 1
gene 1 13 36 4.09419 0 88 4.09419 1
gene 1 14 35 -2.34363 0 89 -2.34363 1
gene 1 14 36 2.76844 0 90 2.76844 1
gene 1 15 35 0.0782557 0 91 0.0782557 1
gene 1 15 36 -3.82659 0 92 -3.82659 1
gene 1 16 35 -0.651718 0 93 -0.651718 1
gene 1 16 36 3.0709 0 94 3.0709 1
gene 1 17 35 -4.14725 0 95 -4.14725 1
gene 1 17 36 -5 0 96 -5 1
gene 1 18 35 -4.56596 0 97 -4.56596 1
gene 1 18 36 0.359088 0 98 0.359088 1
gene 1 19 35 2.16772 0 99 2.16772 1
gene 1 19 36 -1.93183 0 100 -1.93183 1
gene 1 20 35 -1.537 0 101 -1.537 1
gene 1 20 36 1.47081 0 102 1.47081 1
gene 1 21 35 -0.751871 0 103 -0.751871 1
gene 1 21 36 1.46241 0 104 1.46241 1
gene 1 22 35 -0.1994 0 105 -0.1994 1
gene 1 22 36 -0.68042 0 106 -0.68042 1
gene 1 23 35 -1.82612 0 107 -1.82612 1
gene 1 23 36 -2.94653 0 108 -2.94653 1
gene 1 24 35 -1.93538 0 109 -1.93538 1
gene 1 24 36 -0.278189 0 110 -0.278189 1
gene 1 25 35 0.810613 0 111 0.810613 1
gene 1 25 36 -0.84853 0 112 -0.84853 1
gene 1 26 35 0.833761 0 113 0.833761 1
gene 1 26 36 2.88111 0 114 2.88111 1
gene 1 27 35 -0.768982 0 115 -0.768982 1
gene 1 27 36 2.24455 0 116 2.24455 1
gene 1 28 35 -1.17513 0 117 -1.17513 1
gene 1 28 36 -1.56485 0 118 -1.56485 1
gene 1 29 35 -2.05509 0 119 -2.05509 1
gene 1 29 36 1.45541 0 120 1.45541 1
gene 1 30 35 -3.57477 0 121 -3.57477 1
gene 1 30 36 -0.171954 0 122 -0.171954 1
gene 1 31 35 -1.05561 0 123 -1.05561 1
gene 1 31 36 3.0822 0 124 3.0822 1
gene 1 35 32 2.04618 0 125 2.04618 1
gene 1 35 33 -0.766371 0 126 -0.766371 1
gene 1 35 34 0.572332 0 127 0.572332 1
gene 1 36 32 0.0593224 0 128 0.0593224 1
gene 1 36 33 -0.34895 0 129 -0.34895 1
gene 1 36 34 0.501924 0 130 0.501924 1
gene 1 35 35 1.16819 1 131 1.16819 1
gene 1 36 36 2.03131 1 132 2.03131 1
gene 1 34 37 -0.436325 1 133 -0.436325 1
gene 1 37 32 -0.943141 0 134 -0.943141 1
gene 1 37 33 -0.259404 0 135 -0.259404 1
gene 1 37 34 -0.209656 0 136 -0.209656 1
genomeend 54


