/* Organism #8 Fitness: 39586.528000 Time: 0 */
genomestart 8
trait 1 0.000000 0.815089 0.000000 0.124935 0.000000 0.045513 1.000000 1.000000 
node 1 1 1 1
node 2 1 1 1
node 3 1 1 1
node 4 1 1 1
node 5 1 1 1
node 6 1 1 1
node 7 1 1 1
node 8 1 1 1
node 9 1 1 1
node 10 1 1 1
node 11 1 1 1
node 12 1 1 1
node 13 1 1 1
node 14 1 1 1
node 15 1 1 1
node 16 1 1 1
node 17 1 1 1
node 18 1 1 1
node 19 1 1 1
node 20 1 1 1
node 21 1 1 1
node 22 1 1 1
node 23 1 1 1
node 24 1 1 1
node 25 1 1 1
node 26 1 1 1
node 27 1 1 1
node 28 1 1 1
node 29 1 1 1
node 30 1 1 1
node 31 1 1 3
node 32 1 0 2
node 33 1 0 2
node 34 1 0 2
node 35 1 0 0
node 36 1 0 0
node 37 1 0 1
gene 1 1 32 -4.19085 0 1 -4.19085 1
gene 1 1 33 5 0 2 5 1
gene 1 2 32 -4.48201 0 3 -4.48201 1
gene 1 2 33 1.32301 0 4 1.32301 1
gene 1 3 32 1.39591 0 5 1.39591 1
gene 1 3 33 -2.01665 0 6 -2.01665 1
gene 1 4 32 -3.27704 0 7 -3.27704 1
gene 1 4 33 -5 0 8 -5 1
gene 1 5 32 1.52788 0 9 1.52788 1
gene 1 5 33 2.72662 0 10 2.72662 1
gene 1 6 32 -1.76421 0 11 -1.76421 1
gene 1 6 33 -1.46304 0 12 -1.46304 1
gene 1 7 32 5 0 13 5 1
gene 1 7 33 2.49831 0 14 2.49831 1
gene 1 8 32 -5 0 15 -5 1
gene 1 8 33 1.80695 0 16 1.80695 1
gene 1 9 32 0.331013 0 17 0.331013 1
gene 1 9 33 1.37787 0 18 1.37787 1
gene 1 10 32 0.305388 0 19 0.305388 1
gene 1 10 33 -1.97986 0 20 -1.97986 1
gene 1 11 32 -1.11283 0 21 -1.11283 1
gene 1 11 33 2.48626 0 22 2.48626 1
gene 1 12 32 4.59084 0 23 4.59084 1
gene 1 12 33 -4.01364 0 24 -4.01364 1
gene 1 13 32 1.0734 0 25 1.0734 1
gene 1 13 33 2.48431 0 26 2.48431 1
gene 1 14 32 -2.34779 0 27 -2.34779 1
gene 1 14 33 1.71095 0 28 1.71095 1
gene 1 15 32 -0.678112 0 29 -0.678112 1
gene 1 15 33 -3.31861 0 30 -3.31861 1
gene 1 16 32 2.61887 0 31 2.61887 1
gene 1 16 33 0.776007 0 32 0.776007 1
gene 1 17 32 2.86686 0 33 2.86686 1
gene 1 17 33 0.271287 0 34 0.271287 1
gene 1 18 32 -1.70406 0 35 -1.70406 1
gene 1 18 33 5 0 36 5 1
gene 1 19 32 0.356923 0 37 0.356923 1
gene 1 19 33 1.7794 0 38 1.7794 1
gene 1 20 32 0.0469241 0 39 0.0469241 1
gene 1 20 33 0.730732 0 40 0.730732 1
gene 1 21 32 -0.461672 0 41 -0.461672 1
gene 1 21 33 -0.723572 0 42 -0.723572 1
gene 1 22 32 3.0458 0 43 3.0458 1
gene 1 22 33 0.160858 0 44 0.160858 1
gene 1 23 32 0.618846 0 45 0.618846 1
gene 1 23 33 1.49511 0 46 1.49511 1
gene 1 24 32 0.321016 0 47 0.321016 1
gene 1 24 33 1.31593 0 48 1.31593 1
gene 1 25 32 -0.79217 0 49 -0.79217 1
gene 1 25 33 1.37683 0 50 1.37683 1
gene 1 26 32 -2.40503 0 51 -2.40503 1
gene 1 26 33 -0.0684498 0 52 -0.0684498 1
gene 1 27 32 1.51115 0 53 1.51115 1
gene 1 27 33 -0.894449 0 54 -0.894449 1
gene 1 28 32 4.71678 0 55 4.71678 1
gene 1 28 33 1.60259 0 56 1.60259 1
gene 1 29 32 -1.50254 0 57 -1.50254 1
gene 1 29 33 -3.94711 0 58 -3.94711 1
gene 1 30 32 3.31389 0 59 3.31389 1
gene 1 30 33 -0.10327 0 60 -0.10327 1
gene 1 31 32 -0.138432 0 61 -0.138432 1
gene 1 31 33 2.0673 0 62 2.0673 1
gene 1 1 35 -1.47805 0 63 -1.47805 1
gene 1 1 36 -1.53982 0 64 -1.53982 1
gene 1 2 35 3.35471 0 65 3.35471 1
gene 1 2 36 0.511934 0 66 0.511934 1
gene 1 3 35 -3.57385 0 67 -3.57385 1
gene 1 3 36 2.64319 0 68 2.64319 1
gene 1 4 35 -0.139316 0 69 -0.139316 1
gene 1 4 36 0.108799 0 70 0.108799 1
gene 1 5 35 5 0 71 5 1
gene 1 5 36 1.94297 0 72 1.94297 1
gene 1 6 35 2.13277 0 73 2.13277 1
gene 1 6 36 -1.80142 0 74 -1.80142 1
gene 1 7 35 -4.56182 0 75 -4.56182 1
gene 1 7 36 2.0735 0 76 2.0735 1
gene 1 8 35 -2.04459 0 77 -2.04459 1
gene 1 8 36 3.48975 0 78 3.48975 1
gene 1 9 35 1.67315 0 79 1.67315 1
gene 1 9 36 -1.43656 0 80 -1.43656 1
gene 1 10 35 -0.259876 0 81 -0.259876 1
gene 1 10 36 -3.54677 0 82 -3.54677 1
gene 1 11 35 0.301912 0 83 0.301912 1
gene 1 11 36 1.65461 0 84 1.65461 1
gene 1 12 35 0.0873211 0 85 0.0873211 1
gene 1 12 36 5 0 86 5 1
gene 1 13 35 2.88471 0 87 2.88471 1
gene 1 13 36 0.333171 0 88 0.333171 1
gene 1 14 35 3.99975 0 89 3.99975 1
gene 1 14 36 1.01803 0 90 1.01803 1
gene 1 15 35 4.25758 0 91 4.25758 1
gene 1 15 36 -3.95531 0 92 -3.95531 1
gene 1 16 35 -4.03734 0 93 -4.03734 1
gene 1 16 36 -3.79863 0 94 -3.79863 1
gene 1 17 35 5 0 95 5 1
gene 1 17 36 -3.43575 0 96 -3.43575 1
gene 1 18 35 1.06948 0 97 1.06948 1
gene 1 18 36 -4.04773 0 98 -4.04773 1
gene 1 19 35 -2.55724 0 99 -2.55724 1
gene 1 19 36 3.25647 0 100 3.25647 1
gene 1 20 35 4.38491 0 101 4.38491 1
gene 1 20 36 1.92636 0 102 1.92636 1
gene 1 21 35 -4.60469 0 103 -4.60469 1
gene 1 21 36 1.21651 0 104 1.21651 1
gene 1 22 35 -1.95068 0 105 -1.95068 1
gene 1 22 36 0.897868 0 106 0.897868 1
gene 1 23 35 -1.45235 0 107 -1.45235 1
gene 1 23 36 -3.44536 0 108 -3.44536 1
gene 1 24 35 -0.484222 0 109 -0.484222 1
gene 1 24 36 0.583754 0 110 0.583754 1
gene 1 25 35 0.308424 0 111 0.308424 1
gene 1 25 36 0.088985 0 112 0.088985 1
gene 1 26 35 -0.20002 0 113 -0.20002 1
gene 1 26 36 -0.692854 0 114 -0.692854 1
gene 1 27 35 2.47265 0 115 2.47265 1
gene 1 27 36 1.92656 0 116 1.92656 1
gene 1 28 35 0.565073 0 117 0.565073 1
gene 1 28 36 -0.33252 0 118 -0.33252 1
gene 1 29 35 0.608806 0 119 0.608806 1
gene 1 29 36 1.0402 0 120 1.0402 1
gene 1 30 35 0.595662 0 121 0.595662 1
gene 1 30 36 0.341858 0 122 0.341858 1
gene 1 31 35 0.806838 0 123 0.806838 1
gene 1 31 36 -0.458434 0 124 -0.458434 1
gene 1 35 32 -0.031183 0 125 -0.031183 1
gene 1 35 33 -0.0748423 0 126 -0.0748423 1
gene 1 35 34 -0.981326 0 127 -0.981326 1
gene 1 36 32 -1.31416 0 128 -1.31416 1
gene 1 36 33 -0.0840401 0 129 -0.0840401 1
gene 1 36 34 1.41121 0 130 1.41121 1
gene 1 35 35 1.04108 1 131 1.04108 1
gene 1 36 36 -0.0423616 1 132 -0.0423616 1
gene 1 34 37 0.753775 1 133 0.753775 1
gene 1 37 32 0.570058 0 134 0.570058 1
gene 1 37 33 -1.50582 0 135 -1.50582 1
gene 1 37 34 -0.255276 0 136 -0.255276 1
genomeend 8


