/* Organism #5 Fitness: 41469.638000 Time: 0 */
genomestart 5
trait 1 1.000000 0.000000 0.000000 0.000000 0.390659 0.000000 0.000000 1.000000 
node 1 1 1 1
node 2 1 1 1
node 3 1 1 1
node 4 1 1 1
node 5 1 1 1
node 6 1 1 1
node 7 1 1 1
node 8 1 1 1
node 9 1 1 1
node 10 1 1 1
node 11 1 1 1
node 12 1 1 1
node 13 1 1 1
node 14 1 1 1
node 15 1 1 1
node 16 1 1 1
node 17 1 1 1
node 18 1 1 1
node 19 1 1 1
node 20 1 1 1
node 21 1 1 1
node 22 1 1 1
node 23 1 1 1
node 24 1 1 1
node 25 1 1 1
node 26 1 1 1
node 27 1 1 1
node 28 1 1 1
node 29 1 1 1
node 30 1 1 1
node 31 1 1 3
node 32 1 0 2
node 33 1 0 2
node 34 1 0 2
node 35 1 0 0
node 36 1 0 0
node 37 1 0 1
gene 1 1 32 1.16475 0 1 1.16475 1
gene 1 1 33 -5 0 2 -5 1
gene 1 2 32 -0.0876184 0 3 -0.0876184 1
gene 1 2 33 2.31936 0 4 2.31936 1
gene 1 3 32 -2.19779 0 5 -2.19779 1
gene 1 3 33 3.69566 0 6 3.69566 1
gene 1 4 32 3.55556 0 7 3.55556 1
gene 1 4 33 1.58309 0 8 1.58309 1
gene 1 5 32 -4.97871 0 9 -4.97871 1
gene 1 5 33 0.127159 0 10 0.127159 1
gene 1 6 32 5 0 11 5 1
gene 1 6 33 -4.47914 0 12 -4.47914 1
gene 1 7 32 -1.0547 0 13 -1.0547 1
gene 1 7 33 0.835671 0 14 0.835671 1
gene 1 8 32 -0.997092 0 15 -0.997092 1
gene 1 8 33 2.02188 0 16 2.02188 1
gene 1 9 32 2.46205 0 17 2.46205 1
gene 1 9 33 3.05605 0 18 3.05605 1
gene 1 10 32 0.170975 0 19 0.170975 1
gene 1 10 33 0.923249 0 20 0.923249 1
gene 1 11 32 1.8218 0 21 1.8218 1
gene 1 11 33 0.144639 0 22 0.144639 1
gene 1 12 32 -1.25154 0 23 -1.25154 1
gene 1 12 33 -2.52615 0 24 -2.52615 1
gene 1 13 32 -1.5007 0 25 -1.5007 1
gene 1 13 33 -0.13272 0 26 -0.13272 1
gene 1 14 32 0.625728 0 27 0.625728 1
gene 1 14 33 -0.945871 0 28 -0.945871 1
gene 1 15 32 -0.2393 0 29 -0.2393 1
gene 1 15 33 -0.825242 0 30 -0.825242 1
gene 1 16 32 -4.87304 0 31 -4.87304 1
gene 1 16 33 1.86642 0 32 1.86642 1
gene 1 17 32 0.000499895 0 33 0.000499895 1
gene 1 17 33 1.72805 0 34 1.72805 1
gene 1 18 32 0.159089 0 35 0.159089 1
gene 1 18 33 0.243665 0 36 0.243665 1
gene 1 19 32 -2.14974 0 37 -2.14974 1
gene 1 19 33 1.67308 0 38 1.67308 1
gene 1 20 32 -1.10966 0 39 -1.10966 1
gene 1 20 33 0.0322541 0 40 0.0322541 1
gene 1 21 32 1.61946 0 41 1.61946 1
gene 1 21 33 3.35411 0 42 3.35411 1
gene 1 22 32 -2.19878 0 43 -2.19878 1
gene 1 22 33 -2.47104 0 44 -2.47104 1
gene 1 23 32 -0.628199 0 45 -0.628199 1
gene 1 23 33 1.44475 0 46 1.44475 1
gene 1 24 32 2.12908 0 47 2.12908 1
gene 1 24 33 -1.6119 0 48 -1.6119 1
gene 1 25 32 3.30393 0 49 3.30393 1
gene 1 25 33 5 0 50 5 1
gene 1 26 32 2.05329 0 51 2.05329 1
gene 1 26 33 4.08063 0 52 4.08063 1
gene 1 27 32 -0.504797 0 53 -0.504797 1
gene 1 27 33 0.0852136 0 54 0.0852136 1
gene 1 28 32 -1.2876 0 55 -1.2876 1
gene 1 28 33 -2.83263 0 56 -2.83263 1
gene 1 29 32 -2.57462 0 57 -2.57462 1
gene 1 29 33 4.49151 0 58 4.49151 1
gene 1 30 32 -3.85287 0 59 -3.85287 1
gene 1 30 33 -4.41767 0 60 -4.41767 1
gene 1 31 32 -2.52356 0 61 -2.52356 1
gene 1 31 33 -4.21848 0 62 -4.21848 1
gene 1 1 35 1.21126 0 63 1.21126 1
gene 1 1 36 0.811264 0 64 0.811264 1
gene 1 2 35 0.0190474 0 65 0.0190474 1
gene 1 2 36 1.33607 0 66 1.33607 1
gene 1 3 35 -3.78774 0 67 -3.78774 1
gene 1 3 36 -2.22156 0 68 -2.22156 1
gene 1 4 35 -2.9689 0 69 -2.9689 1
gene 1 4 36 -2.46507 0 70 -2.46507 1
gene 1 5 35 -2.51482 0 71 -2.51482 1
gene 1 5 36 1.01269 0 72 1.01269 1
gene 1 6 35 -0.182347 0 73 -0.182347 1
gene 1 6 36 0.79459 0 74 0.79459 1
gene 1 7 35 -1.86138 0 75 -1.86138 1
gene 1 7 36 -1.05178 0 76 -1.05178 1
gene 1 8 35 -0.209922 0 77 -0.209922 1
gene 1 8 36 2.83449 0 78 2.83449 1
gene 1 9 35 -1.24213 0 79 -1.24213 1
gene 1 9 36 0.313722 0 80 0.313722 1
gene 1 10 35 -0.424827 0 81 -0.424827 1
gene 1 10 36 -3.64441 0 82 -3.64441 1
gene 1 11 35 0.962091 0 83 0.962091 1
gene 1 11 36 -5 0 84 -5 1
gene 1 12 35 -4.16955 0 85 -4.16955 1
gene 1 12 36 1.11781 0 86 1.11781 1
gene 1 13 35 1.84217 0 87 1.84217 1
gene 1 13 36 1.27436 0 88 1.27436 1
gene 1 14 35 0.606194 0 89 0.606194 1
gene 1 14 36 -1.98897 0 90 -1.98897 1
gene 1 15 35 -2.64372 0 91 -2.64372 1
gene 1 15 36 -5 0 92 -5 1
gene 1 16 35 4.00404 0 93 4.00404 1
gene 1 16 36 -1.8591 0 94 -1.8591 1
gene 1 17 35 -2.34766 0 95 -2.34766 1
gene 1 17 36 -0.329951 0 96 -0.329951 1
gene 1 18 35 -0.46709 0 97 -0.46709 1
gene 1 18 36 -5 0 98 -5 1
gene 1 19 35 4.25673 0 99 4.25673 1
gene 1 19 36 -3.99951 0 100 -3.99951 1
gene 1 20 35 -1.31583 0 101 -1.31583 1
gene 1 20 36 3.82081 0 102 3.82081 1
gene 1 21 35 0.141664 0 103 0.141664 1
gene 1 21 36 -0.796474 0 104 -0.796474 1
gene 1 22 35 -1.8535 0 105 -1.8535 1
gene 1 22 36 2.42841 0 106 2.42841 1
gene 1 23 35 -3.06885 0 107 -3.06885 1
gene 1 23 36 4.19629 0 108 4.19629 1
gene 1 24 35 -1.03411 0 109 -1.03411 1
gene 1 24 36 -0.40323 0 110 -0.40323 1
gene 1 25 35 -0.341137 0 111 -0.341137 1
gene 1 25 36 -0.332789 0 112 -0.332789 1
gene 1 26 35 0.979065 0 113 0.979065 1
gene 1 26 36 1.10503 0 114 1.10503 1
gene 1 27 35 0.562345 0 115 0.562345 1
gene 1 27 36 0.555426 0 116 0.555426 1
gene 1 28 35 -0.315802 0 117 -0.315802 1
gene 1 28 36 1.13344 0 118 1.13344 1
gene 1 29 35 -0.290303 0 119 -0.290303 1
gene 1 29 36 0.287222 0 120 0.287222 1
gene 1 30 35 -0.331647 0 121 -0.331647 1
gene 1 30 36 -0.258246 0 122 -0.258246 1
gene 1 31 35 -0.408189 0 123 -0.408189 1
gene 1 31 36 -1.9543 0 124 -1.9543 1
gene 1 35 32 -1.03292 0 125 -1.03292 1
gene 1 35 33 -1.16352 0 126 -1.16352 1
gene 1 35 34 -1.34231 0 127 -1.34231 1
gene 1 36 32 -0.94464 0 128 -0.94464 1
gene 1 36 33 0.661814 0 129 0.661814 1
gene 1 36 34 0.0741481 0 130 0.0741481 1
gene 1 35 35 -0.183628 1 131 -0.183628 1
gene 1 36 36 -0.702724 1 132 -0.702724 1
gene 1 34 37 0.815757 1 133 0.815757 1
gene 1 37 32 3.60874 0 134 3.60874 1
gene 1 37 33 0.973728 0 135 0.973728 1
gene 1 37 34 -3.77085 0 136 -3.77085 1
genomeend 5


