/* Organism #1 Fitness: 40494.844000 Time: 0 */
genomestart 1
trait 1 0.419039 0.000000 0.000000 0.000000 0.657048 0.000000 0.000000 0.397698 
node 1 1 1 1
node 2 1 1 1
node 3 1 1 1
node 4 1 1 1
node 5 1 1 1
node 6 1 1 1
node 7 1 1 1
node 8 1 1 1
node 9 1 1 1
node 10 1 1 1
node 11 1 1 1
node 12 1 1 1
node 13 1 1 1
node 14 1 1 1
node 15 1 1 1
node 16 1 1 1
node 17 1 1 1
node 18 1 1 1
node 19 1 1 1
node 20 1 1 1
node 21 1 1 1
node 22 1 1 1
node 23 1 1 1
node 24 1 1 1
node 25 1 1 1
node 26 1 1 1
node 27 1 1 1
node 28 1 1 1
node 29 1 1 1
node 30 1 1 1
node 31 1 1 3
node 32 1 0 2
node 33 1 0 2
node 34 1 0 2
node 35 1 0 0
node 36 1 0 0
node 37 1 0 1
gene 1 1 32 0.49998 0 1 0.49998 1
gene 1 1 33 -0.504 0 2 -0.504 1
gene 1 2 32 -5 0 3 -5 1
gene 1 2 33 2.9713 0 4 2.9713 1
gene 1 3 32 -0.947744 0 5 -0.947744 1
gene 1 3 33 4.23433 0 6 4.23433 1
gene 1 4 32 3.79643 0 7 3.79643 1
gene 1 4 33 3.27739 0 8 3.27739 1
gene 1 5 32 -1.18722 0 9 -1.18722 1
gene 1 5 33 -1.53498 0 10 -1.53498 1
gene 1 6 32 4.29116 0 11 4.29116 1
gene 1 6 33 -5 0 12 -5 1
gene 1 7 32 0.295869 0 13 0.295869 1
gene 1 7 33 1.39388 0 14 1.39388 1
gene 1 8 32 -0.568091 0 15 -0.568091 1
gene 1 8 33 -5 0 16 -5 1
gene 1 9 32 5 0 17 5 1
gene 1 9 33 -0.117413 0 18 -0.117413 1
gene 1 10 32 -1.41154 0 19 -1.41154 1
gene 1 10 33 -0.990612 0 20 -0.990612 1
gene 1 11 32 -1.00249 0 21 -1.00249 1
gene 1 11 33 -0.621674 0 22 -0.621674 1
gene 1 12 32 4.53242 0 23 4.53242 1
gene 1 12 33 -0.879094 0 24 -0.879094 1
gene 1 13 32 0.835029 0 25 0.835029 1
gene 1 13 33 0.731874 0 26 0.731874 1
gene 1 14 32 0.812901 0 27 0.812901 1
gene 1 14 33 -5 0 28 -5 1
gene 1 15 32 3.29621 0 29 3.29621 1
gene 1 15 33 -5 0 30 -5 1
gene 1 16 32 1.94021 0 31 1.94021 1
gene 1 16 33 4.76918 0 32 4.76918 1
gene 1 17 32 -0.403334 0 33 -0.403334 1
gene 1 17 33 -3.63239 0 34 -3.63239 1
gene 1 18 32 -3.43376 0 35 -3.43376 1
gene 1 18 33 -1.57574 0 36 -1.57574 1
gene 1 19 32 -0.628796 0 37 -0.628796 1
gene 1 19 33 -0.508481 0 38 -0.508481 1
gene 1 20 32 -1.02095 0 39 -1.02095 1
gene 1 20 33 1.45676 0 40 1.45676 1
gene 1 21 32 0.921937 0 41 0.921937 1
gene 1 21 33 0.209879 0 42 0.209879 1
gene 1 22 32 -1.22647 0 43 -1.22647 1
gene 1 22 33 -0.651337 0 44 -0.651337 1
gene 1 23 32 -0.368534 0 45 -0.368534 1
gene 1 23 33 -0.725458 0 46 -0.725458 1
gene 1 24 32 -1.54604 0 47 -1.54604 1
gene 1 24 33 -1.61432 0 48 -1.61432 1
gene 1 25 32 1.23125 0 49 1.23125 1
gene 1 25 33 0.721127 0 50 0.721127 1
gene 1 26 32 -0.768755 0 51 -0.768755 1
gene 1 26 33 -0.749354 0 52 -0.749354 1
gene 1 27 32 0.137608 0 53 0.137608 1
gene 1 27 33 -0.370261 0 54 -0.370261 1
gene 1 28 32 3.49373 0 55 3.49373 1
gene 1 28 33 -1.65036 0 56 -1.65036 1
gene 1 29 32 -1.40062 0 57 -1.40062 1
gene 1 29 33 2.27126 0 58 2.27126 1
gene 1 30 32 -1.05254 0 59 -1.05254 1
gene 1 30 33 -0.747133 0 60 -0.747133 1
gene 1 31 32 3.12146 0 61 3.12146 1
gene 1 31 33 -0.0396535 0 62 -0.0396535 1
gene 1 1 35 -1.53373 0 63 -1.53373 1
gene 1 1 36 1.77126 0 64 1.77126 1
gene 1 2 35 -0.0589995 0 65 -0.0589995 1
gene 1 2 36 -3.76428 0 66 -3.76428 1
gene 1 3 35 0.0369727 0 67 0.0369727 1
gene 1 3 36 -5 0 68 -5 1
gene 1 4 35 5 0 69 5 1
gene 1 4 36 3.09098 0 70 3.09098 1
gene 1 5 35 0.88114 0 71 0.88114 1
gene 1 5 36 -0.807326 0 72 -0.807326 1
gene 1 6 35 -3.76637 0 73 -3.76637 1
gene 1 6 36 -0.0329733 0 74 -0.0329733 1
gene 1 7 35 4.15943 0 75 4.15943 1
gene 1 7 36 0.89086 0 76 0.89086 1
gene 1 8 35 -0.356486 0 77 -0.356486 1
gene 1 8 36 -0.97578 0 78 -0.97578 1
gene 1 9 35 -1.85681 0 79 -1.85681 1
gene 1 9 36 2.13592 0 80 2.13592 1
gene 1 10 35 1.45008 0 81 1.45008 1
gene 1 10 36 0.827529 0 82 0.827529 1
gene 1 11 35 -0.984176 0 83 -0.984176 1
gene 1 11 36 5 0 84 5 1
gene 1 12 35 1.94536 0 85 1.94536 1
gene 1 12 36 4.19969 0 86 4.19969 1
gene 1 13 35 -0.202108 0 87 -0.202108 1
gene 1 13 36 0.33973 0 88 0.33973 1
gene 1 14 35 1.10321 0 89 1.10321 1
gene 1 14 36 -1.48296 0 90 -1.48296 1
gene 1 15 35 0.958579 0 91 0.958579 1
gene 1 15 36 -1.7724 0 92 -1.7724 1
gene 1 16 35 -0.0213661 0 93 -0.0213661 1
gene 1 16 36 3.07053 0 94 3.07053 1
gene 1 17 35 0.459977 0 95 0.459977 1
gene 1 17 36 -4.02233 0 96 -4.02233 1
gene 1 18 35 5 0 97 5 1
gene 1 18 36 -3.17371 0 98 -3.17371 1
gene 1 19 35 -0.166419 0 99 -0.166419 1
gene 1 19 36 0.592152 0 100 0.592152 1
gene 1 20 35 0.60806 0 101 0.60806 1
gene 1 20 36 -0.0952825 0 102 -0.0952825 1
gene 1 21 35 0.309294 0 103 0.309294 1
gene 1 21 36 -0.780745 0 104 -0.780745 1
gene 1 22 35 -1.54719 0 105 -1.54719 1
gene 1 22 36 -2.47532 0 106 -2.47532 1
gene 1 23 35 0.634602 0 107 0.634602 1
gene 1 23 36 -1.35639 0 108 -1.35639 1
gene 1 24 35 2.06456 0 109 2.06456 1
gene 1 24 36 -0.497357 0 110 -0.497357 1
gene 1 25 35 2.32989 0 111 2.32989 1
gene 1 25 36 -1.61269 0 112 -1.61269 1
gene 1 26 35 0.155543 0 113 0.155543 1
gene 1 26 36 -0.988721 0 114 -0.988721 1
gene 1 27 35 0.8807 0 115 0.8807 1
gene 1 27 36 1.31391 0 116 1.31391 1
gene 1 28 35 -1.08812 0 117 -1.08812 1
gene 1 28 36 -0.416116 0 118 -0.416116 1
gene 1 29 35 4.38312 0 119 4.38312 1
gene 1 29 36 0.0653427 0 120 0.0653427 1
gene 1 30 35 2.11122 0 121 2.11122 1
gene 1 30 36 0.234223 0 122 0.234223 1
gene 1 31 35 1.37659 0 123 1.37659 1
gene 1 31 36 -1.17371 0 124 -1.17371 1
gene 1 35 32 -1.49678 0 125 -1.49678 1
gene 1 35 33 -0.0420691 0 126 -0.0420691 1
gene 1 35 34 -0.635821 0 127 -0.635821 1
gene 1 36 32 -0.169484 0 128 -0.169484 1
gene 1 36 33 1.01192 0 129 1.01192 1
gene 1 36 34 0.43917 0 130 0.43917 1
gene 1 35 35 0.362026 1 131 0.362026 1
gene 1 36 36 0.452518 1 132 0.452518 1
gene 1 34 37 0.183434 1 133 0.183434 1
gene 1 37 32 0.0304614 0 134 0.0304614 1
gene 1 37 33 0.588539 0 135 0.588539 1
gene 1 37 34 0.118125 0 136 0.118125 1
genomeend 1


