/* Organism #4 Fitness: 40341.824000 Time: 0 */
genomestart 4
trait 1 0.496127 0.985263 1.000000 0.194025 0.772422 0.000000 0.000000 0.000000 
node 1 1 1 1
node 2 1 1 1
node 3 1 1 1
node 4 1 1 1
node 5 1 1 1
node 6 1 1 1
node 7 1 1 1
node 8 1 1 1
node 9 1 1 1
node 10 1 1 1
node 11 1 1 1
node 12 1 1 1
node 13 1 1 1
node 14 1 1 1
node 15 1 1 1
node 16 1 1 1
node 17 1 1 1
node 18 1 1 1
node 19 1 1 1
node 20 1 1 1
node 21 1 1 1
node 22 1 1 1
node 23 1 1 1
node 24 1 1 1
node 25 1 1 1
node 26 1 1 1
node 27 1 1 1
node 28 1 1 1
node 29 1 1 1
node 30 1 1 1
node 31 1 1 3
node 32 1 0 2
node 33 1 0 2
node 34 1 0 2
node 35 1 0 0
node 36 1 0 0
node 37 1 0 1
gene 1 1 32 0.175692 0 1 0.175692 1
gene 1 1 33 -2.18243 0 2 -2.18243 1
gene 1 2 32 -2.05407 0 3 -2.05407 1
gene 1 2 33 4.17037 0 4 4.17037 1
gene 1 3 32 0.0391448 0 5 0.0391448 1
gene 1 3 33 4.18926 0 6 4.18926 1
gene 1 4 32 -4.88367 0 7 -4.88367 1
gene 1 4 33 5 0 8 5 1
gene 1 5 32 2.78676 0 9 2.78676 1
gene 1 5 33 -4.36005 0 10 -4.36005 1
gene 1 6 32 0.840958 0 11 0.840958 1
gene 1 6 33 3.34623 0 12 3.34623 1
gene 1 7 32 5 0 13 5 1
gene 1 7 33 -3.40046 0 14 -3.40046 1
gene 1 8 32 -0.734013 0 15 -0.734013 1
gene 1 8 33 2.52505 0 16 2.52505 1
gene 1 9 32 -0.119471 0 17 -0.119471 1
gene 1 9 33 -1.31632 0 18 -1.31632 1
gene 1 10 32 -1.83356 0 19 -1.83356 1
gene 1 10 33 -4.67705 0 20 -4.67705 1
gene 1 11 32 0.49966 0 21 0.49966 1
gene 1 11 33 1.87244 0 22 1.87244 1
gene 1 12 32 1.46707 0 23 1.46707 1
gene 1 12 33 2.87542 0 24 2.87542 1
gene 1 13 32 1.82251 0 25 1.82251 1
gene 1 13 33 -3.25545 0 26 -3.25545 1
gene 1 14 32 -0.536476 0 27 -0.536476 1
gene 1 14 33 0.23026 0 28 0.23026 1
gene 1 15 32 0.224219 0 29 0.224219 1
gene 1 15 33 -1.29948 0 30 -1.29948 1
gene 1 16 32 -1.25303 0 31 -1.25303 1
gene 1 16 33 -1.02372 0 32 -1.02372 1
gene 1 17 32 -3.5229 0 33 -3.5229 1
gene 1 17 33 -0.0256324 0 34 -0.0256324 1
gene 1 18 32 0.361289 0 35 0.361289 1
gene 1 18 33 -1.51464 0 36 -1.51464 1
gene 1 19 32 -0.611626 0 37 -0.611626 1
gene 1 19 33 1.39022 0 38 1.39022 1
gene 1 20 32 2.06814 0 39 2.06814 1
gene 1 20 33 -1.47772 0 40 -1.47772 1
gene 1 21 32 -5 0 41 -5 1
gene 1 21 33 0.654423 0 42 0.654423 1
gene 1 22 32 3.61864 0 43 3.61864 1
gene 1 22 33 -2.36332 0 44 -2.36332 1
gene 1 23 32 0.495078 0 45 0.495078 1
gene 1 23 33 -0.0660891 0 46 -0.0660891 1
gene 1 24 32 -0.0888034 0 47 -0.0888034 1
gene 1 24 33 -0.970157 0 48 -0.970157 1
gene 1 25 32 -1.38613 0 49 -1.38613 1
gene 1 25 33 -1.17861 0 50 -1.17861 1
gene 1 26 32 0.301639 0 51 0.301639 1
gene 1 26 33 3.8408 0 52 3.8408 1
gene 1 27 32 0.909911 0 53 0.909911 1
gene 1 27 33 -2.6056 0 54 -2.6056 1
gene 1 28 32 -0.374069 0 55 -0.374069 1
gene 1 28 33 1.53534 0 56 1.53534 1
gene 1 29 32 -0.656483 0 57 -0.656483 1
gene 1 29 33 1.74117 0 58 1.74117 1
gene 1 30 32 -2.40265 0 59 -2.40265 1
gene 1 30 33 -4.14784 0 60 -4.14784 1
gene 1 31 32 -1.91347 0 61 -1.91347 1
gene 1 31 33 0.0822893 0 62 0.0822893 1
gene 1 1 35 -0.219915 0 63 -0.219915 1
gene 1 1 36 -5 0 64 -5 1
gene 1 2 35 0.460575 0 65 0.460575 1
gene 1 2 36 0.54245 0 66 0.54245 1
gene 1 3 35 2.21054 0 67 2.21054 1
gene 1 3 36 -0.337873 0 68 -0.337873 1
gene 1 4 35 -0.917186 0 69 -0.917186 1
gene 1 4 36 -0.502222 0 70 -0.502222 1
gene 1 5 35 -0.47192 0 71 -0.47192 1
gene 1 5 36 -0.0216709 0 72 -0.0216709 1
gene 1 6 35 -0.028577 0 73 -0.028577 1
gene 1 6 36 -3.95048 0 74 -3.95048 1
gene 1 7 35 2.76077 0 75 2.76077 1
gene 1 7 36 -0.667601 0 76 -0.667601 1
gene 1 8 35 -3.72029 0 77 -3.72029 1
gene 1 8 36 3.45377 0 78 3.45377 1
gene 1 9 35 -1.10875 0 79 -1.10875 1
gene 1 9 36 -0.124836 0 80 -0.124836 1
gene 1 10 35 4.69638 0 81 4.69638 1
gene 1 10 36 0.367953 0 82 0.367953 1
gene 1 11 35 4.06293 0 83 4.06293 1
gene 1 11 36 -4.74956 0 84 -4.74956 1
gene 1 12 35 -2.29105 0 85 -2.29105 1
gene 1 12 36 0.062724 0 86 0.062724 1
gene 1 13 35 3.25406 0 87 3.25406 1
gene 1 13 36 2.22772 0 88 2.22772 1
gene 1 14 35 2.60771 0 89 2.60771 1
gene 1 14 36 -1.53557 0 90 -1.53557 1
gene 1 15 35 -0.773633 0 91 -0.773633 1
gene 1 15 36 2.04984 0 92 2.04984 1
gene 1 16 35 -3.25854 0 93 -3.25854 1
gene 1 16 36 -2.14763 0 94 -2.14763 1
gene 1 17 35 -2.27041 0 95 -2.27041 1
gene 1 17 36 2.22016 0 96 2.22016 1
gene 1 18 35 1.03577 0 97 1.03577 1
gene 1 18 36 2.9214 0 98 2.9214 1
gene 1 19 35 -1.60422 0 99 -1.60422 1
gene 1 19 36 4.54386 0 100 4.54386 1
gene 1 20 35 2.23428 0 101 2.23428 1
gene 1 20 36 -2.48379 0 102 -2.48379 1
gene 1 21 35 3.1789 0 103 3.1789 1
gene 1 21 36 0.845271 0 104 0.845271 1
gene 1 22 35 -1.36536 0 105 -1.36536 1
gene 1 22 36 -1.71184 0 106 -1.71184 1
gene 1 23 35 0.634974 0 107 0.634974 1
gene 1 23 36 0.261335 0 108 0.261335 1
gene 1 24 35 -0.854469 0 109 -0.854469 1
gene 1 24 36 -0.747787 0 110 -0.747787 1
gene 1 25 35 -0.174544 0 111 -0.174544 1
gene 1 25 36 0.0188961 0 112 0.0188961 1
gene 1 26 35 1.35479 0 113 1.35479 1
gene 1 26 36 1.13331 0 114 1.13331 1
gene 1 27 35 -0.0427824 0 115 -0.0427824 1
gene 1 27 36 -1.57049 0 116 -1.57049 1
gene 1 28 35 -0.573237 0 117 -0.573237 1
gene 1 28 36 0.13771 0 118 0.13771 1
gene 1 29 35 0.268496 0 119 0.268496 1
gene 1 29 36 0.823788 0 120 0.823788 1
gene 1 30 35 0.884713 0 121 0.884713 1
gene 1 30 36 -1.22875 0 122 -1.22875 1
gene 1 31 35 0.949023 0 123 0.949023 1
gene 1 31 36 0.400166 0 124 0.400166 1
gene 1 35 32 0.630954 0 125 0.630954 1
gene 1 35 33 0.714778 0 126 0.714778 1
gene 1 35 34 -0.949599 0 127 -0.949599 1
gene 1 36 32 -0.0315557 0 128 -0.0315557 1
gene 1 36 33 -0.693842 0 129 -0.693842 1
gene 1 36 34 -1.5601 0 130 -1.5601 1
gene 1 35 35 -1.45001 1 131 -1.45001 1
gene 1 36 36 0.451605 1 132 0.451605 1
gene 1 34 37 0.598531 1 133 0.598531 1
gene 1 37 32 -0.504848 0 134 -0.504848 1
gene 1 37 33 -0.113192 0 135 -0.113192 1
gene 1 37 34 -0.161039 0 136 -0.161039 1
genomeend 4


