/* Organism #4 Fitness: 41168.594000 Time: 0 */
genomestart 4
trait 1 1.000000 0.000000 0.185074 0.000000 0.670516 0.000000 0.401709 0.740529 
node 1 1 1 1
node 2 1 1 1
node 3 1 1 1
node 4 1 1 1
node 5 1 1 1
node 6 1 1 1
node 7 1 1 1
node 8 1 1 1
node 9 1 1 1
node 10 1 1 1
node 11 1 1 1
node 12 1 1 1
node 13 1 1 1
node 14 1 1 1
node 15 1 1 1
node 16 1 1 1
node 17 1 1 1
node 18 1 1 1
node 19 1 1 1
node 20 1 1 1
node 21 1 1 1
node 22 1 1 1
node 23 1 1 1
node 24 1 1 1
node 25 1 1 1
node 26 1 1 1
node 27 1 1 1
node 28 1 1 1
node 29 1 1 1
node 30 1 1 1
node 31 1 1 3
node 32 1 0 2
node 33 1 0 2
node 34 1 0 2
node 35 1 0 0
node 36 1 0 0
node 37 1 0 1
gene 1 1 32 -0.457973 0 1 -0.457973 1
gene 1 1 33 -0.743945 0 2 -0.743945 1
gene 1 2 32 -1.77702 0 3 -1.77702 1
gene 1 2 33 0.335495 0 4 0.335495 1
gene 1 3 32 -0.982867 0 5 -0.982867 1
gene 1 3 33 4.51657 0 6 4.51657 1
gene 1 4 32 2.90995 0 7 2.90995 1
gene 1 4 33 1.33996 0 8 1.33996 1
gene 1 5 32 -3.0356 0 9 -3.0356 1
gene 1 5 33 -0.353453 0 10 -0.353453 1
gene 1 6 32 3.05169 0 11 3.05169 1
gene 1 6 33 -4.64956 0 12 -4.64956 1
gene 1 7 32 -0.583491 0 13 -0.583491 1
gene 1 7 33 1.5106 0 14 1.5106 1
gene 1 8 32 -1.09174 0 15 -1.09174 1
gene 1 8 33 -2.92967 0 16 -2.92967 1
gene 1 9 32 -0.308229 0 17 -0.308229 1
gene 1 9 33 -3.66488 0 18 -3.66488 1
gene 1 10 32 -1.18873 0 19 -1.18873 1
gene 1 10 33 -0.647636 0 20 -0.647636 1
gene 1 11 32 0.708623 0 21 0.708623 1
gene 1 11 33 1.22605 0 22 1.22605 1
gene 1 12 32 -1.66815 0 23 -1.66815 1
gene 1 12 33 -0.845981 0 24 -0.845981 1
gene 1 13 32 3.46244 0 25 3.46244 1
gene 1 13 33 0.98623 0 26 0.98623 1
gene 1 14 32 -0.867406 0 27 -0.867406 1
gene 1 14 33 -1.21192 0 28 -1.21192 1
gene 1 15 32 -0.598152 0 29 -0.598152 1
gene 1 15 33 -4.32823 0 30 -4.32823 1
gene 1 16 32 -0.165193 0 31 -0.165193 1
gene 1 16 33 -0.128749 0 32 -0.128749 1
gene 1 17 32 0.973927 0 33 0.973927 1
gene 1 17 33 0.0156466 0 34 0.0156466 1
gene 1 18 32 0.602642 0 35 0.602642 1
gene 1 18 33 -3.24408 0 36 -3.24408 1
gene 1 19 32 3.23291 0 37 3.23291 1
gene 1 19 33 -2.83417 0 38 -2.83417 1
gene 1 20 32 -0.177524 0 39 -0.177524 1
gene 1 20 33 -0.497067 0 40 -0.497067 1
gene 1 21 32 -0.727803 0 41 -0.727803 1
gene 1 21 33 -1.98795 0 42 -1.98795 1
gene 1 22 32 -3.03604 0 43 -3.03604 1
gene 1 22 33 1.16787 0 44 1.16787 1
gene 1 23 32 1.76822 0 45 1.76822 1
gene 1 23 33 -1.53841 0 46 -1.53841 1
gene 1 24 32 1.52346 0 47 1.52346 1
gene 1 24 33 -0.999182 0 48 -0.999182 1
gene 1 25 32 0.439445 0 49 0.439445 1
gene 1 25 33 0.3395 0 50 0.3395 1
gene 1 26 32 2.08613 0 51 2.08613 1
gene 1 26 33 1.90707 0 52 1.90707 1
gene 1 27 32 2.37209 0 53 2.37209 1
gene 1 27 33 2.65311 0 54 2.65311 1
gene 1 28 32 -1.70188 0 55 -1.70188 1
gene 1 28 33 3.99439 0 56 3.99439 1
gene 1 29 32 -2.70291 0 57 -2.70291 1
gene 1 29 33 0.0703576 0 58 0.0703576 1
gene 1 30 32 -4.99621 0 59 -4.99621 1
gene 1 30 33 0.212638 0 60 0.212638 1
gene 1 31 32 0.847405 0 61 0.847405 1
gene 1 31 33 -2.70031 0 62 -2.70031 1
gene 1 1 35 -1.04921 0 63 -1.04921 1
gene 1 1 36 -4.20145 0 64 -4.20145 1
gene 1 2 35 -2.37557 0 65 -2.37557 1
gene 1 2 36 -4.26647 0 66 -4.26647 1
gene 1 3 35 -3.65148 0 67 -3.65148 1
gene 1 3 36 -1.39215 0 68 -1.39215 1
gene 1 4 35 1.88759 0 69 1.88759 1
gene 1 4 36 -0.26617 0 70 -0.26617 1
gene 1 5 35 -0.286433 0 71 -0.286433 1
gene 1 5 36 -2.48852 0 72 -2.48852 1
gene 1 6 35 -0.589913 0 73 -0.589913 1
gene 1 6 36 -0.28515 0 74 -0.28515 1
gene 1 7 35 -0.304588 0 75 -0.304588 1
gene 1 7 36 1.19299 0 76 1.19299 1
gene 1 8 35 -4.65898 0 77 -4.65898 1
gene 1 8 36 -5 0 78 -5 1
gene 1 9 35 0.399317 0 79 0.399317 1
gene 1 9 36 0.893149 0 80 0.893149 1
gene 1 10 35 0.943147 0 81 0.943147 1
gene 1 10 36 2.9153 0 82 2.9153 1
gene 1 11 35 0.500248 0 83 0.500248 1
gene 1 11 36 3.04904 0 84 3.04904 1
gene 1 12 35 -3.41383 0 85 -3.41383 1
gene 1 12 36 1.83839 0 86 1.83839 1
gene 1 13 35 -2.07346 0 87 -2.07346 1
gene 1 13 36 -4.64424 0 88 -4.64424 1
gene 1 14 35 1.95312 0 89 1.95312 1
gene 1 14 36 2.54177 0 90 2.54177 1
gene 1 15 35 3.75024 0 91 3.75024 1
gene 1 15 36 -2.54004 0 92 -2.54004 1
gene 1 16 35 0.146662 0 93 0.146662 1
gene 1 16 36 -0.246812 0 94 -0.246812 1
gene 1 17 35 -0.932279 0 95 -0.932279 1
gene 1 17 36 -1.57174 0 96 -1.57174 1
gene 1 18 35 -2.98141 0 97 -2.98141 1
gene 1 18 36 -5 0 98 -5 1
gene 1 19 35 -3.69091 0 99 -3.69091 1
gene 1 19 36 -1.43084 0 100 -1.43084 1
gene 1 20 35 -1.32197 0 101 -1.32197 1
gene 1 20 36 1.21089 0 102 1.21089 1
gene 1 21 35 0.814561 0 103 0.814561 1
gene 1 21 36 -5 0 104 -5 1
gene 1 22 35 1.88097 0 105 1.88097 1
gene 1 22 36 -1.91619 0 106 -1.91619 1
gene 1 23 35 0.913511 0 107 0.913511 1
gene 1 23 36 -1.90579 0 108 -1.90579 1
gene 1 24 35 1.4038 0 109 1.4038 1
gene 1 24 36 1.48979 0 110 1.48979 1
gene 1 25 35 1.74323 0 111 1.74323 1
gene 1 25 36 0.46676 0 112 0.46676 1
gene 1 26 35 0.83796 0 113 0.83796 1
gene 1 26 36 2.96642 0 114 2.96642 1
gene 1 27 35 -0.467524 0 115 -0.467524 1
gene 1 27 36 -1.21482 0 116 -1.21482 1
gene 1 28 35 0.95937 0 117 0.95937 1
gene 1 28 36 -0.0965419 0 118 -0.0965419 1
gene 1 29 35 -1.00438 0 119 -1.00438 1
gene 1 29 36 2.587 0 120 2.587 1
gene 1 30 35 -0.915562 0 121 -0.915562 1
gene 1 30 36 -0.175799 0 122 -0.175799 1
gene 1 31 35 0.903823 0 123 0.903823 1
gene 1 31 36 -0.767641 0 124 -0.767641 1
gene 1 35 32 0.188369 0 125 0.188369 1
gene 1 35 33 -1.61494 0 126 -1.61494 1
gene 1 35 34 -0.381886 0 127 -0.381886 1
gene 1 36 32 0.636468 0 128 0.636468 1
gene 1 36 33 -0.4773 0 129 -0.4773 1
gene 1 36 34 -0.549284 0 130 -0.549284 1
gene 1 35 35 -0.388451 1 131 -0.388451 1
gene 1 36 36 0.267454 1 132 0.267454 1
gene 1 34 37 -0.86364 1 133 -0.86364 1
gene 1 37 32 0.84561 0 134 0.84561 1
gene 1 37 33 0.221452 0 135 0.221452 1
gene 1 37 34 -0.608132 0 136 -0.608132 1
genomeend 4


