/* Organism #47 Fitness: 41384.018000 Time: 0 */
genomestart 47
trait 1 0.000000 0.000000 0.417298 0.000000 0.000000 0.923339 0.737744 0.373735 
node 1 1 1 1
node 2 1 1 1
node 3 1 1 1
node 4 1 1 1
node 5 1 1 1
node 6 1 1 1
node 7 1 1 1
node 8 1 1 1
node 9 1 1 1
node 10 1 1 1
node 11 1 1 1
node 12 1 1 1
node 13 1 1 1
node 14 1 1 1
node 15 1 1 1
node 16 1 1 1
node 17 1 1 1
node 18 1 1 1
node 19 1 1 1
node 20 1 1 1
node 21 1 1 1
node 22 1 1 1
node 23 1 1 1
node 24 1 1 1
node 25 1 1 1
node 26 1 1 1
node 27 1 1 1
node 28 1 1 1
node 29 1 1 1
node 30 1 1 1
node 31 1 1 3
node 32 1 0 2
node 33 1 0 2
node 34 1 0 2
node 35 1 0 0
node 36 1 0 0
node 37 1 0 1
gene 1 1 32 0.156974 0 1 0.156974 1
gene 1 1 33 5 0 2 5 1
gene 1 2 32 4.04797 0 3 4.04797 1
gene 1 2 33 -4.25582 0 4 -4.25582 1
gene 1 3 32 0.609194 0 5 0.609194 1
gene 1 3 33 -0.385141 0 6 -0.385141 1
gene 1 4 32 -0.919849 0 7 -0.919849 1
gene 1 4 33 -1.54014 0 8 -1.54014 1
gene 1 5 32 0.783328 0 9 0.783328 1
gene 1 5 33 1.64582 0 10 1.64582 1
gene 1 6 32 -2.59143 0 11 -2.59143 1
gene 1 6 33 -1.61724 0 12 -1.61724 1
gene 1 7 32 -2.56425 0 13 -2.56425 1
gene 1 7 33 1.19749 0 14 1.19749 1
gene 1 8 32 -3.28873 0 15 -3.28873 1
gene 1 8 33 -3.67772 0 16 -3.67772 1
gene 1 9 32 0.0191612 0 17 0.0191612 1
gene 1 9 33 -2.26533 0 18 -2.26533 1
gene 1 10 32 -1.12992 0 19 -1.12992 1
gene 1 10 33 -1.31611 0 20 -1.31611 1
gene 1 11 32 0.276427 0 21 0.276427 1
gene 1 11 33 1.41142 0 22 1.41142 1
gene 1 12 32 -4.31082 0 23 -4.31082 1
gene 1 12 33 4.33738 0 24 4.33738 1
gene 1 13 32 1.6973 0 25 1.6973 1
gene 1 13 33 -1.8084 0 26 -1.8084 1
gene 1 14 32 3.5238 0 27 3.5238 1
gene 1 14 33 2.06289 0 28 2.06289 1
gene 1 15 32 0.449553 0 29 0.449553 1
gene 1 15 33 1.71722 0 30 1.71722 1
gene 1 16 32 -1.28187 0 31 -1.28187 1
gene 1 16 33 -1.54151 0 32 -1.54151 1
gene 1 17 32 2.52816 0 33 2.52816 1
gene 1 17 33 -1.97026 0 34 -1.97026 1
gene 1 18 32 -0.600529 0 35 -0.600529 1
gene 1 18 33 3.00532 0 36 3.00532 1
gene 1 19 32 0.201357 0 37 0.201357 1
gene 1 19 33 -0.899844 0 38 -0.899844 1
gene 1 20 32 -2.55847 0 39 -2.55847 1
gene 1 20 33 -2.84055 0 40 -2.84055 1
gene 1 21 32 3.10124 0 41 3.10124 1
gene 1 21 33 -0.702803 0 42 -0.702803 1
gene 1 22 32 3.78367 0 43 3.78367 1
gene 1 22 33 1.85245 0 44 1.85245 1
gene 1 23 32 0.537866 0 45 0.537866 1
gene 1 23 33 3.4531 0 46 3.4531 1
gene 1 24 32 0.323047 0 47 0.323047 1
gene 1 24 33 0.0508815 0 48 0.0508815 1
gene 1 25 32 -2.13925 0 49 -2.13925 1
gene 1 25 33 1.56059 0 50 1.56059 1
gene 1 26 32 -0.266663 0 51 -0.266663 1
gene 1 26 33 0.582818 0 52 0.582818 1
gene 1 27 32 2.40186 0 53 2.40186 1
gene 1 27 33 -0.924306 0 54 -0.924306 1
gene 1 28 32 -1.34771 0 55 -1.34771 1
gene 1 28 33 -1.04537 0 56 -1.04537 1
gene 1 29 32 1.04834 0 57 1.04834 1
gene 1 29 33 -5 0 58 -5 1
gene 1 30 32 3.91802 0 59 3.91802 1
gene 1 30 33 3.79447 0 60 3.79447 1
gene 1 31 32 1.20524 0 61 1.20524 1
gene 1 31 33 -1.30372 0 62 -1.30372 1
gene 1 1 35 -0.991566 0 63 -0.991566 1
gene 1 1 36 0.897704 0 64 0.897704 1
gene 1 2 35 -3.62844 0 65 -3.62844 1
gene 1 2 36 -0.524863 0 66 -0.524863 1
gene 1 3 35 -1.11223 0 67 -1.11223 1
gene 1 3 36 0.0725968 0 68 0.0725968 1
gene 1 4 35 -0.882433 0 69 -0.882433 1
gene 1 4 36 1.10439 0 70 1.10439 1
gene 1 5 35 1.34632 0 71 1.34632 1
gene 1 5 36 1.05584 0 72 1.05584 1
gene 1 6 35 0.0416853 0 73 0.0416853 1
gene 1 6 36 -0.25788 0 74 -0.25788 1
gene 1 7 35 1.02986 0 75 1.02986 1
gene 1 7 36 1.24211 0 76 1.24211 1
gene 1 8 35 -2.97035 0 77 -2.97035 1
gene 1 8 36 1.86621 0 78 1.86621 1
gene 1 9 35 0.0631286 0 79 0.0631286 1
gene 1 9 36 -0.457421 0 80 -0.457421 1
gene 1 10 35 -3.85561 0 81 -3.85561 1
gene 1 10 36 0.748548 0 82 0.748548 1
gene 1 11 35 -0.749456 0 83 -0.749456 1
gene 1 11 36 4.99847 0 84 4.99847 1
gene 1 12 35 -2.25677 0 85 -2.25677 1
gene 1 12 36 3.35327 0 86 3.35327 1
gene 1 13 35 -0.849723 0 87 -0.849723 1
gene 1 13 36 -0.53986 0 88 -0.53986 1
gene 1 14 35 -2.75902 0 89 -2.75902 1
gene 1 14 36 -3.12929 0 90 -3.12929 1
gene 1 15 35 -2.11409 0 91 -2.11409 1
gene 1 15 36 -5 0 92 -5 1
gene 1 16 35 -3.49988 0 93 -3.49988 1
gene 1 16 36 -4.73784 0 94 -4.73784 1
gene 1 17 35 -0.304697 0 95 -0.304697 1
gene 1 17 36 -2.15914 0 96 -2.15914 1
gene 1 18 35 -0.0373631 0 97 -0.0373631 1
gene 1 18 36 1.52076 0 98 1.52076 1
gene 1 19 35 -0.770042 0 99 -0.770042 1
gene 1 19 36 -0.434913 0 100 -0.434913 1
gene 1 20 35 2.25189 0 101 2.25189 1
gene 1 20 36 0.550726 0 102 0.550726 1
gene 1 21 35 0.0507988 0 103 0.0507988 1
gene 1 21 36 0.0939403 0 104 0.0939403 1
gene 1 22 35 -0.424385 0 105 -0.424385 1
gene 1 22 36 0.0567233 0 106 0.0567233 1
gene 1 23 35 -4.90918 0 107 -4.90918 1
gene 1 23 36 -0.222005 0 108 -0.222005 1
gene 1 24 35 -4.30967 0 109 -4.30967 1
gene 1 24 36 1.35028 0 110 1.35028 1
gene 1 25 35 0.690708 0 111 0.690708 1
gene 1 25 36 0.229214 0 112 0.229214 1
gene 1 26 35 0.224906 0 113 0.224906 1
gene 1 26 36 0.131279 0 114 0.131279 1
gene 1 27 35 0.399035 0 115 0.399035 1
gene 1 27 36 0.905902 0 116 0.905902 1
gene 1 28 35 0.65085 0 117 0.65085 1
gene 1 28 36 -0.0536443 0 118 -0.0536443 1
gene 1 29 35 -0.279225 0 119 -0.279225 1
gene 1 29 36 0.456795 0 120 0.456795 1
gene 1 30 35 -0.682091 0 121 -0.682091 1
gene 1 30 36 0.388297 0 122 0.388297 1
gene 1 31 35 0.479789 0 123 0.479789 1
gene 1 31 36 -2.72225 0 124 -2.72225 1
gene 1 35 32 0.288212 0 125 0.288212 1
gene 1 35 33 0.510426 0 126 0.510426 1
gene 1 35 34 -0.235016 0 127 -0.235016 1
gene 1 36 32 -1.27573 0 128 -1.27573 1
gene 1 36 33 -0.299986 0 129 -0.299986 1
gene 1 36 34 -2.61973 0 130 -2.61973 1
gene 1 35 35 0.425236 1 131 0.425236 1
gene 1 36 36 1.48929 1 132 1.48929 1
gene 1 34 37 -0.502595 1 133 -0.502595 1
gene 1 37 32 -1.09916 0 134 -1.09916 1
gene 1 37 33 -0.613674 0 135 -0.613674 1
gene 1 37 34 0.20008 0 136 0.20008 1
genomeend 47


