/* Organism #5 Fitness: 41566.614000 Time: 0 */
genomestart 5
trait 1 0.980794 0.000000 0.000000 0.000000 0.113311 0.000000 0.959575 0.122106 
node 1 1 1 1
node 2 1 1 1
node 3 1 1 1
node 4 1 1 1
node 5 1 1 1
node 6 1 1 1
node 7 1 1 1
node 8 1 1 1
node 9 1 1 1
node 10 1 1 1
node 11 1 1 1
node 12 1 1 1
node 13 1 1 1
node 14 1 1 1
node 15 1 1 1
node 16 1 1 1
node 17 1 1 1
node 18 1 1 1
node 19 1 1 1
node 20 1 1 1
node 21 1 1 1
node 22 1 1 1
node 23 1 1 1
node 24 1 1 1
node 25 1 1 1
node 26 1 1 1
node 27 1 1 1
node 28 1 1 1
node 29 1 1 1
node 30 1 1 1
node 31 1 1 3
node 32 1 0 2
node 33 1 0 2
node 34 1 0 2
node 35 1 0 0
node 36 1 0 0
node 37 1 0 1
gene 1 1 32 -0.401774 0 1 -0.401774 1
gene 1 1 33 -1.72643 0 2 -1.72643 1
gene 1 2 32 -0.0854418 0 3 -0.0854418 1
gene 1 2 33 1.62923 0 4 1.62923 1
gene 1 3 32 1.96359 0 5 1.96359 1
gene 1 3 33 3.42615 0 6 3.42615 1
gene 1 4 32 1.66521 0 7 1.66521 1
gene 1 4 33 1.49646 0 8 1.49646 1
gene 1 5 32 -4.46934 0 9 -4.46934 1
gene 1 5 33 0.450986 0 10 0.450986 1
gene 1 6 32 4.54886 0 11 4.54886 1
gene 1 6 33 -4.38417 0 12 -4.38417 1
gene 1 7 32 -0.106482 0 13 -0.106482 1
gene 1 7 33 1.3657 0 14 1.3657 1
gene 1 8 32 -2.34374 0 15 -2.34374 1
gene 1 8 33 -4.37102 0 16 -4.37102 1
gene 1 9 32 2.57808 0 17 2.57808 1
gene 1 9 33 -1.58261 0 18 -1.58261 1
gene 1 10 32 -0.199599 0 19 -0.199599 1
gene 1 10 33 1.83928 0 20 1.83928 1
gene 1 11 32 3.90282 0 21 3.90282 1
gene 1 11 33 0.819379 0 22 0.819379 1
gene 1 12 32 -2.92752 0 23 -2.92752 1
gene 1 12 33 0.659137 0 24 0.659137 1
gene 1 13 32 -0.304171 0 25 -0.304171 1
gene 1 13 33 1.55054 0 26 1.55054 1
gene 1 14 32 1.81862 0 27 1.81862 1
gene 1 14 33 3.43913 0 28 3.43913 1
gene 1 15 32 -2.86897 0 29 -2.86897 1
gene 1 15 33 4.58998 0 30 4.58998 1
gene 1 16 32 -0.917068 0 31 -0.917068 1
gene 1 16 33 0.742764 0 32 0.742764 1
gene 1 17 32 1.69112 0 33 1.69112 1
gene 1 17 33 -2.71228 0 34 -2.71228 1
gene 1 18 32 -3.23183 0 35 -3.23183 1
gene 1 18 33 -3.86866 0 36 -3.86866 1
gene 1 19 32 -0.341757 0 37 -0.341757 1
gene 1 19 33 1.1151 0 38 1.1151 1
gene 1 20 32 0.400555 0 39 0.400555 1
gene 1 20 33 -0.830316 0 40 -0.830316 1
gene 1 21 32 -0.970641 0 41 -0.970641 1
gene 1 21 33 2.55523 0 42 2.55523 1
gene 1 22 32 -2.76343 0 43 -2.76343 1
gene 1 22 33 -5 0 44 -5 1
gene 1 23 32 5 0 45 5 1
gene 1 23 33 0.453008 0 46 0.453008 1
gene 1 24 32 0.612681 0 47 0.612681 1
gene 1 24 33 -1.59403 0 48 -1.59403 1
gene 1 25 32 0.97984 0 49 0.97984 1
gene 1 25 33 0.090316 0 50 0.090316 1
gene 1 26 32 -1.15542 0 51 -1.15542 1
gene 1 26 33 -4.59656 0 52 -4.59656 1
gene 1 27 32 -1.24852 0 53 -1.24852 1
gene 1 27 33 1.56803 0 54 1.56803 1
gene 1 28 32 -1.09658 0 55 -1.09658 1
gene 1 28 33 1.41805 0 56 1.41805 1
gene 1 29 32 -4.11428 0 57 -4.11428 1
gene 1 29 33 1.50508 0 58 1.50508 1
gene 1 30 32 -1.16829 0 59 -1.16829 1
gene 1 30 33 -1.47592 0 60 -1.47592 1
gene 1 31 32 2.3191 0 61 2.3191 1
gene 1 31 33 0.257223 0 62 0.257223 1
gene 1 1 35 -1.46736 0 63 -1.46736 1
gene 1 1 36 0.0395802 0 64 0.0395802 1
gene 1 2 35 1.91306 0 65 1.91306 1
gene 1 2 36 -2.38854 0 66 -2.38854 1
gene 1 3 35 -0.312667 0 67 -0.312667 1
gene 1 3 36 -4.30556 0 68 -4.30556 1
gene 1 4 35 5 0 69 5 1
gene 1 4 36 -0.50521 0 70 -0.50521 1
gene 1 5 35 0.624136 0 71 0.624136 1
gene 1 5 36 1.51263 0 72 1.51263 1
gene 1 6 35 -4.9899 0 73 -4.9899 1
gene 1 6 36 5 0 74 5 1
gene 1 7 35 1.87913 0 75 1.87913 1
gene 1 7 36 -1.22022 0 76 -1.22022 1
gene 1 8 35 -2.12827 0 77 -2.12827 1
gene 1 8 36 -2.73303 0 78 -2.73303 1
gene 1 9 35 -3.2587 0 79 -3.2587 1
gene 1 9 36 -3.5202 0 80 -3.5202 1
gene 1 10 35 2.57846 0 81 2.57846 1
gene 1 10 36 -0.259354 0 82 -0.259354 1
gene 1 11 35 0.0784196 0 83 0.0784196 1
gene 1 11 36 1.97238 0 84 1.97238 1
gene 1 12 35 0.464238 0 85 0.464238 1
gene 1 12 36 -5 0 86 -5 1
gene 1 13 35 -1.36976 0 87 -1.36976 1
gene 1 13 36 -3.39866 0 88 -3.39866 1
gene 1 14 35 2.83017 0 89 2.83017 1
gene 1 14 36 -3.70641 0 90 -3.70641 1
gene 1 15 35 -0.417026 0 91 -0.417026 1
gene 1 15 36 -2.7896 0 92 -2.7896 1
gene 1 16 35 -2.27828 0 93 -2.27828 1
gene 1 16 36 -1.14046 0 94 -1.14046 1
gene 1 17 35 -2.82055 0 95 -2.82055 1
gene 1 17 36 0.739713 0 96 0.739713 1
gene 1 18 35 -0.185817 0 97 -0.185817 1
gene 1 18 36 4.49881 0 98 4.49881 1
gene 1 19 35 -0.63505 0 99 -0.63505 1
gene 1 19 36 1.59938 0 100 1.59938 1
gene 1 20 35 -3.70067 0 101 -3.70067 1
gene 1 20 36 2.29991 0 102 2.29991 1
gene 1 21 35 1.01371 0 103 1.01371 1
gene 1 21 36 3.39284 0 104 3.39284 1
gene 1 22 35 -1.69258 0 105 -1.69258 1
gene 1 22 36 3.11574 0 106 3.11574 1
gene 1 23 35 1.27535 0 107 1.27535 1
gene 1 23 36 -2.59757 0 108 -2.59757 1
gene 1 24 35 3.48524 0 109 3.48524 1
gene 1 24 36 0.606848 0 110 0.606848 1
gene 1 25 35 1.52118 0 111 1.52118 1
gene 1 25 36 0.950419 0 112 0.950419 1
gene 1 26 35 0.998393 0 113 0.998393 1
gene 1 26 36 -0.749354 0 114 -0.749354 1
gene 1 27 35 -1.20047 0 115 -1.20047 1
gene 1 27 36 0.259589 0 116 0.259589 1
gene 1 28 35 0.534756 0 117 0.534756 1
gene 1 28 36 0.158047 0 118 0.158047 1
gene 1 29 35 0.475589 0 119 0.475589 1
gene 1 29 36 0.515408 0 120 0.515408 1
gene 1 30 35 -0.252533 0 121 -0.252533 1
gene 1 30 36 0.907611 0 122 0.907611 1
gene 1 31 35 0.699948 0 123 0.699948 1
gene 1 31 36 -0.555658 0 124 -0.555658 1
gene 1 35 32 1.97942 0 125 1.97942 1
gene 1 35 33 -0.79209 0 126 -0.79209 1
gene 1 35 34 -1.80384 0 127 -1.80384 1
gene 1 36 32 -1.38625 0 128 -1.38625 1
gene 1 36 33 0.906009 0 129 0.906009 1
gene 1 36 34 -3.16616 0 130 -3.16616 1
gene 1 35 35 -0.0504381 1 131 -0.0504381 1
gene 1 36 36 -0.187035 1 132 -0.187035 1
gene 1 34 37 0.96925 1 133 0.96925 1
gene 1 37 32 -0.157066 0 134 -0.157066 1
gene 1 37 33 0.547622 0 135 0.547622 1
gene 1 37 34 -1.96246 0 136 -1.96246 1
genomeend 5


