/* Organism #2 Fitness: 41274.542000 Time: 0 */
genomestart 2
trait 1 0.822120 0.000000 0.000000 0.000000 1.000000 0.000000 0.000000 0.000000 
node 1 1 1 1
node 2 1 1 1
node 3 1 1 1
node 4 1 1 1
node 5 1 1 1
node 6 1 1 1
node 7 1 1 1
node 8 1 1 1
node 9 1 1 1
node 10 1 1 1
node 11 1 1 1
node 12 1 1 1
node 13 1 1 1
node 14 1 1 1
node 15 1 1 1
node 16 1 1 1
node 17 1 1 1
node 18 1 1 1
node 19 1 1 1
node 20 1 1 1
node 21 1 1 1
node 22 1 1 1
node 23 1 1 1
node 24 1 1 1
node 25 1 1 1
node 26 1 1 1
node 27 1 1 1
node 28 1 1 1
node 29 1 1 1
node 30 1 1 1
node 31 1 1 3
node 32 1 0 2
node 33 1 0 2
node 34 1 0 2
node 35 1 0 0
node 36 1 0 0
node 37 1 0 1
gene 1 1 32 0.00734977 0 1 0.00734977 1
gene 1 1 33 1.77344 0 2 1.77344 1
gene 1 2 32 5 0 3 5 1
gene 1 2 33 -5 0 4 -5 1
gene 1 3 32 -1.08295 0 5 -1.08295 1
gene 1 3 33 1.48936 0 6 1.48936 1
gene 1 4 32 -0.665287 0 7 -0.665287 1
gene 1 4 33 -1.7072 0 8 -1.7072 1
gene 1 5 32 4.09572 0 9 4.09572 1
gene 1 5 33 2.32895 0 10 2.32895 1
gene 1 6 32 -3.57498 0 11 -3.57498 1
gene 1 6 33 0.567335 0 12 0.567335 1
gene 1 7 32 -5 0 13 -5 1
gene 1 7 33 1.22322 0 14 1.22322 1
gene 1 8 32 -5 0 15 -5 1
gene 1 8 33 -5 0 16 -5 1
gene 1 9 32 2.60729 0 17 2.60729 1
gene 1 9 33 0.0299202 0 18 0.0299202 1
gene 1 10 32 3.79401 0 19 3.79401 1
gene 1 10 33 -0.190371 0 20 -0.190371 1
gene 1 11 32 0.582024 0 21 0.582024 1
gene 1 11 33 -1.47216 0 22 -1.47216 1
gene 1 12 32 1.66202 0 23 1.66202 1
gene 1 12 33 -2.19782 0 24 -2.19782 1
gene 1 13 32 0.514898 0 25 0.514898 1
gene 1 13 33 1.8908 0 26 1.8908 1
gene 1 14 32 3.62452 0 27 3.62452 1
gene 1 14 33 0.214745 0 28 0.214745 1
gene 1 15 32 1.15795 0 29 1.15795 1
gene 1 15 33 3.01894 0 30 3.01894 1
gene 1 16 32 0.724918 0 31 0.724918 1
gene 1 16 33 3.72744 0 32 3.72744 1
gene 1 17 32 -0.508242 0 33 -0.508242 1
gene 1 17 33 -1.76648 0 34 -1.76648 1
gene 1 18 32 0.275441 0 35 0.275441 1
gene 1 18 33 1.62899 0 36 1.62899 1
gene 1 19 32 1.00605 0 37 1.00605 1
gene 1 19 33 0.956852 0 38 0.956852 1
gene 1 20 32 -3.14081 0 39 -3.14081 1
gene 1 20 33 0.753544 0 40 0.753544 1
gene 1 21 32 -3.59312 0 41 -3.59312 1
gene 1 21 33 -0.997213 0 42 -0.997213 1
gene 1 22 32 2.53372 0 43 2.53372 1
gene 1 22 33 1.8572 0 44 1.8572 1
gene 1 23 32 0.682775 0 45 0.682775 1
gene 1 23 33 -1.43566 0 46 -1.43566 1
gene 1 24 32 2.22617 0 47 2.22617 1
gene 1 24 33 3.49398 0 48 3.49398 1
gene 1 25 32 1.84818 0 49 1.84818 1
gene 1 25 33 -0.591603 0 50 -0.591603 1
gene 1 26 32 4.88032 0 51 4.88032 1
gene 1 26 33 1.33697 0 52 1.33697 1
gene 1 27 32 5 0 53 5 1
gene 1 27 33 -1.54098 0 54 -1.54098 1
gene 1 28 32 0.437782 0 55 0.437782 1
gene 1 28 33 3.3294 0 56 3.3294 1
gene 1 29 32 -3.40888 0 57 -3.40888 1
gene 1 29 33 2.62078 0 58 2.62078 1
gene 1 30 32 4.39815 0 59 4.39815 1
gene 1 30 33 4.33789 0 60 4.33789 1
gene 1 31 32 -0.713938 0 61 -0.713938 1
gene 1 31 33 -2.53976 0 62 -2.53976 1
gene 1 1 35 -1.52418 0 63 -1.52418 1
gene 1 1 36 0.15056 0 64 0.15056 1
gene 1 2 35 -0.902339 0 65 -0.902339 1
gene 1 2 36 -2.47344 0 66 -2.47344 1
gene 1 3 35 0.488001 0 67 0.488001 1
gene 1 3 36 5 0 68 5 1
gene 1 4 35 0.798783 0 69 0.798783 1
gene 1 4 36 3.08396 0 70 3.08396 1
gene 1 5 35 5 0 71 5 1
gene 1 5 36 -0.417783 0 72 -0.417783 1
gene 1 6 35 2.43637 0 73 2.43637 1
gene 1 6 36 0.54966 0 74 0.54966 1
gene 1 7 35 0.515966 0 75 0.515966 1
gene 1 7 36 -3.45269 0 76 -3.45269 1
gene 1 8 35 -1.29667 0 77 -1.29667 1
gene 1 8 36 0.982284 0 78 0.982284 1
gene 1 9 35 -3.54386 0 79 -3.54386 1
gene 1 9 36 2.22463 0 80 2.22463 1
gene 1 10 35 -1.50526 0 81 -1.50526 1
gene 1 10 36 -1.91611 0 82 -1.91611 1
gene 1 11 35 0.199702 0 83 0.199702 1
gene 1 11 36 -4.04721 0 84 -4.04721 1
gene 1 12 35 0.804543 0 85 0.804543 1
gene 1 12 36 1.44972 0 86 1.44972 1
gene 1 13 35 -1.00544 0 87 -1.00544 1
gene 1 13 36 -0.264589 0 88 -0.264589 1
gene 1 14 35 2.41047 0 89 2.41047 1
gene 1 14 36 0.757198 0 90 0.757198 1
gene 1 15 35 1.30519 0 91 1.30519 1
gene 1 15 36 -0.478555 0 92 -0.478555 1
gene 1 16 35 -3.26778 0 93 -3.26778 1
gene 1 16 36 2.1288 0 94 2.1288 1
gene 1 17 35 2.13072 0 95 2.13072 1
gene 1 17 36 1.60485 0 96 1.60485 1
gene 1 18 35 1.0169 0 97 1.0169 1
gene 1 18 36 -2.2746 0 98 -2.2746 1
gene 1 19 35 0.00613493 0 99 0.00613493 1
gene 1 19 36 -0.0286935 0 100 -0.0286935 1
gene 1 20 35 -3.38857 0 101 -3.38857 1
gene 1 20 36 2.64152 0 102 2.64152 1
gene 1 21 35 -0.48114 0 103 -0.48114 1
gene 1 21 36 1.93716 0 104 1.93716 1
gene 1 22 35 0.221812 0 105 0.221812 1
gene 1 22 36 4.245 0 106 4.245 1
gene 1 23 35 -3.70206 0 107 -3.70206 1
gene 1 23 36 -1.36715 0 108 -1.36715 1
gene 1 24 35 -3.30223 0 109 -3.30223 1
gene 1 24 36 -0.328886 0 110 -0.328886 1
gene 1 25 35 -1.70693 0 111 -1.70693 1
gene 1 25 36 -1.45342 0 112 -1.45342 1
gene 1 26 35 -0.67545 0 113 -0.67545 1
gene 1 26 36 1.11187 0 114 1.11187 1
gene 1 27 35 0.673048 0 115 0.673048 1
gene 1 27 36 -0.829976 0 116 -0.829976 1
gene 1 28 35 0.768968 0 117 0.768968 1
gene 1 28 36 -2.07007 0 118 -2.07007 1
gene 1 29 35 -0.678308 0 119 -0.678308 1
gene 1 29 36 0.0391048 0 120 0.0391048 1
gene 1 30 35 0.816541 0 121 0.816541 1
gene 1 30 36 -1.88003 0 122 -1.88003 1
gene 1 31 35 -0.879039 0 123 -0.879039 1
gene 1 31 36 -1.4116 0 124 -1.4116 1
gene 1 35 32 0.777627 0 125 0.777627 1
gene 1 35 33 -0.109385 0 126 -0.109385 1
gene 1 35 34 -1.3096 0 127 -1.3096 1
gene 1 36 32 0.286635 0 128 0.286635 1
gene 1 36 33 -0.905432 0 129 -0.905432 1
gene 1 36 34 -0.13169 0 130 -0.13169 1
gene 1 35 35 -0.103527 1 131 -0.103527 1
gene 1 36 36 -0.382242 1 132 -0.382242 1
gene 1 34 37 1.88785 1 133 1.88785 1
gene 1 37 32 -0.502933 0 134 -0.502933 1
gene 1 37 33 0.766864 0 135 0.766864 1
gene 1 37 34 0.0895822 0 136 0.0895822 1
genomeend 2


