/* Organism #12 Fitness: 41319.610000 Time: 0 */
genomestart 12
trait 1 1.000000 0.365678 0.305424 0.000000 0.916012 0.421682 1.000000 0.000000 
node 1 1 1 1
node 2 1 1 1
node 3 1 1 1
node 4 1 1 1
node 5 1 1 1
node 6 1 1 1
node 7 1 1 1
node 8 1 1 1
node 9 1 1 1
node 10 1 1 1
node 11 1 1 1
node 12 1 1 1
node 13 1 1 1
node 14 1 1 1
node 15 1 1 1
node 16 1 1 1
node 17 1 1 1
node 18 1 1 1
node 19 1 1 1
node 20 1 1 1
node 21 1 1 1
node 22 1 1 1
node 23 1 1 1
node 24 1 1 1
node 25 1 1 1
node 26 1 1 1
node 27 1 1 1
node 28 1 1 1
node 29 1 1 1
node 30 1 1 1
node 31 1 1 3
node 32 1 0 2
node 33 1 0 2
node 34 1 0 2
node 35 1 0 0
node 36 1 0 0
node 37 1 0 1
gene 1 1 32 -1.20751 0 1 -1.20751 1
gene 1 1 33 -0.0169382 0 2 -0.0169382 1
gene 1 2 32 0.0408904 0 3 0.0408904 1
gene 1 2 33 1.70411 0 4 1.70411 1
gene 1 3 32 2.80688 0 5 2.80688 1
gene 1 3 33 4.0044 0 6 4.0044 1
gene 1 4 32 3.09366 0 7 3.09366 1
gene 1 4 33 3.90654 0 8 3.90654 1
gene 1 5 32 -5 0 9 -5 1
gene 1 5 33 -1.09416 0 10 -1.09416 1
gene 1 6 32 4.9649 0 11 4.9649 1
gene 1 6 33 -5 0 12 -5 1
gene 1 7 32 -1.68139 0 13 -1.68139 1
gene 1 7 33 -0.916938 0 14 -0.916938 1
gene 1 8 32 0.278159 0 15 0.278159 1
gene 1 8 33 -4.15137 0 16 -4.15137 1
gene 1 9 32 -2.011 0 17 -2.011 1
gene 1 9 33 -5 0 18 -5 1
gene 1 10 32 -2.07394 0 19 -2.07394 1
gene 1 10 33 5 0 20 5 1
gene 1 11 32 -0.520613 0 21 -0.520613 1
gene 1 11 33 1.14048 0 22 1.14048 1
gene 1 12 32 -0.902224 0 23 -0.902224 1
gene 1 12 33 -1.11697 0 24 -1.11697 1
gene 1 13 32 0.452313 0 25 0.452313 1
gene 1 13 33 0.791378 0 26 0.791378 1
gene 1 14 32 -3.38873 0 27 -3.38873 1
gene 1 14 33 -2.22111 0 28 -2.22111 1
gene 1 15 32 -1.41937 0 29 -1.41937 1
gene 1 15 33 -1.022 0 30 -1.022 1
gene 1 16 32 1.83887 0 31 1.83887 1
gene 1 16 33 0.363425 0 32 0.363425 1
gene 1 17 32 1.33868 0 33 1.33868 1
gene 1 17 33 1.39241 0 34 1.39241 1
gene 1 18 32 0.366697 0 35 0.366697 1
gene 1 18 33 -0.355217 0 36 -0.355217 1
gene 1 19 32 -1.09356 0 37 -1.09356 1
gene 1 19 33 3.18258 0 38 3.18258 1
gene 1 20 32 -0.457921 0 39 -0.457921 1
gene 1 20 33 1.55388 0 40 1.55388 1
gene 1 21 32 0.118443 0 41 0.118443 1
gene 1 21 33 -0.441215 0 42 -0.441215 1
gene 1 22 32 -0.342924 0 43 -0.342924 1
gene 1 22 33 -0.0478733 0 44 -0.0478733 1
gene 1 23 32 3.53413 0 45 3.53413 1
gene 1 23 33 0.0997018 0 46 0.0997018 1
gene 1 24 32 1.74119 0 47 1.74119 1
gene 1 24 33 -1.33281 0 48 -1.33281 1
gene 1 25 32 -1.06961 0 49 -1.06961 1
gene 1 25 33 -0.171877 0 50 -0.171877 1
gene 1 26 32 0.402494 0 51 0.402494 1
gene 1 26 33 -2.1594 0 52 -2.1594 1
gene 1 27 32 1.16143 0 53 1.16143 1
gene 1 27 33 -1.85221 0 54 -1.85221 1
gene 1 28 32 -0.137601 0 55 -0.137601 1
gene 1 28 33 -2.84937 0 56 -2.84937 1
gene 1 29 32 0.764295 0 57 0.764295 1
gene 1 29 33 0.139212 0 58 0.139212 1
gene 1 30 32 -3.14811 0 59 -3.14811 1
gene 1 30 33 -3.74357 0 60 -3.74357 1
gene 1 31 32 0.437121 0 61 0.437121 1
gene 1 31 33 -0.351017 0 62 -0.351017 1
gene 1 1 35 3.34715 0 63 3.34715 1
gene 1 1 36 -3.87061 0 64 -3.87061 1
gene 1 2 35 4.49061 0 65 4.49061 1
gene 1 2 36 2.53779 0 66 2.53779 1
gene 1 3 35 3.25961 0 67 3.25961 1
gene 1 3 36 3.97443 0 68 3.97443 1
gene 1 4 35 -2.90615 0 69 -2.90615 1
gene 1 4 36 -2.22143 0 70 -2.22143 1
gene 1 5 35 2.98687 0 71 2.98687 1
gene 1 5 36 0.937137 0 72 0.937137 1
gene 1 6 35 2.04863 0 73 2.04863 1
gene 1 6 36 0.893535 0 74 0.893535 1
gene 1 7 35 -2.8864 0 75 -2.8864 1
gene 1 7 36 -1.78213 0 76 -1.78213 1
gene 1 8 35 0.549653 0 77 0.549653 1
gene 1 8 36 0.522008 0 78 0.522008 1
gene 1 9 35 -1.11144 0 79 -1.11144 1
gene 1 9 36 -0.392912 0 80 -0.392912 1
gene 1 10 35 2.88063 0 81 2.88063 1
gene 1 10 36 -4.90438 0 82 -4.90438 1
gene 1 11 35 4.35467 0 83 4.35467 1
gene 1 11 36 1.40235 0 84 1.40235 1
gene 1 12 35 -0.658193 0 85 -0.658193 1
gene 1 12 36 -0.546795 0 86 -0.546795 1
gene 1 13 35 -0.575203 0 87 -0.575203 1
gene 1 13 36 -0.795986 0 88 -0.795986 1
gene 1 14 35 -3.00567 0 89 -3.00567 1
gene 1 14 36 -0.584837 0 90 -0.584837 1
gene 1 15 35 -0.663438 0 91 -0.663438 1
gene 1 15 36 -0.0780434 0 92 -0.0780434 1
gene 1 16 35 -1.8172 0 93 -1.8172 1
gene 1 16 36 4.29877 0 94 4.29877 1
gene 1 17 35 2.69361 0 95 2.69361 1
gene 1 17 36 -3.94396 0 96 -3.94396 1
gene 1 18 35 4.53844 0 97 4.53844 1
gene 1 18 36 0.0876941 0 98 0.0876941 1
gene 1 19 35 -0.291191 0 99 -0.291191 1
gene 1 19 36 -0.205583 0 100 -0.205583 1
gene 1 20 35 1.18212 0 101 1.18212 1
gene 1 20 36 -2.68447 0 102 -2.68447 1
gene 1 21 35 4.63495 0 103 4.63495 1
gene 1 21 36 4.90782 0 104 4.90782 1
gene 1 22 35 -4.76684 0 105 -4.76684 1
gene 1 22 36 -0.320811 0 106 -0.320811 1
gene 1 23 35 2.88922 0 107 2.88922 1
gene 1 23 36 1.27444 0 108 1.27444 1
gene 1 24 35 0.202362 0 109 0.202362 1
gene 1 24 36 0.995499 0 110 0.995499 1
gene 1 25 35 -0.372521 0 111 -0.372521 1
gene 1 25 36 0.432421 0 112 0.432421 1
gene 1 26 35 -0.831865 0 113 -0.831865 1
gene 1 26 36 -0.746169 0 114 -0.746169 1
gene 1 27 35 -3.11574 0 115 -3.11574 1
gene 1 27 36 0.422293 0 116 0.422293 1
gene 1 28 35 0.727333 0 117 0.727333 1
gene 1 28 36 -1.11569 0 118 -1.11569 1
gene 1 29 35 -1.1683 0 119 -1.1683 1
gene 1 29 36 -0.19225 0 120 -0.19225 1
gene 1 30 35 0.811434 0 121 0.811434 1
gene 1 30 36 -0.75344 0 122 -0.75344 1
gene 1 31 35 0.751141 0 123 0.751141 1
gene 1 31 36 0.441331 0 124 0.441331 1
gene 1 35 32 -0.966278 0 125 -0.966278 1
gene 1 35 33 -1.45373 0 126 -1.45373 1
gene 1 35 34 -2.75926 0 127 -2.75926 1
gene 1 36 32 0.452994 0 128 0.452994 1
gene 1 36 33 -0.481887 0 129 -0.481887 1
gene 1 36 34 0.138424 0 130 0.138424 1
gene 1 35 35 -0.910567 1 131 -0.910567 1
gene 1 36 36 0.368253 1 132 0.368253 1
gene 1 34 37 -2.37279 1 133 -2.37279 1
gene 1 37 32 0.212872 0 134 0.212872 1
gene 1 37 33 0.186917 0 135 0.186917 1
gene 1 37 34 -0.358613 0 136 -0.358613 1
genomeend 12


