/* Organism #46 Fitness: 17243.578000 Time: 0 */
genomestart 46
trait 1 0.100000 0.000000 0.000000 0.000000 0.000000 0.000000 0.000000 0.000000 
node 1 1 1 1
node 2 1 1 1
node 3 1 1 1
node 4 1 1 1
node 5 1 1 1
node 6 1 1 1
node 7 1 1 1
node 8 1 1 1
node 9 1 1 1
node 10 1 1 1
node 11 1 1 1
node 12 1 1 1
node 13 1 1 1
node 14 1 1 1
node 15 1 1 1
node 16 1 1 1
node 17 1 1 1
node 18 1 1 1
node 19 1 1 1
node 20 1 1 1
node 21 1 1 1
node 22 1 1 1
node 23 1 1 1
node 24 1 1 1
node 25 1 1 1
node 26 1 1 1
node 27 1 1 1
node 28 1 1 3
node 29 1 0 2
node 30 1 0 2
node 31 1 0 2
node 32 1 0 2
node 33 1 0 2
gene 1 1 29 0.751854 0 1 0.751854 1
gene 1 1 30 -2.60533 0 2 -2.60533 1
gene 1 1 31 -0.507303 0 3 -0.507303 1
gene 1 1 32 0.561567 0 4 0.561567 1
gene 1 1 33 4.08531 0 5 4.08531 1
gene 1 2 29 -0.202847 0 6 -0.202847 1
gene 1 2 30 -0.608085 0 7 -0.608085 1
gene 1 2 31 -0.51444 0 8 -0.51444 1
gene 1 2 32 1.85748 0 9 1.85748 1
gene 1 2 33 0.815379 0 10 0.815379 1
gene 1 3 29 0.310566 0 11 0.310566 1
gene 1 3 30 0.238332 0 12 0.238332 1
gene 1 3 31 -0.426935 0 13 -0.426935 1
gene 1 3 32 -3.64303 0 14 -3.64303 1
gene 1 3 33 3.86057 0 15 3.86057 1
gene 1 4 29 1.11277 0 16 1.11277 1
gene 1 4 30 0.184931 0 17 0.184931 1
gene 1 4 31 0.0802229 0 18 0.0802229 1
gene 1 4 32 -0.25302 0 19 -0.25302 1
gene 1 4 33 2.00733 0 20 2.00733 1
gene 1 5 29 2.35395 0 21 2.35395 1
gene 1 5 30 5 0 22 5 1
gene 1 5 31 3.00283 0 23 3.00283 1
gene 1 5 32 1.74011 0 24 1.74011 1
gene 1 5 33 -1.97083 0 25 -1.97083 1
gene 1 6 29 1.99315 0 26 1.99315 1
gene 1 6 30 -3.04183 0 27 -3.04183 1
gene 1 6 31 -1.50815 0 28 -1.50815 1
gene 1 6 32 0.985558 0 29 0.985558 1
gene 1 6 33 -4.55858 0 30 -4.55858 1
gene 1 7 29 0.969075 0 31 0.969075 1
gene 1 7 30 -3.41557 0 32 -3.41557 1
gene 1 7 31 0.242979 0 33 0.242979 1
gene 1 7 32 -0.967593 0 34 -0.967593 1
gene 1 7 33 -1.59567 0 35 -1.59567 1
gene 1 8 29 0.826595 0 36 0.826595 1
gene 1 8 30 1.85089 0 37 1.85089 1
gene 1 8 31 -2.40068 0 38 -2.40068 1
gene 1 8 32 0.703135 0 39 0.703135 1
gene 1 8 33 1.68478 0 40 1.68478 1
gene 1 9 29 -4.06682 0 41 -4.06682 1
gene 1 9 30 2.38061 0 42 2.38061 1
gene 1 9 31 -2.35376 0 43 -2.35376 1
gene 1 9 32 0.917015 0 44 0.917015 1
gene 1 9 33 0.677925 0 45 0.677925 1
gene 1 10 29 -5 0 46 -5 1
gene 1 10 30 5 0 47 5 1
gene 1 10 31 -1.19414 0 48 -1.19414 1
gene 1 10 32 1.99491 0 49 1.99491 1
gene 1 10 33 -1.22839 0 50 -1.22839 1
gene 1 11 29 -3.92653 0 51 -3.92653 1
gene 1 11 30 0.108954 0 52 0.108954 1
gene 1 11 31 -1.77846 0 53 -1.77846 1
gene 1 11 32 0.98501 0 54 0.98501 1
gene 1 11 33 1.13787 0 55 1.13787 1
gene 1 12 29 0.352587 0 56 0.352587 1
gene 1 12 30 1.86596 0 57 1.86596 1
gene 1 12 31 5 0 58 5 1
gene 1 12 32 -2.95035 0 59 -2.95035 1
gene 1 12 33 -0.375424 0 60 -0.375424 1
gene 1 13 29 5 0 61 5 1
gene 1 13 30 -1.65568 0 62 -1.65568 1
gene 1 13 31 -4.91328 0 63 -4.91328 1
gene 1 13 32 1.29084 0 64 1.29084 1
gene 1 13 33 1.71167 0 65 1.71167 1
gene 1 14 29 -1.05127 0 66 -1.05127 1
gene 1 14 30 -1.2372 0 67 -1.2372 1
gene 1 14 31 -2.61087 0 68 -2.61087 1
gene 1 14 32 1.48023 0 69 1.48023 1
gene 1 14 33 -2.13408 0 70 -2.13408 1
gene 1 15 29 1.2412 0 71 1.2412 1
gene 1 15 30 -2.10315 0 72 -2.10315 1
gene 1 15 31 3.30872 0 73 3.30872 1
gene 1 15 32 1.50851 0 74 1.50851 1
gene 1 15 33 -3.8049 0 75 -3.8049 1
gene 1 16 29 4.1827 0 76 4.1827 1
gene 1 16 30 -0.710211 0 77 -0.710211 1
gene 1 16 31 -4.06885 0 78 -4.06885 1
gene 1 16 32 -2.07231 0 79 -2.07231 1
gene 1 16 33 2.21095 0 80 2.21095 1
gene 1 17 29 -0.84934 0 81 -0.84934 1
gene 1 17 30 -2.11331 0 82 -2.11331 1
gene 1 17 31 -0.83246 0 83 -0.83246 1
gene 1 17 32 -0.911139 0 84 -0.911139 1
gene 1 17 33 0.50219 0 85 0.50219 1
gene 1 18 29 2.57631 0 86 2.57631 1
gene 1 18 30 -0.333818 0 87 -0.333818 1
gene 1 18 31 1.11619 0 88 1.11619 1
gene 1 18 32 5 0 89 5 1
gene 1 18 33 1.89439 0 90 1.89439 1
gene 1 19 29 2.05018 0 91 2.05018 1
gene 1 19 30 2.23696 0 92 2.23696 1
gene 1 19 31 -1.29777 0 93 -1.29777 1
gene 1 19 32 0.387914 0 94 0.387914 1
gene 1 19 33 0.487569 0 95 0.487569 1
gene 1 20 29 -0.419317 0 96 -0.419317 1
gene 1 20 30 0.499528 0 97 0.499528 1
gene 1 20 31 -0.369767 0 98 -0.369767 1
gene 1 20 32 3.49077 0 99 3.49077 1
gene 1 20 33 2.08758 0 100 2.08758 1
gene 1 21 29 1.11759 0 101 1.11759 1
gene 1 21 30 -0.421647 0 102 -0.421647 1
gene 1 21 31 -2.06736 0 103 -2.06736 1
gene 1 21 32 -0.830729 0 104 -0.830729 1
gene 1 21 33 -2.61965 0 105 -2.61965 1
gene 1 22 29 -1.12743 0 106 -1.12743 1
gene 1 22 30 -0.330953 0 107 -0.330953 1
gene 1 22 31 -0.230889 0 108 -0.230889 1
gene 1 22 32 -1.6593 0 109 -1.6593 1
gene 1 22 33 -1.25748 0 110 -1.25748 1
gene 1 23 29 3.19042 0 111 3.19042 1
gene 1 23 30 -1.7313 0 112 -1.7313 1
gene 1 23 31 0.954402 0 113 0.954402 1
gene 1 23 32 2.22579 0 114 2.22579 1
gene 1 23 33 2.90216 0 115 2.90216 1
gene 1 24 29 0.103238 0 116 0.103238 1
gene 1 24 30 1.78321 0 117 1.78321 1
gene 1 24 31 -2.18658 0 118 -2.18658 1
gene 1 24 32 0.977598 0 119 0.977598 1
gene 1 24 33 -1.45244 0 120 -1.45244 1
gene 1 25 29 -2.94948 0 121 -2.94948 1
gene 1 25 30 -5 0 122 -5 1
gene 1 25 31 -0.240633 0 123 -0.240633 1
gene 1 25 32 1.1133 0 124 1.1133 1
gene 1 25 33 -0.394749 0 125 -0.394749 1
gene 1 26 29 0.117079 0 126 0.117079 1
gene 1 26 30 1.61328 0 127 1.61328 1
gene 1 26 31 0.0697845 0 128 0.0697845 1
gene 1 26 32 1.58055 0 129 1.58055 1
gene 1 26 33 -0.191553 0 130 -0.191553 1
gene 1 27 29 -0.122982 0 131 -0.122982 1
gene 1 27 30 -0.290716 0 132 -0.290716 1
gene 1 27 31 0.300441 0 133 0.300441 1
gene 1 27 32 1.45759 0 134 1.45759 1
gene 1 27 33 -0.839279 0 135 -0.839279 1
gene 1 28 29 0.399712 0 136 0.399712 1
gene 1 28 30 -0.0876543 0 137 -0.0876543 1
gene 1 28 31 -0.214993 0 138 -0.214993 1
gene 1 28 32 -1.09822 0 139 -1.09822 1
gene 1 28 33 -0.148322 0 140 -0.148322 1
genomeend 46


