/* Organism #2 Fitness: 17901.308000 Time: 0 */
genomestart 2
trait 1 0.000000 0.043367 0.557278 1.000000 0.000000 0.190267 0.000000 0.066463 
node 1 1 1 1
node 2 1 1 1
node 3 1 1 1
node 4 1 1 1
node 5 1 1 1
node 6 1 1 1
node 7 1 1 1
node 8 1 1 1
node 9 1 1 1
node 10 1 1 1
node 11 1 1 1
node 12 1 1 1
node 13 1 1 1
node 14 1 1 1
node 15 1 1 1
node 16 1 1 1
node 17 1 1 1
node 18 1 1 1
node 19 1 1 1
node 20 1 1 1
node 21 1 1 1
node 22 1 1 1
node 23 1 1 1
node 24 1 1 1
node 25 1 1 1
node 26 1 1 1
node 27 1 1 1
node 28 1 1 3
node 29 1 0 2
node 30 1 0 2
node 31 1 0 2
node 32 1 0 2
node 33 1 0 2
gene 1 1 29 -4.66297 0 1 -4.66297 1
gene 1 1 30 -1.05204 0 2 -1.05204 1
gene 1 1 31 -1.93024 0 3 -1.93024 1
gene 1 1 32 3.18084 0 4 3.18084 1
gene 1 1 33 -2.235 0 5 -2.235 1
gene 1 2 29 0.485633 0 6 0.485633 1
gene 1 2 30 0.978037 0 7 0.978037 1
gene 1 2 31 1.90123 0 8 1.90123 1
gene 1 2 32 1.44982 0 9 1.44982 1
gene 1 2 33 -0.0891153 0 10 -0.0891153 1
gene 1 3 29 3.247 0 11 3.247 1
gene 1 3 30 0.313996 0 12 0.313996 1
gene 1 3 31 -0.130825 0 13 -0.130825 1
gene 1 3 32 -0.496983 0 14 -0.496983 1
gene 1 3 33 1.92188 0 15 1.92188 1
gene 1 4 29 -0.239467 0 16 -0.239467 1
gene 1 4 30 -0.758957 0 17 -0.758957 1
gene 1 4 31 -1.25423 0 18 -1.25423 1
gene 1 4 32 -1.47911 0 19 -1.47911 1
gene 1 4 33 -0.452937 0 20 -0.452937 1
gene 1 5 29 3.74978 0 21 3.74978 1
gene 1 5 30 1.74996 0 22 1.74996 1
gene 1 5 31 -1.94137 0 23 -1.94137 1
gene 1 5 32 0.558163 0 24 0.558163 1
gene 1 5 33 -0.342212 0 25 -0.342212 1
gene 1 6 29 2.60326 0 26 2.60326 1
gene 1 6 30 1.11868 0 27 1.11868 1
gene 1 6 31 -0.36921 0 28 -0.36921 1
gene 1 6 32 2.61609 0 29 2.61609 1
gene 1 6 33 4.13355 0 30 4.13355 1
gene 1 7 29 0.873675 0 31 0.873675 1
gene 1 7 30 3.47863 0 32 3.47863 1
gene 1 7 31 -1.01755 0 33 -1.01755 1
gene 1 7 32 1.03259 0 34 1.03259 1
gene 1 7 33 -0.384521 0 35 -0.384521 1
gene 1 8 29 0.412258 0 36 0.412258 1
gene 1 8 30 -3.84977 0 37 -3.84977 1
gene 1 8 31 3.25098 0 38 3.25098 1
gene 1 8 32 -0.334044 0 39 -0.334044 1
gene 1 8 33 -0.135238 0 40 -0.135238 1
gene 1 9 29 -0.684016 0 41 -0.684016 1
gene 1 9 30 1.05758 0 42 1.05758 1
gene 1 9 31 -2.69864 0 43 -2.69864 1
gene 1 9 32 2.10471 0 44 2.10471 1
gene 1 9 33 1.79996 0 45 1.79996 1
gene 1 10 29 -2.87154 0 46 -2.87154 1
gene 1 10 30 0.123352 0 47 0.123352 1
gene 1 10 31 -0.677573 0 48 -0.677573 1
gene 1 10 32 -1.87388 0 49 -1.87388 1
gene 1 10 33 -0.357854 0 50 -0.357854 1
gene 1 11 29 2.34472 0 51 2.34472 1
gene 1 11 30 0.683788 0 52 0.683788 1
gene 1 11 31 0.212531 0 53 0.212531 1
gene 1 11 32 0.413576 0 54 0.413576 1
gene 1 11 33 0.0818057 0 55 0.0818057 1
gene 1 12 29 -4.5593 0 56 -4.5593 1
gene 1 12 30 0.645596 0 57 0.645596 1
gene 1 12 31 -0.53683 0 58 -0.53683 1
gene 1 12 32 0.393034 0 59 0.393034 1
gene 1 12 33 0.346468 0 60 0.346468 1
gene 1 13 29 -2.34068 0 61 -2.34068 1
gene 1 13 30 1.3814 0 62 1.3814 1
gene 1 13 31 -1.00852 0 63 -1.00852 1
gene 1 13 32 -0.0397398 0 64 -0.0397398 1
gene 1 13 33 0.348191 0 65 0.348191 1
gene 1 14 29 -1.21782 0 66 -1.21782 1
gene 1 14 30 -1.22633 0 67 -1.22633 1
gene 1 14 31 2.30702 0 68 2.30702 1
gene 1 14 32 4.05836 0 69 4.05836 1
gene 1 14 33 0.198311 0 70 0.198311 1
gene 1 15 29 4.54773 0 71 4.54773 1
gene 1 15 30 -5 0 72 -5 1
gene 1 15 31 -0.97598 0 73 -0.97598 1
gene 1 15 32 1.45482 0 74 1.45482 1
gene 1 15 33 3.28794 0 75 3.28794 1
gene 1 16 29 0.480543 0 76 0.480543 1
gene 1 16 30 -4.17132 0 77 -4.17132 1
gene 1 16 31 2.25391 0 78 2.25391 1
gene 1 16 32 0.568658 0 79 0.568658 1
gene 1 16 33 -1.2956 0 80 -1.2956 1
gene 1 17 29 0.432198 0 81 0.432198 1
gene 1 17 30 3.76885 0 82 3.76885 1
gene 1 17 31 -1.1948 0 83 -1.1948 1
gene 1 17 32 1.80618 0 84 1.80618 1
gene 1 17 33 1.43949 0 85 1.43949 1
gene 1 18 29 -0.282769 0 86 -0.282769 1
gene 1 18 30 -1.33381 0 87 -1.33381 1
gene 1 18 31 -1.84953 0 88 -1.84953 1
gene 1 18 32 -3.23475 0 89 -3.23475 1
gene 1 18 33 1.59997 0 90 1.59997 1
gene 1 19 29 0.228586 0 91 0.228586 1
gene 1 19 30 -0.259009 0 92 -0.259009 1
gene 1 19 31 -0.903339 0 93 -0.903339 1
gene 1 19 32 0.0847346 0 94 0.0847346 1
gene 1 19 33 -1.69791 0 95 -1.69791 1
gene 1 20 29 0.413944 0 96 0.413944 1
gene 1 20 30 0.189398 0 97 0.189398 1
gene 1 20 31 -2.08211 0 98 -2.08211 1
gene 1 20 32 4.39825 0 99 4.39825 1
gene 1 20 33 0.266006 0 100 0.266006 1
gene 1 21 29 2.29818 0 101 2.29818 1
gene 1 21 30 -0.645796 0 102 -0.645796 1
gene 1 21 31 -0.301545 0 103 -0.301545 1
gene 1 21 32 -1.10222 0 104 -1.10222 1
gene 1 21 33 -2.79328 0 105 -2.79328 1
gene 1 22 29 0.730471 0 106 0.730471 1
gene 1 22 30 -2.27077 0 107 -2.27077 1
gene 1 22 31 1.37298 0 108 1.37298 1
gene 1 22 32 -0.0766759 0 109 -0.0766759 1
gene 1 22 33 -1.01367 0 110 -1.01367 1
gene 1 23 29 0.606929 0 111 0.606929 1
gene 1 23 30 -3.01829 0 112 -3.01829 1
gene 1 23 31 1.8373 0 113 1.8373 1
gene 1 23 32 0.144052 0 114 0.144052 1
gene 1 23 33 0.18637 0 115 0.18637 1
gene 1 24 29 -0.162385 0 116 -0.162385 1
gene 1 24 30 0.215085 0 117 0.215085 1
gene 1 24 31 0.881356 0 118 0.881356 1
gene 1 24 32 0.985027 0 119 0.985027 1
gene 1 24 33 -0.986238 0 120 -0.986238 1
gene 1 25 29 -0.233978 0 121 -0.233978 1
gene 1 25 30 -4.36129 0 122 -4.36129 1
gene 1 25 31 -0.450961 0 123 -0.450961 1
gene 1 25 32 0.249694 0 124 0.249694 1
gene 1 25 33 5 0 125 5 1
gene 1 26 29 -0.0485071 0 126 -0.0485071 1
gene 1 26 30 0.445765 0 127 0.445765 1
gene 1 26 31 -0.992153 0 128 -0.992153 1
gene 1 26 32 0.671004 0 129 0.671004 1
gene 1 26 33 -1.59249 0 130 -1.59249 1
gene 1 27 29 -5 0 131 -5 1
gene 1 27 30 -1.72202 0 132 -1.72202 1
gene 1 27 31 0.0667427 0 133 0.0667427 1
gene 1 27 32 2.25709 0 134 2.25709 1
gene 1 27 33 0.708098 0 135 0.708098 1
gene 1 28 29 -0.0179402 0 136 -0.0179402 1
gene 1 28 30 2.17444 0 137 2.17444 1
gene 1 28 31 -2.00197 0 138 -2.00197 1
gene 1 28 32 0.509979 0 139 0.509979 1
gene 1 28 33 -2.67757 0 140 -2.67757 1
genomeend 2


