/* Organism #0 Fitness: 18185.046000 Time: 0 */
genomestart 0
trait 1 0.100000 0.000000 0.000000 0.000000 0.000000 0.000000 0.000000 0.000000 
node 1 1 1 1
node 2 1 1 1
node 3 1 1 1
node 4 1 1 1
node 5 1 1 1
node 6 1 1 1
node 7 1 1 1
node 8 1 1 1
node 9 1 1 1
node 10 1 1 1
node 11 1 1 1
node 12 1 1 1
node 13 1 1 1
node 14 1 1 1
node 15 1 1 1
node 16 1 1 1
node 17 1 1 1
node 18 1 1 1
node 19 1 1 1
node 20 1 1 1
node 21 1 1 1
node 22 1 1 1
node 23 1 1 1
node 24 1 1 1
node 25 1 1 1
node 26 1 1 1
node 27 1 1 1
node 28 1 1 3
node 29 1 0 2
node 30 1 0 2
node 31 1 0 2
node 32 1 0 2
node 33 1 0 2
gene 1 1 29 0.891831 0 1 0.891831 1
gene 1 1 30 -0.303611 0 2 -0.303611 1
gene 1 1 31 -0.037507 0 3 -0.037507 1
gene 1 1 32 3.03797 0 4 3.03797 1
gene 1 1 33 1.57062 0 5 1.57062 1
gene 1 2 29 -0.216605 0 6 -0.216605 1
gene 1 2 30 -1.58478 0 7 -1.58478 1
gene 1 2 31 1.2208 0 8 1.2208 1
gene 1 2 32 0.171468 0 9 0.171468 1
gene 1 2 33 -1.76941 0 10 -1.76941 1
gene 1 3 29 3.57815 0 11 3.57815 1
gene 1 3 30 1.80623 0 12 1.80623 1
gene 1 3 31 -1.53528 0 13 -1.53528 1
gene 1 3 32 0.279927 0 14 0.279927 1
gene 1 3 33 -3.59806 0 15 -3.59806 1
gene 1 4 29 -3.05938 0 16 -3.05938 1
gene 1 4 30 -0.637321 0 17 -0.637321 1
gene 1 4 31 2.88703 0 18 2.88703 1
gene 1 4 32 -1.21059 0 19 -1.21059 1
gene 1 4 33 0.649693 0 20 0.649693 1
gene 1 5 29 0.408592 0 21 0.408592 1
gene 1 5 30 0.225729 0 22 0.225729 1
gene 1 5 31 0.884904 0 23 0.884904 1
gene 1 5 32 3.16196 0 24 3.16196 1
gene 1 5 33 1.60032 0 25 1.60032 1
gene 1 6 29 0.330772 0 26 0.330772 1
gene 1 6 30 2.11369 0 27 2.11369 1
gene 1 6 31 0.758299 0 28 0.758299 1
gene 1 6 32 -0.0885912 0 29 -0.0885912 1
gene 1 6 33 3.49504 0 30 3.49504 1
gene 1 7 29 -0.559213 0 31 -0.559213 1
gene 1 7 30 -5 0 32 -5 1
gene 1 7 31 2.3934 0 33 2.3934 1
gene 1 7 32 -4.09137 0 34 -4.09137 1
gene 1 7 33 -0.235258 0 35 -0.235258 1
gene 1 8 29 -1.6284 0 36 -1.6284 1
gene 1 8 30 -0.721337 0 37 -0.721337 1
gene 1 8 31 1.09888 0 38 1.09888 1
gene 1 8 32 -0.90228 0 39 -0.90228 1
gene 1 8 33 -2.19607 0 40 -2.19607 1
gene 1 9 29 -0.0253147 0 41 -0.0253147 1
gene 1 9 30 -4.89202 0 42 -4.89202 1
gene 1 9 31 3.55331 0 43 3.55331 1
gene 1 9 32 -2.73353 0 44 -2.73353 1
gene 1 9 33 -0.664138 0 45 -0.664138 1
gene 1 10 29 -0.98723 0 46 -0.98723 1
gene 1 10 30 4.84338 0 47 4.84338 1
gene 1 10 31 -1.36985 0 48 -1.36985 1
gene 1 10 32 1.73381 0 49 1.73381 1
gene 1 10 33 -0.830893 0 50 -0.830893 1
gene 1 11 29 -4.17201 0 51 -4.17201 1
gene 1 11 30 -1.42698 0 52 -1.42698 1
gene 1 11 31 -0.982337 0 53 -0.982337 1
gene 1 11 32 1.12165 0 54 1.12165 1
gene 1 11 33 -1.46877 0 55 -1.46877 1
gene 1 12 29 -0.783292 0 56 -0.783292 1
gene 1 12 30 1.30849 0 57 1.30849 1
gene 1 12 31 1.15624 0 58 1.15624 1
gene 1 12 32 0.818729 0 59 0.818729 1
gene 1 12 33 0.137795 0 60 0.137795 1
gene 1 13 29 -1.76706 0 61 -1.76706 1
gene 1 13 30 1.42184 0 62 1.42184 1
gene 1 13 31 -0.126506 0 63 -0.126506 1
gene 1 13 32 -0.331468 0 64 -0.331468 1
gene 1 13 33 0.780388 0 65 0.780388 1
gene 1 14 29 -0.26483 0 66 -0.26483 1
gene 1 14 30 0.944575 0 67 0.944575 1
gene 1 14 31 0.649073 0 68 0.649073 1
gene 1 14 32 0.835836 0 69 0.835836 1
gene 1 14 33 -0.59997 0 70 -0.59997 1
gene 1 15 29 -1.373 0 71 -1.373 1
gene 1 15 30 0.423859 0 72 0.423859 1
gene 1 15 31 -4.89942 0 73 -4.89942 1
gene 1 15 32 1.04245 0 74 1.04245 1
gene 1 15 33 -0.933022 0 75 -0.933022 1
gene 1 16 29 5 0 76 5 1
gene 1 16 30 -3.31944 0 77 -3.31944 1
gene 1 16 31 -1.54653 0 78 -1.54653 1
gene 1 16 32 0.236146 0 79 0.236146 1
gene 1 16 33 1.65661 0 80 1.65661 1
gene 1 17 29 0.302853 0 81 0.302853 1
gene 1 17 30 3.12393 0 82 3.12393 1
gene 1 17 31 0.658751 0 83 0.658751 1
gene 1 17 32 -1.16866 0 84 -1.16866 1
gene 1 17 33 0.512501 0 85 0.512501 1
gene 1 18 29 0.273866 0 86 0.273866 1
gene 1 18 30 1.72314 0 87 1.72314 1
gene 1 18 31 2.27773 0 88 2.27773 1
gene 1 18 32 -0.576444 0 89 -0.576444 1
gene 1 18 33 -3.45408 0 90 -3.45408 1
gene 1 19 29 0.604727 0 91 0.604727 1
gene 1 19 30 2.2817 0 92 2.2817 1
gene 1 19 31 0.796681 0 93 0.796681 1
gene 1 19 32 0.588873 0 94 0.588873 1
gene 1 19 33 0.716168 0 95 0.716168 1
gene 1 20 29 -0.958524 0 96 -0.958524 1
gene 1 20 30 1.68771 0 97 1.68771 1
gene 1 20 31 -0.75497 0 98 -0.75497 1
gene 1 20 32 -1.96493 0 99 -1.96493 1
gene 1 20 33 0.286154 0 100 0.286154 1
gene 1 21 29 -1.41729 0 101 -1.41729 1
gene 1 21 30 -4.21621 0 102 -4.21621 1
gene 1 21 31 0.82842 0 103 0.82842 1
gene 1 21 32 -0.483574 0 104 -0.483574 1
gene 1 21 33 -0.797983 0 105 -0.797983 1
gene 1 22 29 -0.53914 0 106 -0.53914 1
gene 1 22 30 -1.45691 0 107 -1.45691 1
gene 1 22 31 2.53826 0 108 2.53826 1
gene 1 22 32 -2.33679 0 109 -2.33679 1
gene 1 22 33 3.16553 0 110 3.16553 1
gene 1 23 29 -0.552227 0 111 -0.552227 1
gene 1 23 30 -0.0390332 0 112 -0.0390332 1
gene 1 23 31 1.96941 0 113 1.96941 1
gene 1 23 32 1.70259 0 114 1.70259 1
gene 1 23 33 -0.38053 0 115 -0.38053 1
gene 1 24 29 0.197971 0 116 0.197971 1
gene 1 24 30 0.705536 0 117 0.705536 1
gene 1 24 31 -0.270846 0 118 -0.270846 1
gene 1 24 32 2.0495 0 119 2.0495 1
gene 1 24 33 0.556508 0 120 0.556508 1
gene 1 25 29 0.821095 0 121 0.821095 1
gene 1 25 30 -0.915779 0 122 -0.915779 1
gene 1 25 31 -0.104702 0 123 -0.104702 1
gene 1 25 32 0.729299 0 124 0.729299 1
gene 1 25 33 4.43491 0 125 4.43491 1
gene 1 26 29 2.7301 0 126 2.7301 1
gene 1 26 30 3.58962 0 127 3.58962 1
gene 1 26 31 -1.601 0 128 -1.601 1
gene 1 26 32 1.44156 0 129 1.44156 1
gene 1 26 33 -1.92369 0 130 -1.92369 1
gene 1 27 29 -2.29443 0 131 -2.29443 1
gene 1 27 30 -0.153402 0 132 -0.153402 1
gene 1 27 31 -0.0450698 0 133 -0.0450698 1
gene 1 27 32 -3.0699 0 134 -3.0699 1
gene 1 27 33 -2.02547 0 135 -2.02547 1
gene 1 28 29 -0.172808 0 136 -0.172808 1
gene 1 28 30 0.604507 0 137 0.604507 1
gene 1 28 31 -3.04248 0 138 -3.04248 1
gene 1 28 32 -0.620925 0 139 -0.620925 1
gene 1 28 33 -0.704583 0 140 -0.704583 1
genomeend 0


