/* Organism #5 Fitness: 16965.386000 Time: 0 */
genomestart 5
trait 1 0.000000 0.182567 0.000000 0.000000 0.000000 0.000000 0.000000 0.501007 
node 1 1 1 1
node 2 1 1 1
node 3 1 1 1
node 4 1 1 1
node 5 1 1 1
node 6 1 1 1
node 7 1 1 1
node 8 1 1 1
node 9 1 1 1
node 10 1 1 1
node 11 1 1 1
node 12 1 1 1
node 13 1 1 1
node 14 1 1 1
node 15 1 1 1
node 16 1 1 1
node 17 1 1 1
node 18 1 1 1
node 19 1 1 1
node 20 1 1 1
node 21 1 1 1
node 22 1 1 1
node 23 1 1 1
node 24 1 1 1
node 25 1 1 1
node 26 1 1 1
node 27 1 1 1
node 28 1 1 3
node 29 1 0 2
node 30 1 0 2
node 31 1 0 2
node 32 1 0 2
node 33 1 0 2
gene 1 1 29 -1.26133 0 1 -1.26133 1
gene 1 1 30 -1.61878 0 2 -1.61878 1
gene 1 1 31 1.64754 0 3 1.64754 1
gene 1 1 32 -0.660122 0 4 -0.660122 1
gene 1 1 33 0.93954 0 5 0.93954 1
gene 1 2 29 -1.40508 0 6 -1.40508 1
gene 1 2 30 -1.03952 0 7 -1.03952 1
gene 1 2 31 3.33352 0 8 3.33352 1
gene 1 2 32 -3.20043 0 9 -3.20043 1
gene 1 2 33 1.29698 0 10 1.29698 1
gene 1 3 29 0.272931 0 11 0.272931 1
gene 1 3 30 -0.724262 0 12 -0.724262 1
gene 1 3 31 0.866111 0 13 0.866111 1
gene 1 3 32 0.313258 0 14 0.313258 1
gene 1 3 33 -0.881298 0 15 -0.881298 1
gene 1 4 29 0.366548 0 16 0.366548 1
gene 1 4 30 -0.736725 0 17 -0.736725 1
gene 1 4 31 -0.866136 0 18 -0.866136 1
gene 1 4 32 0.778828 0 19 0.778828 1
gene 1 4 33 -0.596618 0 20 -0.596618 1
gene 1 5 29 2.0248 0 21 2.0248 1
gene 1 5 30 0.427118 0 22 0.427118 1
gene 1 5 31 3.24236 0 23 3.24236 1
gene 1 5 32 1.32194 0 24 1.32194 1
gene 1 5 33 -0.384282 0 25 -0.384282 1
gene 1 6 29 0.825131 0 26 0.825131 1
gene 1 6 30 -0.295231 0 27 -0.295231 1
gene 1 6 31 -0.374773 0 28 -0.374773 1
gene 1 6 32 -1.42551 0 29 -1.42551 1
gene 1 6 33 -0.187434 0 30 -0.187434 1
gene 1 7 29 3.66592 0 31 3.66592 1
gene 1 7 30 0.0533915 0 32 0.0533915 1
gene 1 7 31 -1.78747 0 33 -1.78747 1
gene 1 7 32 -2.68694 0 34 -2.68694 1
gene 1 7 33 -4.26022 0 35 -4.26022 1
gene 1 8 29 0.948689 0 36 0.948689 1
gene 1 8 30 -1.16306 0 37 -1.16306 1
gene 1 8 31 1.83434 0 38 1.83434 1
gene 1 8 32 -2.02085 0 39 -2.02085 1
gene 1 8 33 0.180495 0 40 0.180495 1
gene 1 9 29 -0.90527 0 41 -0.90527 1
gene 1 9 30 0.0424359 0 42 0.0424359 1
gene 1 9 31 0.914097 0 43 0.914097 1
gene 1 9 32 -0.753877 0 44 -0.753877 1
gene 1 9 33 0.332701 0 45 0.332701 1
gene 1 10 29 0.0544219 0 46 0.0544219 1
gene 1 10 30 -0.109913 0 47 -0.109913 1
gene 1 10 31 -3.22683 0 48 -3.22683 1
gene 1 10 32 -0.976351 0 49 -0.976351 1
gene 1 10 33 -1.4252 0 50 -1.4252 1
gene 1 11 29 -0.930638 0 51 -0.930638 1
gene 1 11 30 2.02775 0 52 2.02775 1
gene 1 11 31 0.955322 0 53 0.955322 1
gene 1 11 32 -1.27242 0 54 -1.27242 1
gene 1 11 33 4.30937 0 55 4.30937 1
gene 1 12 29 5 0 56 5 1
gene 1 12 30 -4.48622 0 57 -4.48622 1
gene 1 12 31 2.93896 0 58 2.93896 1
gene 1 12 32 1.27707 0 59 1.27707 1
gene 1 12 33 0.766104 0 60 0.766104 1
gene 1 13 29 -0.55878 0 61 -0.55878 1
gene 1 13 30 0.216845 0 62 0.216845 1
gene 1 13 31 -1.74494 0 63 -1.74494 1
gene 1 13 32 0.319883 0 64 0.319883 1
gene 1 13 33 1.33997 0 65 1.33997 1
gene 1 14 29 0.68337 0 66 0.68337 1
gene 1 14 30 2.85846 0 67 2.85846 1
gene 1 14 31 0.494243 0 68 0.494243 1
gene 1 14 32 0.0912221 0 69 0.0912221 1
gene 1 14 33 -0.80513 0 70 -0.80513 1
gene 1 15 29 0.841262 0 71 0.841262 1
gene 1 15 30 0.751358 0 72 0.751358 1
gene 1 15 31 -0.746093 0 73 -0.746093 1
gene 1 15 32 -1.82833 0 74 -1.82833 1
gene 1 15 33 1.68227 0 75 1.68227 1
gene 1 16 29 -0.835616 0 76 -0.835616 1
gene 1 16 30 -0.0865979 0 77 -0.0865979 1
gene 1 16 31 0.00908357 0 78 0.00908357 1
gene 1 16 32 0.490166 0 79 0.490166 1
gene 1 16 33 0.225212 0 80 0.225212 1
gene 1 17 29 0.0958712 0 81 0.0958712 1
gene 1 17 30 -0.668657 0 82 -0.668657 1
gene 1 17 31 -0.828058 0 83 -0.828058 1
gene 1 17 32 0.89426 0 84 0.89426 1
gene 1 17 33 -0.689999 0 85 -0.689999 1
gene 1 18 29 -1.25958 0 86 -1.25958 1
gene 1 18 30 0.113585 0 87 0.113585 1
gene 1 18 31 0.407503 0 88 0.407503 1
gene 1 18 32 0.490891 0 89 0.490891 1
gene 1 18 33 -0.225662 0 90 -0.225662 1
gene 1 19 29 -0.778587 0 91 -0.778587 1
gene 1 19 30 -0.431931 0 92 -0.431931 1
gene 1 19 31 0.977018 0 93 0.977018 1
gene 1 19 32 3.29027 0 94 3.29027 1
gene 1 19 33 -3.33362 0 95 -3.33362 1
gene 1 20 29 -0.340973 0 96 -0.340973 1
gene 1 20 30 0.0103355 0 97 0.0103355 1
gene 1 20 31 -1.41393 0 98 -1.41393 1
gene 1 20 32 0.0563009 0 99 0.0563009 1
gene 1 20 33 0.636377 0 100 0.636377 1
gene 1 21 29 1.18692 0 101 1.18692 1
gene 1 21 30 1.0589 0 102 1.0589 1
gene 1 21 31 -0.379473 0 103 -0.379473 1
gene 1 21 32 0.12489 0 104 0.12489 1
gene 1 21 33 1.0357 0 105 1.0357 1
gene 1 22 29 -0.610727 0 106 -0.610727 1
gene 1 22 30 0.0651313 0 107 0.0651313 1
gene 1 22 31 -3.15806 0 108 -3.15806 1
gene 1 22 32 -0.388065 0 109 -0.388065 1
gene 1 22 33 0.169478 0 110 0.169478 1
gene 1 23 29 -0.208403 0 111 -0.208403 1
gene 1 23 30 2.16092 0 112 2.16092 1
gene 1 23 31 0.491805 0 113 0.491805 1
gene 1 23 32 0.116229 0 114 0.116229 1
gene 1 23 33 -1.19309 0 115 -1.19309 1
gene 1 24 29 -2.3093 0 116 -2.3093 1
gene 1 24 30 0.532751 0 117 0.532751 1
gene 1 24 31 0.692918 0 118 0.692918 1
gene 1 24 32 -0.103645 0 119 -0.103645 1
gene 1 24 33 0.120977 0 120 0.120977 1
gene 1 25 29 2.2004 0 121 2.2004 1
gene 1 25 30 2.55331 0 122 2.55331 1
gene 1 25 31 -0.963616 0 123 -0.963616 1
gene 1 25 32 -0.754252 0 124 -0.754252 1
gene 1 25 33 -0.790277 0 125 -0.790277 1
gene 1 26 29 -1.12015 0 126 -1.12015 1
gene 1 26 30 -0.921854 0 127 -0.921854 1
gene 1 26 31 -3.73367 0 128 -3.73367 1
gene 1 26 32 1.58846 0 129 1.58846 1
gene 1 26 33 0.365866 0 130 0.365866 1
gene 1 27 29 -1.47188 0 131 -1.47188 1
gene 1 27 30 1.30478 0 132 1.30478 1
gene 1 27 31 0.819344 0 133 0.819344 1
gene 1 27 32 -2.57382 0 134 -2.57382 1
gene 1 27 33 2.4876 0 135 2.4876 1
gene 1 28 29 -0.911646 0 136 -0.911646 1
gene 1 28 30 -0.288163 0 137 -0.288163 1
gene 1 28 31 -1.66751 0 138 -1.66751 1
gene 1 28 32 -0.883127 0 139 -0.883127 1
gene 1 28 33 0.790807 0 140 0.790807 1
genomeend 5


