/* Organism #0 Fitness: 18080.014000 Time: 0 */
genomestart 0
trait 1 0.000000 0.135252 0.000000 0.000000 0.031646 0.481793 0.957680 0.000000 
node 1 1 1 1
node 2 1 1 1
node 3 1 1 1
node 4 1 1 1
node 5 1 1 1
node 6 1 1 1
node 7 1 1 1
node 8 1 1 1
node 9 1 1 1
node 10 1 1 1
node 11 1 1 1
node 12 1 1 1
node 13 1 1 1
node 14 1 1 1
node 15 1 1 1
node 16 1 1 1
node 17 1 1 1
node 18 1 1 1
node 19 1 1 1
node 20 1 1 1
node 21 1 1 1
node 22 1 1 1
node 23 1 1 1
node 24 1 1 1
node 25 1 1 1
node 26 1 1 1
node 27 1 1 1
node 28 1 1 3
node 29 1 0 2
node 30 1 0 2
node 31 1 0 2
node 32 1 0 2
node 33 1 0 2
gene 1 1 29 -3.05057 0 1 -3.05057 1
gene 1 1 30 -4.04456 0 2 -4.04456 1
gene 1 1 31 -0.534641 0 3 -0.534641 1
gene 1 1 32 0.0524319 0 4 0.0524319 1
gene 1 1 33 -0.16878 0 5 -0.16878 1
gene 1 2 29 -2.84292 0 6 -2.84292 1
gene 1 2 30 -3.75764 0 7 -3.75764 1
gene 1 2 31 -0.284651 0 8 -0.284651 1
gene 1 2 32 -0.204012 0 9 -0.204012 1
gene 1 2 33 -1.44456 0 10 -1.44456 1
gene 1 3 29 1.2075 0 11 1.2075 1
gene 1 3 30 -0.835468 0 12 -0.835468 1
gene 1 3 31 -2.08196 0 13 -2.08196 1
gene 1 3 32 1.16911 0 14 1.16911 1
gene 1 3 33 1.57451 0 15 1.57451 1
gene 1 4 29 0.884633 0 16 0.884633 1
gene 1 4 30 1.78034 0 17 1.78034 1
gene 1 4 31 3.68068 0 18 3.68068 1
gene 1 4 32 -0.929532 0 19 -0.929532 1
gene 1 4 33 -1.30483 0 20 -1.30483 1
gene 1 5 29 0.387767 0 21 0.387767 1
gene 1 5 30 1.32913 0 22 1.32913 1
gene 1 5 31 -0.0300432 0 23 -0.0300432 1
gene 1 5 32 -3.22877 0 24 -3.22877 1
gene 1 5 33 -2.35935 0 25 -2.35935 1
gene 1 6 29 -1.97634 0 26 -1.97634 1
gene 1 6 30 0.939796 0 27 0.939796 1
gene 1 6 31 -0.42793 0 28 -0.42793 1
gene 1 6 32 -3.92952 0 29 -3.92952 1
gene 1 6 33 -3.57125 0 30 -3.57125 1
gene 1 7 29 -1.38142 0 31 -1.38142 1
gene 1 7 30 -2.47893 0 32 -2.47893 1
gene 1 7 31 0.581078 0 33 0.581078 1
gene 1 7 32 -0.699894 0 34 -0.699894 1
gene 1 7 33 4.13617 0 35 4.13617 1
gene 1 8 29 -2.73084 0 36 -2.73084 1
gene 1 8 30 -0.214223 0 37 -0.214223 1
gene 1 8 31 -0.587908 0 38 -0.587908 1
gene 1 8 32 -0.15737 0 39 -0.15737 1
gene 1 8 33 0.268591 0 40 0.268591 1
gene 1 9 29 0.292178 0 41 0.292178 1
gene 1 9 30 0.679599 0 42 0.679599 1
gene 1 9 31 0.698661 0 43 0.698661 1
gene 1 9 32 -1.36122 0 44 -1.36122 1
gene 1 9 33 -1.54995 0 45 -1.54995 1
gene 1 10 29 0.851841 0 46 0.851841 1
gene 1 10 30 -0.814865 0 47 -0.814865 1
gene 1 10 31 -1.0765 0 48 -1.0765 1
gene 1 10 32 0.00843957 0 49 0.00843957 1
gene 1 10 33 -2.35635 0 50 -2.35635 1
gene 1 11 29 -3.57128 0 51 -3.57128 1
gene 1 11 30 3.25925 0 52 3.25925 1
gene 1 11 31 0.123102 0 53 0.123102 1
gene 1 11 32 -0.580546 0 54 -0.580546 1
gene 1 11 33 1.40985 0 55 1.40985 1
gene 1 12 29 0.975107 0 56 0.975107 1
gene 1 12 30 -0.94699 0 57 -0.94699 1
gene 1 12 31 -1.51477 0 58 -1.51477 1
gene 1 12 32 -0.340612 0 59 -0.340612 1
gene 1 12 33 -0.446876 0 60 -0.446876 1
gene 1 13 29 -1.36996 0 61 -1.36996 1
gene 1 13 30 2.15681 0 62 2.15681 1
gene 1 13 31 2.22965 0 63 2.22965 1
gene 1 13 32 1.33521 0 64 1.33521 1
gene 1 13 33 0.566781 0 65 0.566781 1
gene 1 14 29 -0.956397 0 66 -0.956397 1
gene 1 14 30 0.420192 0 67 0.420192 1
gene 1 14 31 1.58361 0 68 1.58361 1
gene 1 14 32 -0.318964 0 69 -0.318964 1
gene 1 14 33 -0.353141 0 70 -0.353141 1
gene 1 15 29 3.37355 0 71 3.37355 1
gene 1 15 30 0.181081 0 72 0.181081 1
gene 1 15 31 -1.15615 0 73 -1.15615 1
gene 1 15 32 0.485618 0 74 0.485618 1
gene 1 15 33 2.16588 0 75 2.16588 1
gene 1 16 29 3.19984 0 76 3.19984 1
gene 1 16 30 -1.00622 0 77 -1.00622 1
gene 1 16 31 -2.17143 0 78 -2.17143 1
gene 1 16 32 -3.18323 0 79 -3.18323 1
gene 1 16 33 -2.0246 0 80 -2.0246 1
gene 1 17 29 0.191409 0 81 0.191409 1
gene 1 17 30 1.07071 0 82 1.07071 1
gene 1 17 31 -1.81401 0 83 -1.81401 1
gene 1 17 32 -2.7502 0 84 -2.7502 1
gene 1 17 33 -0.729122 0 85 -0.729122 1
gene 1 18 29 -1.07884 0 86 -1.07884 1
gene 1 18 30 -0.14652 0 87 -0.14652 1
gene 1 18 31 -1.95457 0 88 -1.95457 1
gene 1 18 32 4.64836 0 89 4.64836 1
gene 1 18 33 0.390052 0 90 0.390052 1
gene 1 19 29 2.39991 0 91 2.39991 1
gene 1 19 30 2.02345 0 92 2.02345 1
gene 1 19 31 -0.735486 0 93 -0.735486 1
gene 1 19 32 -0.0255299 0 94 -0.0255299 1
gene 1 19 33 0.0508537 0 95 0.0508537 1
gene 1 20 29 -0.0766289 0 96 -0.0766289 1
gene 1 20 30 -1.23809 0 97 -1.23809 1
gene 1 20 31 -1.01461 0 98 -1.01461 1
gene 1 20 32 0.830662 0 99 0.830662 1
gene 1 20 33 0.953644 0 100 0.953644 1
gene 1 21 29 -0.848244 0 101 -0.848244 1
gene 1 21 30 0.785929 0 102 0.785929 1
gene 1 21 31 -0.855614 0 103 -0.855614 1
gene 1 21 32 1.27924 0 104 1.27924 1
gene 1 21 33 0.518693 0 105 0.518693 1
gene 1 22 29 0.542975 0 106 0.542975 1
gene 1 22 30 -0.404552 0 107 -0.404552 1
gene 1 22 31 -2.13533 0 108 -2.13533 1
gene 1 22 32 -0.624482 0 109 -0.624482 1
gene 1 22 33 -0.528594 0 110 -0.528594 1
gene 1 23 29 -4.64235 0 111 -4.64235 1
gene 1 23 30 -3.74747 0 112 -3.74747 1
gene 1 23 31 -1.1671 0 113 -1.1671 1
gene 1 23 32 0.0688952 0 114 0.0688952 1
gene 1 23 33 1.88661 0 115 1.88661 1
gene 1 24 29 -0.729256 0 116 -0.729256 1
gene 1 24 30 -0.306652 0 117 -0.306652 1
gene 1 24 31 -1.1429 0 118 -1.1429 1
gene 1 24 32 0.925449 0 119 0.925449 1
gene 1 24 33 0.394504 0 120 0.394504 1
gene 1 25 29 -3.93885 0 121 -3.93885 1
gene 1 25 30 -0.722022 0 122 -0.722022 1
gene 1 25 31 -0.920465 0 123 -0.920465 1
gene 1 25 32 -0.0525408 0 124 -0.0525408 1
gene 1 25 33 -2.41468 0 125 -2.41468 1
gene 1 26 29 1.21785 0 126 1.21785 1
gene 1 26 30 4.3593 0 127 4.3593 1
gene 1 26 31 1.83983 0 128 1.83983 1
gene 1 26 32 -0.27484 0 129 -0.27484 1
gene 1 26 33 -0.699215 0 130 -0.699215 1
gene 1 27 29 -0.0139068 0 131 -0.0139068 1
gene 1 27 30 1.27753 0 132 1.27753 1
gene 1 27 31 1.26968 0 133 1.26968 1
gene 1 27 32 -3.11112 0 134 -3.11112 1
gene 1 27 33 -0.546962 0 135 -0.546962 1
gene 1 28 29 -0.721628 0 136 -0.721628 1
gene 1 28 30 -0.424237 0 137 -0.424237 1
gene 1 28 31 -4.52293 0 138 -4.52293 1
gene 1 28 32 -3.13329 0 139 -3.13329 1
gene 1 28 33 0.791745 0 140 0.791745 1
genomeend 0


