/* Organism #1 Fitness: 16796.480000 Time: 0 */
genomestart 1
trait 1 0.634265 0.000000 0.000000 0.197231 0.616006 0.832634 0.000000 0.000000 
node 1 1 1 1
node 2 1 1 1
node 3 1 1 1
node 4 1 1 1
node 5 1 1 1
node 6 1 1 1
node 7 1 1 1
node 8 1 1 1
node 9 1 1 1
node 10 1 1 1
node 11 1 1 1
node 12 1 1 1
node 13 1 1 1
node 14 1 1 1
node 15 1 1 1
node 16 1 1 1
node 17 1 1 1
node 18 1 1 1
node 19 1 1 1
node 20 1 1 1
node 21 1 1 1
node 22 1 1 1
node 23 1 1 1
node 24 1 1 1
node 25 1 1 1
node 26 1 1 1
node 27 1 1 1
node 28 1 1 3
node 29 1 0 2
node 30 1 0 2
node 31 1 0 2
node 32 1 0 2
node 33 1 0 2
gene 1 1 29 -0.150689 0 1 -0.150689 1
gene 1 1 30 2.38526 0 2 2.38526 1
gene 1 1 31 -0.0351862 0 3 -0.0351862 1
gene 1 1 32 -3.63369 0 4 -3.63369 1
gene 1 1 33 0.626623 0 5 0.626623 1
gene 1 2 29 4.62644 0 6 4.62644 1
gene 1 2 30 -0.335149 0 7 -0.335149 1
gene 1 2 31 1.37774 0 8 1.37774 1
gene 1 2 32 0.953928 0 9 0.953928 1
gene 1 2 33 -2.21589 0 10 -2.21589 1
gene 1 3 29 -0.650922 0 11 -0.650922 1
gene 1 3 30 1.19317 0 12 1.19317 1
gene 1 3 31 0.596794 0 13 0.596794 1
gene 1 3 32 -0.696763 0 14 -0.696763 1
gene 1 3 33 -0.853303 0 15 -0.853303 1
gene 1 4 29 3.21632 0 16 3.21632 1
gene 1 4 30 -0.125378 0 17 -0.125378 1
gene 1 4 31 3.99506 0 18 3.99506 1
gene 1 4 32 -1.04721 0 19 -1.04721 1
gene 1 4 33 2.58318 0 20 2.58318 1
gene 1 5 29 -0.497878 0 21 -0.497878 1
gene 1 5 30 3.24238 0 22 3.24238 1
gene 1 5 31 -1.2753 0 23 -1.2753 1
gene 1 5 32 -5 0 24 -5 1
gene 1 5 33 -0.110732 0 25 -0.110732 1
gene 1 6 29 1.60281 0 26 1.60281 1
gene 1 6 30 -0.896532 0 27 -0.896532 1
gene 1 6 31 -0.538498 0 28 -0.538498 1
gene 1 6 32 0.741813 0 29 0.741813 1
gene 1 6 33 1.78894 0 30 1.78894 1
gene 1 7 29 -5 0 31 -5 1
gene 1 7 30 -0.472135 0 32 -0.472135 1
gene 1 7 31 -3.35337 0 33 -3.35337 1
gene 1 7 32 -0.494434 0 34 -0.494434 1
gene 1 7 33 2.05567 0 35 2.05567 1
gene 1 8 29 -2.44619 0 36 -2.44619 1
gene 1 8 30 -1.21614 0 37 -1.21614 1
gene 1 8 31 1.85296 0 38 1.85296 1
gene 1 8 32 -0.516858 0 39 -0.516858 1
gene 1 8 33 0.424412 0 40 0.424412 1
gene 1 9 29 3.47921 0 41 3.47921 1
gene 1 9 30 -1.70054 0 42 -1.70054 1
gene 1 9 31 0.688645 0 43 0.688645 1
gene 1 9 32 -1.37042 0 44 -1.37042 1
gene 1 9 33 -0.38238 0 45 -0.38238 1
gene 1 10 29 1.17193 0 46 1.17193 1
gene 1 10 30 -0.346346 0 47 -0.346346 1
gene 1 10 31 -0.0393882 0 48 -0.0393882 1
gene 1 10 32 1.31019 0 49 1.31019 1
gene 1 10 33 -2.39506 0 50 -2.39506 1
gene 1 11 29 3.23711 0 51 3.23711 1
gene 1 11 30 -5 0 52 -5 1
gene 1 11 31 2.65817 0 53 2.65817 1
gene 1 11 32 -2.64185 0 54 -2.64185 1
gene 1 11 33 2.55117 0 55 2.55117 1
gene 1 12 29 -1.50932 0 56 -1.50932 1
gene 1 12 30 -3.64296 0 57 -3.64296 1
gene 1 12 31 2.29402 0 58 2.29402 1
gene 1 12 32 -1.93872 0 59 -1.93872 1
gene 1 12 33 -1.68752 0 60 -1.68752 1
gene 1 13 29 -0.114 0 61 -0.114 1
gene 1 13 30 3.12259 0 62 3.12259 1
gene 1 13 31 -4.0803 0 63 -4.0803 1
gene 1 13 32 2.91797 0 64 2.91797 1
gene 1 13 33 -5 0 65 -5 1
gene 1 14 29 -2.52378 0 66 -2.52378 1
gene 1 14 30 5 0 67 5 1
gene 1 14 31 -0.246163 0 68 -0.246163 1
gene 1 14 32 0.196256 0 69 0.196256 1
gene 1 14 33 0.727662 0 70 0.727662 1
gene 1 15 29 -2.06286 0 71 -2.06286 1
gene 1 15 30 2.84948 0 72 2.84948 1
gene 1 15 31 -2.2303 0 73 -2.2303 1
gene 1 15 32 -1.92658 0 74 -1.92658 1
gene 1 15 33 0.376993 0 75 0.376993 1
gene 1 16 29 -2.73851 0 76 -2.73851 1
gene 1 16 30 0.188124 0 77 0.188124 1
gene 1 16 31 3.68687 0 78 3.68687 1
gene 1 16 32 -0.328477 0 79 -0.328477 1
gene 1 16 33 3.81758 0 80 3.81758 1
gene 1 17 29 1.99482 0 81 1.99482 1
gene 1 17 30 0.280797 0 82 0.280797 1
gene 1 17 31 -0.973503 0 83 -0.973503 1
gene 1 17 32 1.29808 0 84 1.29808 1
gene 1 17 33 -1.72998 0 85 -1.72998 1
gene 1 18 29 -5 0 86 -5 1
gene 1 18 30 -1.97534 0 87 -1.97534 1
gene 1 18 31 -1.19596 0 88 -1.19596 1
gene 1 18 32 -0.829568 0 89 -0.829568 1
gene 1 18 33 -0.596581 0 90 -0.596581 1
gene 1 19 29 0.436158 0 91 0.436158 1
gene 1 19 30 -0.343741 0 92 -0.343741 1
gene 1 19 31 -1.07734 0 93 -1.07734 1
gene 1 19 32 -2.95546 0 94 -2.95546 1
gene 1 19 33 -1.86127 0 95 -1.86127 1
gene 1 20 29 -1.55247 0 96 -1.55247 1
gene 1 20 30 -0.321963 0 97 -0.321963 1
gene 1 20 31 -0.768345 0 98 -0.768345 1
gene 1 20 32 -0.790893 0 99 -0.790893 1
gene 1 20 33 -2.62558 0 100 -2.62558 1
gene 1 21 29 -1.99771 0 101 -1.99771 1
gene 1 21 30 0.366528 0 102 0.366528 1
gene 1 21 31 -0.0616549 0 103 -0.0616549 1
gene 1 21 32 -1.38979 0 104 -1.38979 1
gene 1 21 33 5 0 105 5 1
gene 1 22 29 0.817224 0 106 0.817224 1
gene 1 22 30 1.43113 0 107 1.43113 1
gene 1 22 31 -1.3909 0 108 -1.3909 1
gene 1 22 32 0.749666 0 109 0.749666 1
gene 1 22 33 -3.2903 0 110 -3.2903 1
gene 1 23 29 0.534068 0 111 0.534068 1
gene 1 23 30 2.89501 0 112 2.89501 1
gene 1 23 31 -1.53275 0 113 -1.53275 1
gene 1 23 32 0.555968 0 114 0.555968 1
gene 1 23 33 2.15335 0 115 2.15335 1
gene 1 24 29 -0.81807 0 116 -0.81807 1
gene 1 24 30 -0.884937 0 117 -0.884937 1
gene 1 24 31 -1.26332 0 118 -1.26332 1
gene 1 24 32 -0.428533 0 119 -0.428533 1
gene 1 24 33 0.23208 0 120 0.23208 1
gene 1 25 29 3.67837 0 121 3.67837 1
gene 1 25 30 3.58215 0 122 3.58215 1
gene 1 25 31 -0.623286 0 123 -0.623286 1
gene 1 25 32 0.552565 0 124 0.552565 1
gene 1 25 33 -0.989868 0 125 -0.989868 1
gene 1 26 29 -0.522736 0 126 -0.522736 1
gene 1 26 30 -1.48921 0 127 -1.48921 1
gene 1 26 31 -1.85846 0 128 -1.85846 1
gene 1 26 32 -0.608188 0 129 -0.608188 1
gene 1 26 33 0.108978 0 130 0.108978 1
gene 1 27 29 0.424927 0 131 0.424927 1
gene 1 27 30 -0.0358208 0 132 -0.0358208 1
gene 1 27 31 -2.85764 0 133 -2.85764 1
gene 1 27 32 -1.38183 0 134 -1.38183 1
gene 1 27 33 -0.568118 0 135 -0.568118 1
gene 1 28 29 0.529605 0 136 0.529605 1
gene 1 28 30 -0.623864 0 137 -0.623864 1
gene 1 28 31 -0.0903033 0 138 -0.0903033 1
gene 1 28 32 -0.404655 0 139 -0.404655 1
gene 1 28 33 0.198031 0 140 0.198031 1
genomeend 1


