/* Organism #0 Fitness: 16623.340000 Time: 0 */
genomestart 0
trait 1 1.000000 0.000000 1.000000 0.519134 0.193080 0.000000 0.438297 0.873892 
node 1 1 1 1
node 2 1 1 1
node 3 1 1 1
node 4 1 1 1
node 5 1 1 1
node 6 1 1 1
node 7 1 1 1
node 8 1 1 1
node 9 1 1 1
node 10 1 1 1
node 11 1 1 1
node 12 1 1 1
node 13 1 1 1
node 14 1 1 1
node 15 1 1 1
node 16 1 1 1
node 17 1 1 1
node 18 1 1 1
node 19 1 1 1
node 20 1 1 1
node 21 1 1 1
node 22 1 1 1
node 23 1 1 1
node 24 1 1 1
node 25 1 1 1
node 26 1 1 1
node 27 1 1 1
node 28 1 1 3
node 29 1 0 2
node 30 1 0 2
node 31 1 0 2
node 32 1 0 2
node 33 1 0 2
gene 1 1 29 -1.35684 0 1 -1.35684 1
gene 1 1 30 -2.28794 0 2 -2.28794 1
gene 1 1 31 4.10164 0 3 4.10164 1
gene 1 1 32 -4.81949 0 4 -4.81949 1
gene 1 1 33 2.90493 0 5 2.90493 1
gene 1 2 29 0.920684 0 6 0.920684 1
gene 1 2 30 -0.632529 0 7 -0.632529 1
gene 1 2 31 2.84511 0 8 2.84511 1
gene 1 2 32 -1.49483 0 9 -1.49483 1
gene 1 2 33 4.57474 0 10 4.57474 1
gene 1 3 29 1.5051 0 11 1.5051 1
gene 1 3 30 -1.031 0 12 -1.031 1
gene 1 3 31 -2.45998 0 13 -2.45998 1
gene 1 3 32 -1.13968 0 14 -1.13968 1
gene 1 3 33 -3.33639 0 15 -3.33639 1
gene 1 4 29 -1.14033 0 16 -1.14033 1
gene 1 4 30 -3.35873 0 17 -3.35873 1
gene 1 4 31 -1.49173 0 18 -1.49173 1
gene 1 4 32 -1.64768 0 19 -1.64768 1
gene 1 4 33 5 0 20 5 1
gene 1 5 29 3.94082 0 21 3.94082 1
gene 1 5 30 -1.2613 0 22 -1.2613 1
gene 1 5 31 3.30656 0 23 3.30656 1
gene 1 5 32 -3.20464 0 24 -3.20464 1
gene 1 5 33 5 0 25 5 1
gene 1 6 29 2.12555 0 26 2.12555 1
gene 1 6 30 -0.738301 0 27 -0.738301 1
gene 1 6 31 -2.41362 0 28 -2.41362 1
gene 1 6 32 -0.234955 0 29 -0.234955 1
gene 1 6 33 -5 0 30 -5 1
gene 1 7 29 -4.02092 0 31 -4.02092 1
gene 1 7 30 0.863024 0 32 0.863024 1
gene 1 7 31 0.339655 0 33 0.339655 1
gene 1 7 32 0.0302288 0 34 0.0302288 1
gene 1 7 33 -1.91403 0 35 -1.91403 1
gene 1 8 29 -1.78255 0 36 -1.78255 1
gene 1 8 30 1.31354 0 37 1.31354 1
gene 1 8 31 -2.43436 0 38 -2.43436 1
gene 1 8 32 -0.439393 0 39 -0.439393 1
gene 1 8 33 0.52289 0 40 0.52289 1
gene 1 9 29 3.70867 0 41 3.70867 1
gene 1 9 30 2.10429 0 42 2.10429 1
gene 1 9 31 2.40357 0 43 2.40357 1
gene 1 9 32 4.6829 0 44 4.6829 1
gene 1 9 33 -0.0956747 0 45 -0.0956747 1
gene 1 10 29 0.0236814 0 46 0.0236814 1
gene 1 10 30 -4.75655 0 47 -4.75655 1
gene 1 10 31 -3.70007 0 48 -3.70007 1
gene 1 10 32 5 0 49 5 1
gene 1 10 33 3.8154 0 50 3.8154 1
gene 1 11 29 -1.34854 0 51 -1.34854 1
gene 1 11 30 -0.131972 0 52 -0.131972 1
gene 1 11 31 0.789267 0 53 0.789267 1
gene 1 11 32 0.713193 0 54 0.713193 1
gene 1 11 33 0.497623 0 55 0.497623 1
gene 1 12 29 0.579504 0 56 0.579504 1
gene 1 12 30 -5 0 57 -5 1
gene 1 12 31 1.57089 0 58 1.57089 1
gene 1 12 32 -2.27301 0 59 -2.27301 1
gene 1 12 33 -0.672167 0 60 -0.672167 1
gene 1 13 29 -3.87477 0 61 -3.87477 1
gene 1 13 30 3.81425 0 62 3.81425 1
gene 1 13 31 -4.39032 0 63 -4.39032 1
gene 1 13 32 -1.80737 0 64 -1.80737 1
gene 1 13 33 -4.12771 0 65 -4.12771 1
gene 1 14 29 -0.142536 0 66 -0.142536 1
gene 1 14 30 5 0 67 5 1
gene 1 14 31 -0.759324 0 68 -0.759324 1
gene 1 14 32 -0.628442 0 69 -0.628442 1
gene 1 14 33 -4.92471 0 70 -4.92471 1
gene 1 15 29 0.222402 0 71 0.222402 1
gene 1 15 30 -0.227439 0 72 -0.227439 1
gene 1 15 31 0.0757546 0 73 0.0757546 1
gene 1 15 32 1.96176 0 74 1.96176 1
gene 1 15 33 4.15486 0 75 4.15486 1
gene 1 16 29 3.65224 0 76 3.65224 1
gene 1 16 30 -3.43867 0 77 -3.43867 1
gene 1 16 31 -0.702898 0 78 -0.702898 1
gene 1 16 32 -1.55866 0 79 -1.55866 1
gene 1 16 33 -1.15563 0 80 -1.15563 1
gene 1 17 29 -1.25137 0 81 -1.25137 1
gene 1 17 30 -3.68813 0 82 -3.68813 1
gene 1 17 31 -0.836155 0 83 -0.836155 1
gene 1 17 32 0.0556485 0 84 0.0556485 1
gene 1 17 33 -4.00844 0 85 -4.00844 1
gene 1 18 29 0.608605 0 86 0.608605 1
gene 1 18 30 0.510847 0 87 0.510847 1
gene 1 18 31 -5 0 88 -5 1
gene 1 18 32 -2.41747 0 89 -2.41747 1
gene 1 18 33 0.965522 0 90 0.965522 1
gene 1 19 29 -2.0065 0 91 -2.0065 1
gene 1 19 30 0.585275 0 92 0.585275 1
gene 1 19 31 -2.66778 0 93 -2.66778 1
gene 1 19 32 -1.28737 0 94 -1.28737 1
gene 1 19 33 -1.42421 0 95 -1.42421 1
gene 1 20 29 0.773845 0 96 0.773845 1
gene 1 20 30 1.17298 0 97 1.17298 1
gene 1 20 31 -4.32734 0 98 -4.32734 1
gene 1 20 32 -0.65542 0 99 -0.65542 1
gene 1 20 33 1.27796 0 100 1.27796 1
gene 1 21 29 2.01175 0 101 2.01175 1
gene 1 21 30 -1.40624 0 102 -1.40624 1
gene 1 21 31 -1.84312 0 103 -1.84312 1
gene 1 21 32 0.143996 0 104 0.143996 1
gene 1 21 33 1.2436 0 105 1.2436 1
gene 1 22 29 -2.18353 0 106 -2.18353 1
gene 1 22 30 -0.373095 0 107 -0.373095 1
gene 1 22 31 -2.15647 0 108 -2.15647 1
gene 1 22 32 2.19638 0 109 2.19638 1
gene 1 22 33 2.37082 0 110 2.37082 1
gene 1 23 29 0.143179 0 111 0.143179 1
gene 1 23 30 -0.829223 0 112 -0.829223 1
gene 1 23 31 -2.64712 0 113 -2.64712 1
gene 1 23 32 -0.143354 0 114 -0.143354 1
gene 1 23 33 0.410383 0 115 0.410383 1
gene 1 24 29 -1.09836 0 116 -1.09836 1
gene 1 24 30 1.04917 0 117 1.04917 1
gene 1 24 31 0.705319 0 118 0.705319 1
gene 1 24 32 -0.427893 0 119 -0.427893 1
gene 1 24 33 1.42658 0 120 1.42658 1
gene 1 25 29 3.6294 0 121 3.6294 1
gene 1 25 30 5 0 122 5 1
gene 1 25 31 -0.407322 0 123 -0.407322 1
gene 1 25 32 -0.686357 0 124 -0.686357 1
gene 1 25 33 -0.767543 0 125 -0.767543 1
gene 1 26 29 -0.551934 0 126 -0.551934 1
gene 1 26 30 -0.447885 0 127 -0.447885 1
gene 1 26 31 1.22844 0 128 1.22844 1
gene 1 26 32 0.446834 0 129 0.446834 1
gene 1 26 33 -2.07544 0 130 -2.07544 1
gene 1 27 29 -0.416821 0 131 -0.416821 1
gene 1 27 30 -0.85719 0 132 -0.85719 1
gene 1 27 31 -2.29661 0 133 -2.29661 1
gene 1 27 32 0.477469 0 134 0.477469 1
gene 1 27 33 -0.303505 0 135 -0.303505 1
gene 1 28 29 0.777333 0 136 0.777333 1
gene 1 28 30 -0.0371529 0 137 -0.0371529 1
gene 1 28 31 0.780822 0 138 0.780822 1
gene 1 28 32 0.612012 0 139 0.612012 1
gene 1 28 33 1.0535 0 140 1.0535 1
genomeend 0


