/* Organism #0 Fitness: 17452.434000 Time: 0 */
genomestart 0
trait 1 0.491866 0.434042 0.731026 0.368358 1.000000 0.741028 0.054817 1.000000 
node 1 1 1 1
node 2 1 1 1
node 3 1 1 1
node 4 1 1 1
node 5 1 1 1
node 6 1 1 1
node 7 1 1 1
node 8 1 1 1
node 9 1 1 1
node 10 1 1 1
node 11 1 1 1
node 12 1 1 1
node 13 1 1 1
node 14 1 1 1
node 15 1 1 1
node 16 1 1 1
node 17 1 1 1
node 18 1 1 1
node 19 1 1 1
node 20 1 1 1
node 21 1 1 1
node 22 1 1 1
node 23 1 1 1
node 24 1 1 1
node 25 1 1 1
node 26 1 1 1
node 27 1 1 1
node 28 1 1 3
node 29 1 0 2
node 30 1 0 2
node 31 1 0 2
node 32 1 0 2
node 33 1 0 2
gene 1 1 29 -4.3698 0 1 -4.3698 1
gene 1 1 30 0.321757 0 2 0.321757 1
gene 1 1 31 0.414049 0 3 0.414049 1
gene 1 1 32 -2.52559 0 4 -2.52559 1
gene 1 1 33 -0.169787 0 5 -0.169787 1
gene 1 2 29 -1.95656 0 6 -1.95656 1
gene 1 2 30 -0.680017 0 7 -0.680017 1
gene 1 2 31 -0.154896 0 8 -0.154896 1
gene 1 2 32 0.00216409 0 9 0.00216409 1
gene 1 2 33 0.453185 0 10 0.453185 1
gene 1 3 29 -0.547356 0 11 -0.547356 1
gene 1 3 30 1.07238 0 12 1.07238 1
gene 1 3 31 -2.90233 0 13 -2.90233 1
gene 1 3 32 -0.625529 0 14 -0.625529 1
gene 1 3 33 -1.60916 0 15 -1.60916 1
gene 1 4 29 0.518658 0 16 0.518658 1
gene 1 4 30 3.06036 0 17 3.06036 1
gene 1 4 31 -1.94468 0 18 -1.94468 1
gene 1 4 32 -0.661923 0 19 -0.661923 1
gene 1 4 33 4.46734 0 20 4.46734 1
gene 1 5 29 -0.00135695 0 21 -0.00135695 1
gene 1 5 30 -0.490468 0 22 -0.490468 1
gene 1 5 31 -1.16196 0 23 -1.16196 1
gene 1 5 32 0.535947 0 24 0.535947 1
gene 1 5 33 -1.98382 0 25 -1.98382 1
gene 1 6 29 2.84999 0 26 2.84999 1
gene 1 6 30 1.7101 0 27 1.7101 1
gene 1 6 31 0.556299 0 28 0.556299 1
gene 1 6 32 -4.99757 0 29 -4.99757 1
gene 1 6 33 2.0516 0 30 2.0516 1
gene 1 7 29 -3.03794 0 31 -3.03794 1
gene 1 7 30 -0.372554 0 32 -0.372554 1
gene 1 7 31 1.06989 0 33 1.06989 1
gene 1 7 32 2.17516 0 34 2.17516 1
gene 1 7 33 -1.00715 0 35 -1.00715 1
gene 1 8 29 -0.00544202 0 36 -0.00544202 1
gene 1 8 30 -2.82101 0 37 -2.82101 1
gene 1 8 31 0.215123 0 38 0.215123 1
gene 1 8 32 -0.145926 0 39 -0.145926 1
gene 1 8 33 2.74966 0 40 2.74966 1
gene 1 9 29 0.293678 0 41 0.293678 1
gene 1 9 30 -2.29027 0 42 -2.29027 1
gene 1 9 31 4.81631 0 43 4.81631 1
gene 1 9 32 -4.76283 0 44 -4.76283 1
gene 1 9 33 -0.492246 0 45 -0.492246 1
gene 1 10 29 -2.96367 0 46 -2.96367 1
gene 1 10 30 4.18354 0 47 4.18354 1
gene 1 10 31 -3.06052 0 48 -3.06052 1
gene 1 10 32 2.92539 0 49 2.92539 1
gene 1 10 33 0.419441 0 50 0.419441 1
gene 1 11 29 -1.49605 0 51 -1.49605 1
gene 1 11 30 0.222383 0 52 0.222383 1
gene 1 11 31 0.0460411 0 53 0.0460411 1
gene 1 11 32 -1.10487 0 54 -1.10487 1
gene 1 11 33 1.81497 0 55 1.81497 1
gene 1 12 29 -2.10622 0 56 -2.10622 1
gene 1 12 30 -0.110512 0 57 -0.110512 1
gene 1 12 31 0.524249 0 58 0.524249 1
gene 1 12 32 0.609375 0 59 0.609375 1
gene 1 12 33 -1.27159 0 60 -1.27159 1
gene 1 13 29 -3.92457 0 61 -3.92457 1
gene 1 13 30 -1.03892 0 62 -1.03892 1
gene 1 13 31 -2.84828 0 63 -2.84828 1
gene 1 13 32 0.433239 0 64 0.433239 1
gene 1 13 33 0.8249 0 65 0.8249 1
gene 1 14 29 -0.60578 0 66 -0.60578 1
gene 1 14 30 -1.18686 0 67 -1.18686 1
gene 1 14 31 0.18512 0 68 0.18512 1
gene 1 14 32 -4.03742 0 69 -4.03742 1
gene 1 14 33 0.0679568 0 70 0.0679568 1
gene 1 15 29 1.58601 0 71 1.58601 1
gene 1 15 30 -1.07223 0 72 -1.07223 1
gene 1 15 31 0.954464 0 73 0.954464 1
gene 1 15 32 -2.01074 0 74 -2.01074 1
gene 1 15 33 -1.14729 0 75 -1.14729 1
gene 1 16 29 5 0 76 5 1
gene 1 16 30 -2.29558 0 77 -2.29558 1
gene 1 16 31 1.73397 0 78 1.73397 1
gene 1 16 32 -1.40368 0 79 -1.40368 1
gene 1 16 33 0.107081 0 80 0.107081 1
gene 1 17 29 -2.04876 0 81 -2.04876 1
gene 1 17 30 2.83115 0 82 2.83115 1
gene 1 17 31 -1.12679 0 83 -1.12679 1
gene 1 17 32 0.210818 0 84 0.210818 1
gene 1 17 33 -2.92799 0 85 -2.92799 1
gene 1 18 29 4.25454 0 86 4.25454 1
gene 1 18 30 -2.90862 0 87 -2.90862 1
gene 1 18 31 5 0 88 5 1
gene 1 18 32 1.23311 0 89 1.23311 1
gene 1 18 33 2.16956 0 90 2.16956 1
gene 1 19 29 1.45102 0 91 1.45102 1
gene 1 19 30 2.82699 0 92 2.82699 1
gene 1 19 31 -1.16305 0 93 -1.16305 1
gene 1 19 32 -4.03775 0 94 -4.03775 1
gene 1 19 33 0.29368 0 95 0.29368 1
gene 1 20 29 -0.494239 0 96 -0.494239 1
gene 1 20 30 2.66729 0 97 2.66729 1
gene 1 20 31 0.324454 0 98 0.324454 1
gene 1 20 32 -0.68702 0 99 -0.68702 1
gene 1 20 33 1.72834 0 100 1.72834 1
gene 1 21 29 1.53585 0 101 1.53585 1
gene 1 21 30 1.5069 0 102 1.5069 1
gene 1 21 31 0.11968 0 103 0.11968 1
gene 1 21 32 -0.584473 0 104 -0.584473 1
gene 1 21 33 1.27057 0 105 1.27057 1
gene 1 22 29 2.17692 0 106 2.17692 1
gene 1 22 30 -5 0 107 -5 1
gene 1 22 31 0.711494 0 108 0.711494 1
gene 1 22 32 -2.21844 0 109 -2.21844 1
gene 1 22 33 -1.3206 0 110 -1.3206 1
gene 1 23 29 -0.236633 0 111 -0.236633 1
gene 1 23 30 -3.4034 0 112 -3.4034 1
gene 1 23 31 -0.0220209 0 113 -0.0220209 1
gene 1 23 32 1.6341 0 114 1.6341 1
gene 1 23 33 0.85959 0 115 0.85959 1
gene 1 24 29 -1.65378 0 116 -1.65378 1
gene 1 24 30 0.258183 0 117 0.258183 1
gene 1 24 31 -0.967325 0 118 -0.967325 1
gene 1 24 32 -0.0245431 0 119 -0.0245431 1
gene 1 24 33 0.665602 0 120 0.665602 1
gene 1 25 29 -1.59859 0 121 -1.59859 1
gene 1 25 30 -0.506258 0 122 -0.506258 1
gene 1 25 31 -0.340525 0 123 -0.340525 1
gene 1 25 32 -2.00763 0 124 -2.00763 1
gene 1 25 33 -0.333338 0 125 -0.333338 1
gene 1 26 29 3.73444 0 126 3.73444 1
gene 1 26 30 2.1303 0 127 2.1303 1
gene 1 26 31 0.654163 0 128 0.654163 1
gene 1 26 32 0.966233 0 129 0.966233 1
gene 1 26 33 0.676846 0 130 0.676846 1
gene 1 27 29 0.695602 0 131 0.695602 1
gene 1 27 30 -0.520257 0 132 -0.520257 1
gene 1 27 31 1.88858 0 133 1.88858 1
gene 1 27 32 -0.429698 0 134 -0.429698 1
gene 1 27 33 -0.184222 0 135 -0.184222 1
gene 1 28 29 -0.184979 0 136 -0.184979 1
gene 1 28 30 0.474003 0 137 0.474003 1
gene 1 28 31 -0.675294 0 138 -0.675294 1
gene 1 28 32 -0.102335 0 139 -0.102335 1
gene 1 28 33 0.0426135 0 140 0.0426135 1
genomeend 0


