/* Organism #1 Fitness: 11264.176000 Time: 0 */
genomestart 1
trait 1 0.380265 1.000000 0.534581 0.000000 0.649096 0.914146 0.000000 0.000000 
node 1 1 1 1
node 2 1 1 1
node 3 1 1 1
node 4 1 1 1
node 5 1 1 1
node 6 1 1 1
node 7 1 1 1
node 8 1 1 1
node 9 1 1 1
node 10 1 1 1
node 11 1 1 1
node 12 1 1 1
node 13 1 1 1
node 14 1 1 1
node 15 1 1 1
node 16 1 1 1
node 17 1 1 1
node 18 1 1 1
node 19 1 1 1
node 20 1 1 1
node 21 1 1 1
node 22 1 1 1
node 23 1 1 1
node 24 1 1 1
node 25 1 1 1
node 26 1 1 1
node 27 1 1 1
node 28 1 1 1
node 29 1 1 1
node 30 1 1 3
node 31 1 0 2
node 32 1 0 2
node 33 1 0 2
gene 1 1 31 -1.18557 0 1 -1.18557 1
gene 1 1 32 -5 0 2 -5 1
gene 1 1 33 1.08254 0 3 1.08254 1
gene 1 2 31 -3.31761 0 4 -3.31761 1
gene 1 2 32 -0.543178 0 5 -0.543178 1
gene 1 2 33 2.44926 0 6 2.44926 1
gene 1 3 31 1.48819 0 7 1.48819 1
gene 1 3 32 -1.87156 0 8 -1.87156 1
gene 1 3 33 1.62731 0 9 1.62731 1
gene 1 4 31 0.62495 0 10 0.62495 1
gene 1 4 32 0.859484 0 11 0.859484 1
gene 1 4 33 1.33803 0 12 1.33803 1
gene 1 5 31 -3.66457 0 13 -3.66457 1
gene 1 5 32 2.97087 0 14 2.97087 1
gene 1 5 33 -4.4145 0 15 -4.4145 1
gene 1 6 31 2.8497 0 16 2.8497 1
gene 1 6 32 2.81764 0 17 2.81764 1
gene 1 6 33 0.682152 0 18 0.682152 1
gene 1 7 31 1.45055 0 19 1.45055 1
gene 1 7 32 0.140456 0 20 0.140456 1
gene 1 7 33 4.36542 0 21 4.36542 1
gene 1 8 31 -1.09999 0 22 -1.09999 1
gene 1 8 32 -2.84015 0 23 -2.84015 1
gene 1 8 33 2.16984 0 24 2.16984 1
gene 1 9 31 2.64196 0 25 2.64196 1
gene 1 9 32 0.600778 0 26 0.600778 1
gene 1 9 33 1.46899 0 27 1.46899 1
gene 1 10 31 2.66576 0 28 2.66576 1
gene 1 10 32 4.6534 0 29 4.6534 1
gene 1 10 33 0.441397 0 30 0.441397 1
gene 1 11 31 2.64824 0 31 2.64824 1
gene 1 11 32 5 0 32 5 1
gene 1 11 33 -0.456097 0 33 -0.456097 1
gene 1 12 31 -4.19721 0 34 -4.19721 1
gene 1 12 32 0.188295 0 35 0.188295 1
gene 1 12 33 -1.05718 0 36 -1.05718 1
gene 1 13 31 -0.39819 0 37 -0.39819 1
gene 1 13 32 -2.85514 0 38 -2.85514 1
gene 1 13 33 2.43427 0 39 2.43427 1
gene 1 14 31 0.650969 0 40 0.650969 1
gene 1 14 32 -5 0 41 -5 1
gene 1 14 33 3.83119 0 42 3.83119 1
gene 1 15 31 2.41266 0 43 2.41266 1
gene 1 15 32 -1.39057 0 44 -1.39057 1
gene 1 15 33 -0.195783 0 45 -0.195783 1
gene 1 16 31 2.07242 0 46 2.07242 1
gene 1 16 32 -3.18741 0 47 -3.18741 1
gene 1 16 33 3.09282 0 48 3.09282 1
gene 1 17 31 1.86346 0 49 1.86346 1
gene 1 17 32 0.847011 0 50 0.847011 1
gene 1 17 33 1.53263 0 51 1.53263 1
gene 1 18 31 1.17714 0 52 1.17714 1
gene 1 18 32 -0.289174 0 53 -0.289174 1
gene 1 18 33 2.39975 0 54 2.39975 1
gene 1 19 31 4.27461 0 55 4.27461 1
gene 1 19 32 2.77492 0 56 2.77492 1
gene 1 19 33 -2.95386 0 57 -2.95386 1
gene 1 20 31 -0.877234 0 58 -0.877234 1
gene 1 20 32 -1.2948 0 59 -1.2948 1
gene 1 20 33 1.65007 0 60 1.65007 1
gene 1 21 31 -5 0 61 -5 1
gene 1 21 32 4.74173 0 62 4.74173 1
gene 1 21 33 3.84589 0 63 3.84589 1
gene 1 22 31 0.27289 0 64 0.27289 1
gene 1 22 32 1.90854 0 65 1.90854 1
gene 1 22 33 -0.553118 0 66 -0.553118 1
gene 1 23 31 1.83001 0 67 1.83001 1
gene 1 23 32 -0.273127 0 68 -0.273127 1
gene 1 23 33 -1.15213 0 69 -1.15213 1
gene 1 24 31 -3.85952 0 70 -3.85952 1
gene 1 24 32 -0.50937 0 71 -0.50937 1
gene 1 24 33 -0.858399 0 72 -0.858399 1
gene 1 25 31 -1.81843 0 73 -1.81843 1
gene 1 25 32 -0.337117 0 74 -0.337117 1
gene 1 25 33 -0.414847 0 75 -0.414847 1
gene 1 26 31 1.71667 0 76 1.71667 1
gene 1 26 32 -1.16359 0 77 -1.16359 1
gene 1 26 33 -1.94102 0 78 -1.94102 1
gene 1 27 31 0.25836 0 79 0.25836 1
gene 1 27 32 0.864832 0 80 0.864832 1
gene 1 27 33 -0.198564 0 81 -0.198564 1
gene 1 28 31 1.34963 0 82 1.34963 1
gene 1 28 32 0.253683 0 83 0.253683 1
gene 1 28 33 -0.779638 0 84 -0.779638 1
gene 1 29 31 0.175287 0 85 0.175287 1
gene 1 29 32 -0.865728 0 86 -0.865728 1
gene 1 29 33 -0.750399 0 87 -0.750399 1
gene 1 30 31 -0.662353 0 88 -0.662353 1
gene 1 30 32 0.366832 0 89 0.366832 1
gene 1 30 33 -0.370488 0 90 -0.370488 1
genomeend 1


