/* Organism #0 Fitness: 10464.798000 Time: 0 */
genomestart 0
trait 1 0.905556 0.014170 0.000000 0.000000 0.681026 0.716774 0.092545 0.856967 
node 1 1 1 1
node 2 1 1 1
node 3 1 1 1
node 4 1 1 1
node 5 1 1 1
node 6 1 1 1
node 7 1 1 1
node 8 1 1 1
node 9 1 1 1
node 10 1 1 1
node 11 1 1 1
node 12 1 1 1
node 13 1 1 1
node 14 1 1 1
node 15 1 1 1
node 16 1 1 1
node 17 1 1 1
node 18 1 1 1
node 19 1 1 1
node 20 1 1 1
node 21 1 1 1
node 22 1 1 1
node 23 1 1 1
node 24 1 1 1
node 25 1 1 1
node 26 1 1 1
node 27 1 1 1
node 28 1 1 1
node 29 1 1 1
node 30 1 1 3
node 31 1 0 2
node 32 1 0 2
node 33 1 0 2
gene 1 1 31 -0.771453 0 1 -0.771453 1
gene 1 1 32 -3.14627 0 2 -3.14627 1
gene 1 1 33 -4.23137 0 3 -4.23137 1
gene 1 2 31 0.722566 0 4 0.722566 1
gene 1 2 32 4.13221 0 5 4.13221 1
gene 1 2 33 1.01407 0 6 1.01407 1
gene 1 3 31 -0.426541 0 7 -0.426541 1
gene 1 3 32 0.342914 0 8 0.342914 1
gene 1 3 33 0.101104 0 9 0.101104 1
gene 1 4 31 -4.64984 0 10 -4.64984 1
gene 1 4 32 -1.38128 0 11 -1.38128 1
gene 1 4 33 2.49494 0 12 2.49494 1
gene 1 5 31 0.528805 0 13 0.528805 1
gene 1 5 32 -4.23474 0 14 -4.23474 1
gene 1 5 33 0.748298 0 15 0.748298 1
gene 1 6 31 -0.355538 0 16 -0.355538 1
gene 1 6 32 -2.09563 0 17 -2.09563 1
gene 1 6 33 0.542584 0 18 0.542584 1
gene 1 7 31 -2.05721 0 19 -2.05721 1
gene 1 7 32 5 0 20 5 1
gene 1 7 33 -0.195936 0 21 -0.195936 1
gene 1 8 31 -1.0679 0 22 -1.0679 1
gene 1 8 32 -2.0492 0 23 -2.0492 1
gene 1 8 33 0.269012 0 24 0.269012 1
gene 1 9 31 2.74866 0 25 2.74866 1
gene 1 9 32 2.97977 0 26 2.97977 1
gene 1 9 33 -1.15128 0 27 -1.15128 1
gene 1 10 31 1.94892 0 28 1.94892 1
gene 1 10 32 1.95158 0 29 1.95158 1
gene 1 10 33 1.75624 0 30 1.75624 1
gene 1 11 31 -5 0 31 -5 1
gene 1 11 32 -1.46502 0 32 -1.46502 1
gene 1 11 33 -2.40521 0 33 -2.40521 1
gene 1 12 31 -4.17821 0 34 -4.17821 1
gene 1 12 32 -0.141551 0 35 -0.141551 1
gene 1 12 33 0.448151 0 36 0.448151 1
gene 1 13 31 -5 0 37 -5 1
gene 1 13 32 0.497991 0 38 0.497991 1
gene 1 13 33 0.368211 0 39 0.368211 1
gene 1 14 31 -0.290053 0 40 -0.290053 1
gene 1 14 32 -2.65731 0 41 -2.65731 1
gene 1 14 33 -0.534278 0 42 -0.534278 1
gene 1 15 31 1.87206 0 43 1.87206 1
gene 1 15 32 -1.59677 0 44 -1.59677 1
gene 1 15 33 -4.34431 0 45 -4.34431 1
gene 1 16 31 2.7077 0 46 2.7077 1
gene 1 16 32 -0.0595268 0 47 -0.0595268 1
gene 1 16 33 5 0 48 5 1
gene 1 17 31 1.22959 0 49 1.22959 1
gene 1 17 32 2.22906 0 50 2.22906 1
gene 1 17 33 0.179722 0 51 0.179722 1
gene 1 18 31 0.511237 0 52 0.511237 1
gene 1 18 32 4.36722 0 53 4.36722 1
gene 1 18 33 3.43056 0 54 3.43056 1
gene 1 19 31 -0.20153 0 55 -0.20153 1
gene 1 19 32 -0.255747 0 56 -0.255747 1
gene 1 19 33 -2.94851 0 57 -2.94851 1
gene 1 20 31 -0.529781 0 58 -0.529781 1
gene 1 20 32 -2.00174 0 59 -2.00174 1
gene 1 20 33 -2.21034 0 60 -2.21034 1
gene 1 21 31 -5 0 61 -5 1
gene 1 21 32 -0.172462 0 62 -0.172462 1
gene 1 21 33 0.489895 0 63 0.489895 1
gene 1 22 31 1.50635 0 64 1.50635 1
gene 1 22 32 -2.41073 0 65 -2.41073 1
gene 1 22 33 1.01532 0 66 1.01532 1
gene 1 23 31 1.98298 0 67 1.98298 1
gene 1 23 32 -0.137135 0 68 -0.137135 1
gene 1 23 33 -0.000705205 0 69 -0.000705205 1
gene 1 24 31 0.891347 0 70 0.891347 1
gene 1 24 32 -0.508657 0 71 -0.508657 1
gene 1 24 33 0.615253 0 72 0.615253 1
gene 1 25 31 -0.91152 0 73 -0.91152 1
gene 1 25 32 0.904654 0 74 0.904654 1
gene 1 25 33 1.83476 0 75 1.83476 1
gene 1 26 31 0.122406 0 76 0.122406 1
gene 1 26 32 0.560609 0 77 0.560609 1
gene 1 26 33 0.563579 0 78 0.563579 1
gene 1 27 31 -0.171573 0 79 -0.171573 1
gene 1 27 32 -0.0727845 0 80 -0.0727845 1
gene 1 27 33 0.00548721 0 81 0.00548721 1
gene 1 28 31 0.375024 0 82 0.375024 1
gene 1 28 32 -0.543852 0 83 -0.543852 1
gene 1 28 33 -0.447578 0 84 -0.447578 1
gene 1 29 31 1.38155 0 85 1.38155 1
gene 1 29 32 0.603058 0 86 0.603058 1
gene 1 29 33 -0.110879 0 87 -0.110879 1
gene 1 30 31 0.305942 0 88 0.305942 1
gene 1 30 32 0.980571 0 89 0.980571 1
gene 1 30 33 -2.72342 0 90 -2.72342 1
genomeend 0


