/* Organism #0 Fitness: 35770.652000 Time: 0 */
genomestart 0
trait 1 0.121871 0.832630 0.776880 0.609855 0.412893 1.000000 0.682704 1.000000 
node 1 1 1 1
node 2 1 1 1
node 3 1 1 1
node 4 1 1 1
node 5 1 1 1
node 6 1 1 1
node 7 1 1 1
node 8 1 1 1
node 9 1 1 1
node 10 1 1 1
node 11 1 1 1
node 12 1 1 1
node 13 1 1 1
node 14 1 1 1
node 15 1 1 1
node 16 1 1 1
node 17 1 1 1
node 18 1 1 1
node 19 1 1 1
node 20 1 1 1
node 21 1 1 1
node 22 1 1 1
node 23 1 1 1
node 24 1 1 1
node 25 1 1 1
node 26 1 1 3
node 27 1 0 2
node 28 1 0 2
node 29 1 0 2
gene 1 1 27 2.93735 0 1 2.93735 1
gene 1 1 28 -5 0 2 -5 1
gene 1 1 29 -1.41701 0 3 -1.41701 1
gene 1 2 27 -4.79617 0 4 -4.79617 1
gene 1 2 28 1.19937 0 5 1.19937 1
gene 1 2 29 -2.11464 0 6 -2.11464 1
gene 1 3 27 4.28943 0 7 4.28943 1
gene 1 3 28 -5 0 8 -5 1
gene 1 3 29 -3.91504 0 9 -3.91504 1
gene 1 4 27 1.39049 0 10 1.39049 1
gene 1 4 28 0.0383791 0 11 0.0383791 1
gene 1 4 29 2.2101 0 12 2.2101 1
gene 1 5 27 1.18219 0 13 1.18219 1
gene 1 5 28 -3.72801 0 14 -3.72801 1
gene 1 5 29 -1.0165 0 15 -1.0165 1
gene 1 6 27 0.301272 0 16 0.301272 1
gene 1 6 28 1.11378 0 17 1.11378 1
gene 1 6 29 2.77591 0 18 2.77591 1
gene 1 7 27 1.3646 0 19 1.3646 1
gene 1 7 28 -0.996108 0 20 -0.996108 1
gene 1 7 29 -2.97554 0 21 -2.97554 1
gene 1 8 27 -0.113312 0 22 -0.113312 1
gene 1 8 28 3.96614 0 23 3.96614 1
gene 1 8 29 0.789692 0 24 0.789692 1
gene 1 9 27 0.602521 0 25 0.602521 1
gene 1 9 28 1.01374 0 26 1.01374 1
gene 1 9 29 2.58466 0 27 2.58466 1
gene 1 10 27 -3.03859 0 28 -3.03859 1
gene 1 10 28 0.288388 0 29 0.288388 1
gene 1 10 29 -0.175954 0 30 -0.175954 1
gene 1 11 27 -0.724291 0 31 -0.724291 1
gene 1 11 28 2.08592 0 32 2.08592 1
gene 1 11 29 0.455697 0 33 0.455697 1
gene 1 12 27 -2.79697 0 34 -2.79697 1
gene 1 12 28 -1.11076 0 35 -1.11076 1
gene 1 12 29 -4.67387 0 36 -4.67387 1
gene 1 13 27 0.433724 0 37 0.433724 1
gene 1 13 28 4.48108 0 38 4.48108 1
gene 1 13 29 3.77593 0 39 3.77593 1
gene 1 14 27 1.62967 0 40 1.62967 1
gene 1 14 28 1.64118 0 41 1.64118 1
gene 1 14 29 4.96971 0 42 4.96971 1
gene 1 15 27 -0.766679 0 43 -0.766679 1
gene 1 15 28 1.93543 0 44 1.93543 1
gene 1 15 29 0.763426 0 45 0.763426 1
gene 1 16 27 2.96329 0 46 2.96329 1
gene 1 16 28 -3.50907 0 47 -3.50907 1
gene 1 16 29 -3.20651 0 48 -3.20651 1
gene 1 17 27 4.61317 0 49 4.61317 1
gene 1 17 28 -0.116044 0 50 -0.116044 1
gene 1 17 29 -0.116303 0 51 -0.116303 1
gene 1 18 27 -0.994176 0 52 -0.994176 1
gene 1 18 28 3.76025 0 53 3.76025 1
gene 1 18 29 0.649719 0 54 0.649719 1
gene 1 19 27 5 0 55 5 1
gene 1 19 28 2.91772 0 56 2.91772 1
gene 1 19 29 0.942967 0 57 0.942967 1
gene 1 20 27 0.465127 0 58 0.465127 1
gene 1 20 28 -0.988067 0 59 -0.988067 1
gene 1 20 29 -4.64335 0 60 -4.64335 1
gene 1 21 27 2.87052 0 61 2.87052 1
gene 1 21 28 -3.66824 0 62 -3.66824 1
gene 1 21 29 -0.735821 0 63 -0.735821 1
gene 1 22 27 0.392343 0 64 0.392343 1
gene 1 22 28 -0.538185 0 65 -0.538185 1
gene 1 22 29 -1.48503 0 66 -1.48503 1
gene 1 23 27 -0.799887 0 67 -0.799887 1
gene 1 23 28 -1.59217 0 68 -1.59217 1
gene 1 23 29 -0.0132112 0 69 -0.0132112 1
gene 1 24 27 1.44802 0 70 1.44802 1
gene 1 24 28 0.988688 0 71 0.988688 1
gene 1 24 29 -0.320453 0 72 -0.320453 1
gene 1 25 27 0.551254 0 73 0.551254 1
gene 1 25 28 -1.35575 0 74 -1.35575 1
gene 1 25 29 0.0424023 0 75 0.0424023 1
gene 1 26 27 0.210039 0 76 0.210039 1
gene 1 26 28 0.81295 0 77 0.81295 1
gene 1 26 29 -0.63574 0 78 -0.63574 1
genomeend 0


