/* Organism #11 Fitness: 34481.088000 Time: 0 */
genomestart 11
trait 1 0.141475 0.673100 0.000000 0.000000 0.000000 0.561833 0.000000 1.000000 
node 1 1 1 1
node 2 1 1 1
node 3 1 1 1
node 4 1 1 1
node 5 1 1 1
node 6 1 1 1
node 7 1 1 1
node 8 1 1 1
node 9 1 1 1
node 10 1 1 1
node 11 1 1 1
node 12 1 1 1
node 13 1 1 1
node 14 1 1 1
node 15 1 1 1
node 16 1 1 1
node 17 1 1 1
node 18 1 1 1
node 19 1 1 1
node 20 1 1 1
node 21 1 1 1
node 22 1 1 1
node 23 1 1 1
node 24 1 1 1
node 25 1 1 1
node 26 1 1 3
node 27 1 0 2
node 28 1 0 2
node 29 1 0 2
gene 1 1 27 4.19637 0 1 4.19637 1
gene 1 1 28 -3.2917 0 2 -3.2917 1
gene 1 1 29 -2.11345 0 3 -2.11345 1
gene 1 2 27 -2.1303 0 4 -2.1303 1
gene 1 2 28 -1.0435 0 5 -1.0435 1
gene 1 2 29 0.836363 0 6 0.836363 1
gene 1 3 27 -0.423338 0 7 -0.423338 1
gene 1 3 28 -4.19936 0 8 -4.19936 1
gene 1 3 29 2.52507 0 9 2.52507 1
gene 1 4 27 2.77666 0 10 2.77666 1
gene 1 4 28 0.311696 0 11 0.311696 1
gene 1 4 29 -2.49723 0 12 -2.49723 1
gene 1 5 27 -1.37938 0 13 -1.37938 1
gene 1 5 28 -2.39951 0 14 -2.39951 1
gene 1 5 29 1.62244 0 15 1.62244 1
gene 1 6 27 -2.39752 0 16 -2.39752 1
gene 1 6 28 1.13899 0 17 1.13899 1
gene 1 6 29 2.7365 0 18 2.7365 1
gene 1 7 27 -2.10811 0 19 -2.10811 1
gene 1 7 28 -0.700316 0 20 -0.700316 1
gene 1 7 29 0.669776 0 21 0.669776 1
gene 1 8 27 1.87948 0 22 1.87948 1
gene 1 8 28 5 0 23 5 1
gene 1 8 29 0.390198 0 24 0.390198 1
gene 1 9 27 4.88064 0 25 4.88064 1
gene 1 9 28 0.815422 0 26 0.815422 1
gene 1 9 29 -2.95858 0 27 -2.95858 1
gene 1 10 27 -0.867715 0 28 -0.867715 1
gene 1 10 28 0.308535 0 29 0.308535 1
gene 1 10 29 -0.519162 0 30 -0.519162 1
gene 1 11 27 1.42847 0 31 1.42847 1
gene 1 11 28 1.04563 0 32 1.04563 1
gene 1 11 29 -0.813584 0 33 -0.813584 1
gene 1 12 27 -1.27086 0 34 -1.27086 1
gene 1 12 28 1.15124 0 35 1.15124 1
gene 1 12 29 -0.547354 0 36 -0.547354 1
gene 1 13 27 1.03507 0 37 1.03507 1
gene 1 13 28 1.50309 0 38 1.50309 1
gene 1 13 29 0.871397 0 39 0.871397 1
gene 1 14 27 0.782481 0 40 0.782481 1
gene 1 14 28 -3.43025 0 41 -3.43025 1
gene 1 14 29 -3.22884 0 42 -3.22884 1
gene 1 15 27 -0.050508 0 43 -0.050508 1
gene 1 15 28 0.815507 0 44 0.815507 1
gene 1 15 29 -1.74878 0 45 -1.74878 1
gene 1 16 27 2.61973 0 46 2.61973 1
gene 1 16 28 0.392863 0 47 0.392863 1
gene 1 16 29 -0.711047 0 48 -0.711047 1
gene 1 17 27 1.92192 0 49 1.92192 1
gene 1 17 28 2.71357 0 50 2.71357 1
gene 1 17 29 1.0759 0 51 1.0759 1
gene 1 18 27 -0.452955 0 52 -0.452955 1
gene 1 18 28 2.77416 0 53 2.77416 1
gene 1 18 29 -2.13681 0 54 -2.13681 1
gene 1 19 27 3.70613 0 55 3.70613 1
gene 1 19 28 -0.587989 0 56 -0.587989 1
gene 1 19 29 0.228551 0 57 0.228551 1
gene 1 20 27 -0.819619 0 58 -0.819619 1
gene 1 20 28 -1.69537 0 59 -1.69537 1
gene 1 20 29 -1.44519 0 60 -1.44519 1
gene 1 21 27 2.05037 0 61 2.05037 1
gene 1 21 28 -3.11527 0 62 -3.11527 1
gene 1 21 29 -1.12779 0 63 -1.12779 1
gene 1 22 27 0.940938 0 64 0.940938 1
gene 1 22 28 1.76252 0 65 1.76252 1
gene 1 22 29 -0.631276 0 66 -0.631276 1
gene 1 23 27 0.857487 0 67 0.857487 1
gene 1 23 28 1.22585 0 68 1.22585 1
gene 1 23 29 0.216219 0 69 0.216219 1
gene 1 24 27 -2.61998 0 70 -2.61998 1
gene 1 24 28 0.793991 0 71 0.793991 1
gene 1 24 29 -0.560786 0 72 -0.560786 1
gene 1 25 27 -1.85102 0 73 -1.85102 1
gene 1 25 28 1.80649 0 74 1.80649 1
gene 1 25 29 -0.302436 0 75 -0.302436 1
gene 1 26 27 0.936311 0 76 0.936311 1
gene 1 26 28 1.35203 0 77 1.35203 1
gene 1 26 29 0.107735 0 78 0.107735 1
genomeend 11


