/* Organism #2 Fitness: 35951.408000 Time: 0 */
genomestart 2
trait 1 0.621111 0.000000 1.000000 0.838354 0.000000 0.962811 0.655774 1.000000 
node 1 1 1 1
node 2 1 1 1
node 3 1 1 1
node 4 1 1 1
node 5 1 1 1
node 6 1 1 1
node 7 1 1 1
node 8 1 1 1
node 9 1 1 1
node 10 1 1 1
node 11 1 1 1
node 12 1 1 1
node 13 1 1 1
node 14 1 1 1
node 15 1 1 1
node 16 1 1 1
node 17 1 1 1
node 18 1 1 1
node 19 1 1 1
node 20 1 1 1
node 21 1 1 1
node 22 1 1 1
node 23 1 1 1
node 24 1 1 1
node 25 1 1 1
node 26 1 1 3
node 27 1 0 2
node 28 1 0 2
node 29 1 0 2
gene 1 1 27 0.393824 0 1 0.393824 1
gene 1 1 28 -1.06234 0 2 -1.06234 1
gene 1 1 29 -0.109794 0 3 -0.109794 1
gene 1 2 27 0.950595 0 4 0.950595 1
gene 1 2 28 -0.823359 0 5 -0.823359 1
gene 1 2 29 0.144091 0 6 0.144091 1
gene 1 3 27 1.53244 0 7 1.53244 1
gene 1 3 28 -2.77942 0 8 -2.77942 1
gene 1 3 29 -0.669751 0 9 -0.669751 1
gene 1 4 27 -0.815068 0 10 -0.815068 1
gene 1 4 28 0.276103 0 11 0.276103 1
gene 1 4 29 -3.3506 0 12 -3.3506 1
gene 1 5 27 3.88743 0 13 3.88743 1
gene 1 5 28 -4.68672 0 14 -4.68672 1
gene 1 5 29 0.559582 0 15 0.559582 1
gene 1 6 27 0.505847 0 16 0.505847 1
gene 1 6 28 2.50691 0 17 2.50691 1
gene 1 6 29 1.95198 0 18 1.95198 1
gene 1 7 27 4.3752 0 19 4.3752 1
gene 1 7 28 -2.47938 0 20 -2.47938 1
gene 1 7 29 0.294489 0 21 0.294489 1
gene 1 8 27 5 0 22 5 1
gene 1 8 28 -0.704538 0 23 -0.704538 1
gene 1 8 29 1.63487 0 24 1.63487 1
gene 1 9 27 0.607422 0 25 0.607422 1
gene 1 9 28 -2.21869 0 26 -2.21869 1
gene 1 9 29 -4.79553 0 27 -4.79553 1
gene 1 10 27 1.3681 0 28 1.3681 1
gene 1 10 28 0.354976 0 29 0.354976 1
gene 1 10 29 -0.138889 0 30 -0.138889 1
gene 1 11 27 -0.45138 0 31 -0.45138 1
gene 1 11 28 1.23883 0 32 1.23883 1
gene 1 11 29 -1.0966 0 33 -1.0966 1
gene 1 12 27 -0.680022 0 34 -0.680022 1
gene 1 12 28 -0.761586 0 35 -0.761586 1
gene 1 12 29 -0.705184 0 36 -0.705184 1
gene 1 13 27 -0.999647 0 37 -0.999647 1
gene 1 13 28 0.0950206 0 38 0.0950206 1
gene 1 13 29 2.67945 0 39 2.67945 1
gene 1 14 27 -1.86182 0 40 -1.86182 1
gene 1 14 28 0.846734 0 41 0.846734 1
gene 1 14 29 -3.00435 0 42 -3.00435 1
gene 1 15 27 -0.794017 0 43 -0.794017 1
gene 1 15 28 0.604685 0 44 0.604685 1
gene 1 15 29 -3.97861 0 45 -3.97861 1
gene 1 16 27 -2.13393 0 46 -2.13393 1
gene 1 16 28 -1.97975 0 47 -1.97975 1
gene 1 16 29 1.31462 0 48 1.31462 1
gene 1 17 27 1.18208 0 49 1.18208 1
gene 1 17 28 -2.46188 0 50 -2.46188 1
gene 1 17 29 0.125918 0 51 0.125918 1
gene 1 18 27 -3.21788 0 52 -3.21788 1
gene 1 18 28 -0.84213 0 53 -0.84213 1
gene 1 18 29 3.28509 0 54 3.28509 1
gene 1 19 27 -1.6794 0 55 -1.6794 1
gene 1 19 28 0.746011 0 56 0.746011 1
gene 1 19 29 -1.14067 0 57 -1.14067 1
gene 1 20 27 -0.824609 0 58 -0.824609 1
gene 1 20 28 0.285595 0 59 0.285595 1
gene 1 20 29 -1.72179 0 60 -1.72179 1
gene 1 21 27 2.11971 0 61 2.11971 1
gene 1 21 28 0.995817 0 62 0.995817 1
gene 1 21 29 -1.6626 0 63 -1.6626 1
gene 1 22 27 0.420682 0 64 0.420682 1
gene 1 22 28 -2.52844 0 65 -2.52844 1
gene 1 22 29 0.735256 0 66 0.735256 1
gene 1 23 27 1.35955 0 67 1.35955 1
gene 1 23 28 -0.0642551 0 68 -0.0642551 1
gene 1 23 29 -1.57271 0 69 -1.57271 1
gene 1 24 27 -0.485888 0 70 -0.485888 1
gene 1 24 28 3.02248 0 71 3.02248 1
gene 1 24 29 0.395057 0 72 0.395057 1
gene 1 25 27 1.20707 0 73 1.20707 1
gene 1 25 28 -0.239744 0 74 -0.239744 1
gene 1 25 29 -1.82507 0 75 -1.82507 1
gene 1 26 27 -1.8729 0 76 -1.8729 1
gene 1 26 28 -1.50354 0 77 -1.50354 1
gene 1 26 29 -1.02158 0 78 -1.02158 1
genomeend 2


