/* Organism #3 Fitness: 36774.108000 Time: 0 */
genomestart 3
trait 1 1.000000 0.000000 0.000000 0.000000 0.000000 0.644691 1.000000 1.000000 
node 1 1 1 1
node 2 1 1 1
node 3 1 1 1
node 4 1 1 1
node 5 1 1 1
node 6 1 1 1
node 7 1 1 1
node 8 1 1 1
node 9 1 1 1
node 10 1 1 1
node 11 1 1 1
node 12 1 1 1
node 13 1 1 1
node 14 1 1 1
node 15 1 1 1
node 16 1 1 1
node 17 1 1 1
node 18 1 1 1
node 19 1 1 1
node 20 1 1 1
node 21 1 1 1
node 22 1 1 1
node 23 1 1 1
node 24 1 1 1
node 25 1 1 1
node 26 1 1 3
node 27 1 0 2
node 28 1 0 2
node 29 1 0 2
gene 1 1 27 2.40696 0 1 2.40696 1
gene 1 1 28 0.511753 0 2 0.511753 1
gene 1 1 29 -5 0 3 -5 1
gene 1 2 27 5 0 4 5 1
gene 1 2 28 -0.0301807 0 5 -0.0301807 1
gene 1 2 29 0.776103 0 6 0.776103 1
gene 1 3 27 2.28899 0 7 2.28899 1
gene 1 3 28 4.31869 0 8 4.31869 1
gene 1 3 29 1.56494 0 9 1.56494 1
gene 1 4 27 -0.555905 0 10 -0.555905 1
gene 1 4 28 0.0703643 0 11 0.0703643 1
gene 1 4 29 -1.02186 0 12 -1.02186 1
gene 1 5 27 5 0 13 5 1
gene 1 5 28 2.56426 0 14 2.56426 1
gene 1 5 29 -1.14503 0 15 -1.14503 1
gene 1 6 27 -1.28417 0 16 -1.28417 1
gene 1 6 28 0.603392 0 17 0.603392 1
gene 1 6 29 -2.13111 0 18 -2.13111 1
gene 1 7 27 -2.24467 0 19 -2.24467 1
gene 1 7 28 -3.75394 0 20 -3.75394 1
gene 1 7 29 -0.476611 0 21 -0.476611 1
gene 1 8 27 -3.39019 0 22 -3.39019 1
gene 1 8 28 1.29626 0 23 1.29626 1
gene 1 8 29 -2.13366 0 24 -2.13366 1
gene 1 9 27 0.578729 0 25 0.578729 1
gene 1 9 28 -1.47694 0 26 -1.47694 1
gene 1 9 29 -3.72268 0 27 -3.72268 1
gene 1 10 27 -0.264465 0 28 -0.264465 1
gene 1 10 28 3.28036 0 29 3.28036 1
gene 1 10 29 1.31932 0 30 1.31932 1
gene 1 11 27 0.126148 0 31 0.126148 1
gene 1 11 28 3.89636 0 32 3.89636 1
gene 1 11 29 -0.677295 0 33 -0.677295 1
gene 1 12 27 0.74279 0 34 0.74279 1
gene 1 12 28 -0.290888 0 35 -0.290888 1
gene 1 12 29 0.589337 0 36 0.589337 1
gene 1 13 27 1.22442 0 37 1.22442 1
gene 1 13 28 -0.0209766 0 38 -0.0209766 1
gene 1 13 29 -0.349715 0 39 -0.349715 1
gene 1 14 27 -1.13773 0 40 -1.13773 1
gene 1 14 28 -1.27494 0 41 -1.27494 1
gene 1 14 29 -1.42714 0 42 -1.42714 1
gene 1 15 27 -2.50413 0 43 -2.50413 1
gene 1 15 28 0.198998 0 44 0.198998 1
gene 1 15 29 0.474507 0 45 0.474507 1
gene 1 16 27 -2.33162 0 46 -2.33162 1
gene 1 16 28 1.10383 0 47 1.10383 1
gene 1 16 29 -0.879574 0 48 -0.879574 1
gene 1 17 27 -0.584696 0 49 -0.584696 1
gene 1 17 28 0.360813 0 50 0.360813 1
gene 1 17 29 0.621721 0 51 0.621721 1
gene 1 18 27 -4.02492 0 52 -4.02492 1
gene 1 18 28 5 0 53 5 1
gene 1 18 29 0.205135 0 54 0.205135 1
gene 1 19 27 -0.912682 0 55 -0.912682 1
gene 1 19 28 4.54843 0 56 4.54843 1
gene 1 19 29 -1.4115 0 57 -1.4115 1
gene 1 20 27 -1.09707 0 58 -1.09707 1
gene 1 20 28 0.21196 0 59 0.21196 1
gene 1 20 29 -1.35094 0 60 -1.35094 1
gene 1 21 27 0.207468 0 61 0.207468 1
gene 1 21 28 -1.37612 0 62 -1.37612 1
gene 1 21 29 -3.04445 0 63 -3.04445 1
gene 1 22 27 0.682853 0 64 0.682853 1
gene 1 22 28 0.467633 0 65 0.467633 1
gene 1 22 29 -0.804999 0 66 -0.804999 1
gene 1 23 27 -0.455276 0 67 -0.455276 1
gene 1 23 28 0.130476 0 68 0.130476 1
gene 1 23 29 1.44193 0 69 1.44193 1
gene 1 24 27 1.56419 0 70 1.56419 1
gene 1 24 28 -1.00813 0 71 -1.00813 1
gene 1 24 29 0.0311169 0 72 0.0311169 1
gene 1 25 27 0.724286 0 73 0.724286 1
gene 1 25 28 0.762558 0 74 0.762558 1
gene 1 25 29 -0.45476 0 75 -0.45476 1
gene 1 26 27 5 0 76 5 1
gene 1 26 28 -0.192269 0 77 -0.192269 1
gene 1 26 29 -0.223877 0 78 -0.223877 1
genomeend 3


