/* Organism #47 Fitness: 36319.562000 Time: 0 */
genomestart 47
trait 1 0.100000 0.000000 0.000000 0.173014 0.808959 0.000000 0.000000 1.000000 
node 1 1 1 1
node 2 1 1 1
node 3 1 1 1
node 4 1 1 1
node 5 1 1 1
node 6 1 1 1
node 7 1 1 1
node 8 1 1 1
node 9 1 1 1
node 10 1 1 1
node 11 1 1 1
node 12 1 1 1
node 13 1 1 1
node 14 1 1 1
node 15 1 1 1
node 16 1 1 1
node 17 1 1 1
node 18 1 1 1
node 19 1 1 1
node 20 1 1 1
node 21 1 1 1
node 22 1 1 1
node 23 1 1 1
node 24 1 1 1
node 25 1 1 1
node 26 1 1 3
node 27 1 0 2
node 28 1 0 2
node 29 1 0 2
gene 1 1 27 3.90989 0 1 3.90989 1
gene 1 1 28 -4.48742 0 2 -4.48742 1
gene 1 1 29 3.23141 0 3 3.23141 1
gene 1 2 27 -2.05755 0 4 -2.05755 1
gene 1 2 28 4.55745 0 5 4.55745 1
gene 1 2 29 -2.44236 0 6 -2.44236 1
gene 1 3 27 3.56747 0 7 3.56747 1
gene 1 3 28 -5 0 8 -5 1
gene 1 3 29 -1.9646 0 9 -1.9646 1
gene 1 4 27 1.73311 0 10 1.73311 1
gene 1 4 28 0.910317 0 11 0.910317 1
gene 1 4 29 -1.26693 0 12 -1.26693 1
gene 1 5 27 3.74667 0 13 3.74667 1
gene 1 5 28 3.63404 0 14 3.63404 1
gene 1 5 29 0.654324 0 15 0.654324 1
gene 1 6 27 -3.39387 0 16 -3.39387 1
gene 1 6 28 -1.83842 0 17 -1.83842 1
gene 1 6 29 -4.16434 0 18 -4.16434 1
gene 1 7 27 -4.34248 0 19 -4.34248 1
gene 1 7 28 1.73724 0 20 1.73724 1
gene 1 7 29 0.684555 0 21 0.684555 1
gene 1 8 27 -0.496325 0 22 -0.496325 1
gene 1 8 28 3.38764 0 23 3.38764 1
gene 1 8 29 -0.906953 0 24 -0.906953 1
gene 1 9 27 -1.09516 0 25 -1.09516 1
gene 1 9 28 -3.86904 0 26 -3.86904 1
gene 1 9 29 0.0735296 0 27 0.0735296 1
gene 1 10 27 -4.38468 0 28 -4.38468 1
gene 1 10 28 5 0 29 5 1
gene 1 10 29 -5 0 30 -5 1
gene 1 11 27 0.608851 0 31 0.608851 1
gene 1 11 28 -3.61119 0 32 -3.61119 1
gene 1 11 29 -3.02437 0 33 -3.02437 1
gene 1 12 27 2.44686 0 34 2.44686 1
gene 1 12 28 -0.488572 0 35 -0.488572 1
gene 1 12 29 -4.93318 0 36 -4.93318 1
gene 1 13 27 -4.86269 0 37 -4.86269 1
gene 1 13 28 0.214608 0 38 0.214608 1
gene 1 13 29 1.65388 0 39 1.65388 1
gene 1 14 27 -5 0 40 -5 1
gene 1 14 28 -0.824775 0 41 -0.824775 1
gene 1 14 29 0.163608 0 42 0.163608 1
gene 1 15 27 0.295983 0 43 0.295983 1
gene 1 15 28 -0.508999 0 44 -0.508999 1
gene 1 15 29 -2.66491 0 45 -2.66491 1
gene 1 16 27 1.88172 0 46 1.88172 1
gene 1 16 28 2.2012 0 47 2.2012 1
gene 1 16 29 -2.31644 0 48 -2.31644 1
gene 1 17 27 -0.106047 0 49 -0.106047 1
gene 1 17 28 2.94608 0 50 2.94608 1
gene 1 17 29 -2.03919 0 51 -2.03919 1
gene 1 18 27 4.14245 0 52 4.14245 1
gene 1 18 28 0.359103 0 53 0.359103 1
gene 1 18 29 -0.729812 0 54 -0.729812 1
gene 1 19 27 -2.3922 0 55 -2.3922 1
gene 1 19 28 3.12405 0 56 3.12405 1
gene 1 19 29 0.383248 0 57 0.383248 1
gene 1 20 27 -1.21926 0 58 -1.21926 1
gene 1 20 28 0.0787945 0 59 0.0787945 1
gene 1 20 29 -0.450139 0 60 -0.450139 1
gene 1 21 27 0.0615896 0 61 0.0615896 1
gene 1 21 28 -4.59296 0 62 -4.59296 1
gene 1 21 29 0.738147 0 63 0.738147 1
gene 1 22 27 -0.476435 0 64 -0.476435 1
gene 1 22 28 -0.396373 0 65 -0.396373 1
gene 1 22 29 0.370969 0 66 0.370969 1
gene 1 23 27 0.298428 0 67 0.298428 1
gene 1 23 28 0.234787 0 68 0.234787 1
gene 1 23 29 -0.854768 0 69 -0.854768 1
gene 1 24 27 0.730277 0 70 0.730277 1
gene 1 24 28 0.394078 0 71 0.394078 1
gene 1 24 29 -0.380428 0 72 -0.380428 1
gene 1 25 27 1.6261 0 73 1.6261 1
gene 1 25 28 -0.192897 0 74 -0.192897 1
gene 1 25 29 -1.00897 0 75 -1.00897 1
gene 1 26 27 3.31291 0 76 3.31291 1
gene 1 26 28 -0.615213 0 77 -0.615213 1
gene 1 26 29 0.115911 0 78 0.115911 1
genomeend 47


