/* Organism #4 Fitness: 37092.458000 Time: 0 */
genomestart 4
trait 1 0.199372 0.983035 0.680325 0.000000 0.000000 0.308627 0.000000 0.000000 
node 1 1 1 1
node 2 1 1 1
node 3 1 1 1
node 4 1 1 1
node 5 1 1 1
node 6 1 1 1
node 7 1 1 1
node 8 1 1 1
node 9 1 1 1
node 10 1 1 1
node 11 1 1 1
node 12 1 1 1
node 13 1 1 1
node 14 1 1 1
node 15 1 1 1
node 16 1 1 1
node 17 1 1 1
node 18 1 1 1
node 19 1 1 1
node 20 1 1 1
node 21 1 1 1
node 22 1 1 1
node 23 1 1 1
node 24 1 1 1
node 25 1 1 1
node 26 1 1 3
node 27 1 0 2
node 28 1 0 2
node 29 1 0 2
gene 1 1 27 1.56079 0 1 1.56079 1
gene 1 1 28 -4.64061 0 2 -4.64061 1
gene 1 1 29 -2.31395 0 3 -2.31395 1
gene 1 2 27 -3.43325 0 4 -3.43325 1
gene 1 2 28 0.194723 0 5 0.194723 1
gene 1 2 29 2.42185 0 6 2.42185 1
gene 1 3 27 -0.136586 0 7 -0.136586 1
gene 1 3 28 -2.11531 0 8 -2.11531 1
gene 1 3 29 0.133038 0 9 0.133038 1
gene 1 4 27 -0.214674 0 10 -0.214674 1
gene 1 4 28 -4.19724 0 11 -4.19724 1
gene 1 4 29 2.07498 0 12 2.07498 1
gene 1 5 27 0.538658 0 13 0.538658 1
gene 1 5 28 -3.21552 0 14 -3.21552 1
gene 1 5 29 1.07321 0 15 1.07321 1
gene 1 6 27 -2.92783 0 16 -2.92783 1
gene 1 6 28 2.23381 0 17 2.23381 1
gene 1 6 29 0.119242 0 18 0.119242 1
gene 1 7 27 4.73921 0 19 4.73921 1
gene 1 7 28 0.0556825 0 20 0.0556825 1
gene 1 7 29 0.0721382 0 21 0.0721382 1
gene 1 8 27 -0.676903 0 22 -0.676903 1
gene 1 8 28 4.07476 0 23 4.07476 1
gene 1 8 29 1.07868 0 24 1.07868 1
gene 1 9 27 -0.00594826 0 25 -0.00594826 1
gene 1 9 28 2.79008 0 26 2.79008 1
gene 1 9 29 -0.22934 0 27 -0.22934 1
gene 1 10 27 -2.23632 0 28 -2.23632 1
gene 1 10 28 1.79803 0 29 1.79803 1
gene 1 10 29 1.28611 0 30 1.28611 1
gene 1 11 27 0.644367 0 31 0.644367 1
gene 1 11 28 -1.38268 0 32 -1.38268 1
gene 1 11 29 3.47134 0 33 3.47134 1
gene 1 12 27 -2.21542 0 34 -2.21542 1
gene 1 12 28 -2.53282 0 35 -2.53282 1
gene 1 12 29 3.59106 0 36 3.59106 1
gene 1 13 27 -1.64659 0 37 -1.64659 1
gene 1 13 28 3.55939 0 38 3.55939 1
gene 1 13 29 5 0 39 5 1
gene 1 14 27 -0.171105 0 40 -0.171105 1
gene 1 14 28 -0.831466 0 41 -0.831466 1
gene 1 14 29 -3.59962 0 42 -3.59962 1
gene 1 15 27 -1.03419 0 43 -1.03419 1
gene 1 15 28 0.700929 0 44 0.700929 1
gene 1 15 29 0.109285 0 45 0.109285 1
gene 1 16 27 -0.720925 0 46 -0.720925 1
gene 1 16 28 -0.747559 0 47 -0.747559 1
gene 1 16 29 0.58169 0 48 0.58169 1
gene 1 17 27 -0.754335 0 49 -0.754335 1
gene 1 17 28 1.0413 0 50 1.0413 1
gene 1 17 29 -0.168495 0 51 -0.168495 1
gene 1 18 27 -0.707474 0 52 -0.707474 1
gene 1 18 28 -0.206269 0 53 -0.206269 1
gene 1 18 29 0.0742859 0 54 0.0742859 1
gene 1 19 27 -0.27834 0 55 -0.27834 1
gene 1 19 28 -0.690095 0 56 -0.690095 1
gene 1 19 29 -3.09279 0 57 -3.09279 1
gene 1 20 27 0.692123 0 58 0.692123 1
gene 1 20 28 0.456562 0 59 0.456562 1
gene 1 20 29 -3.99479 0 60 -3.99479 1
gene 1 21 27 -0.781091 0 61 -0.781091 1
gene 1 21 28 -5 0 62 -5 1
gene 1 21 29 4.45803 0 63 4.45803 1
gene 1 22 27 -0.230729 0 64 -0.230729 1
gene 1 22 28 0.701459 0 65 0.701459 1
gene 1 22 29 0.315128 0 66 0.315128 1
gene 1 23 27 0.349331 0 67 0.349331 1
gene 1 23 28 -0.539549 0 68 -0.539549 1
gene 1 23 29 1.11629 0 69 1.11629 1
gene 1 24 27 -0.154537 0 70 -0.154537 1
gene 1 24 28 -0.0556621 0 71 -0.0556621 1
gene 1 24 29 -0.740377 0 72 -0.740377 1
gene 1 25 27 -1.13857 0 73 -1.13857 1
gene 1 25 28 1.24365 0 74 1.24365 1
gene 1 25 29 -0.385242 0 75 -0.385242 1
gene 1 26 27 3.36898 0 76 3.36898 1
gene 1 26 28 0.719619 0 77 0.719619 1
gene 1 26 29 -0.727308 0 78 -0.727308 1
genomeend 4


