/* Organism #7 Fitness: 34987.050000 Time: 0 */
genomestart 7
trait 1 0.390673 0.562146 0.657855 0.547523 0.000000 1.000000 0.855228 1.000000 
node 1 1 1 1
node 2 1 1 1
node 3 1 1 1
node 4 1 1 1
node 5 1 1 1
node 6 1 1 1
node 7 1 1 1
node 8 1 1 1
node 9 1 1 1
node 10 1 1 1
node 11 1 1 1
node 12 1 1 1
node 13 1 1 1
node 14 1 1 1
node 15 1 1 1
node 16 1 1 1
node 17 1 1 1
node 18 1 1 1
node 19 1 1 1
node 20 1 1 1
node 21 1 1 1
node 22 1 1 1
node 23 1 1 1
node 24 1 1 1
node 25 1 1 1
node 26 1 1 3
node 27 1 0 2
node 28 1 0 2
node 29 1 0 2
gene 1 1 27 2.96649 0 1 2.96649 1
gene 1 1 28 -3.36271 0 2 -3.36271 1
gene 1 1 29 -1.98337 0 3 -1.98337 1
gene 1 2 27 5 0 4 5 1
gene 1 2 28 3.68245 0 5 3.68245 1
gene 1 2 29 0.104971 0 6 0.104971 1
gene 1 3 27 -0.856789 0 7 -0.856789 1
gene 1 3 28 0.302562 0 8 0.302562 1
gene 1 3 29 -0.7569 0 9 -0.7569 1
gene 1 4 27 3.42587 0 10 3.42587 1
gene 1 4 28 1.07051 0 11 1.07051 1
gene 1 4 29 -0.779775 0 12 -0.779775 1
gene 1 5 27 3.52786 0 13 3.52786 1
gene 1 5 28 -1.18746 0 14 -1.18746 1
gene 1 5 29 0.969377 0 15 0.969377 1
gene 1 6 27 -0.375014 0 16 -0.375014 1
gene 1 6 28 -2.27678 0 17 -2.27678 1
gene 1 6 29 3.48006 0 18 3.48006 1
gene 1 7 27 -4.75233 0 19 -4.75233 1
gene 1 7 28 -0.102416 0 20 -0.102416 1
gene 1 7 29 -3.99377 0 21 -3.99377 1
gene 1 8 27 -1.41397 0 22 -1.41397 1
gene 1 8 28 5 0 23 5 1
gene 1 8 29 0.193723 0 24 0.193723 1
gene 1 9 27 -3.02302 0 25 -3.02302 1
gene 1 9 28 1.68177 0 26 1.68177 1
gene 1 9 29 2.33974 0 27 2.33974 1
gene 1 10 27 0.337963 0 28 0.337963 1
gene 1 10 28 -1.53557 0 29 -1.53557 1
gene 1 10 29 3.39518 0 30 3.39518 1
gene 1 11 27 3.60726 0 31 3.60726 1
gene 1 11 28 1.37282 0 32 1.37282 1
gene 1 11 29 0.24418 0 33 0.24418 1
gene 1 12 27 -2.02797 0 34 -2.02797 1
gene 1 12 28 0.185366 0 35 0.185366 1
gene 1 12 29 -2.34315 0 36 -2.34315 1
gene 1 13 27 1.00505 0 37 1.00505 1
gene 1 13 28 -1.7639 0 38 -1.7639 1
gene 1 13 29 -0.311305 0 39 -0.311305 1
gene 1 14 27 2.90045 0 40 2.90045 1
gene 1 14 28 0.0941751 0 41 0.0941751 1
gene 1 14 29 0.0237265 0 42 0.0237265 1
gene 1 15 27 -4.64788 0 43 -4.64788 1
gene 1 15 28 -5 0 44 -5 1
gene 1 15 29 1.09108 0 45 1.09108 1
gene 1 16 27 5 0 46 5 1
gene 1 16 28 0.148967 0 47 0.148967 1
gene 1 16 29 0.701365 0 48 0.701365 1
gene 1 17 27 2.5694 0 49 2.5694 1
gene 1 17 28 1.25203 0 50 1.25203 1
gene 1 17 29 -0.945079 0 51 -0.945079 1
gene 1 18 27 2.00992 0 52 2.00992 1
gene 1 18 28 0.912766 0 53 0.912766 1
gene 1 18 29 -0.99639 0 54 -0.99639 1
gene 1 19 27 1.66455 0 55 1.66455 1
gene 1 19 28 1.92498 0 56 1.92498 1
gene 1 19 29 -1.22708 0 57 -1.22708 1
gene 1 20 27 1.08725 0 58 1.08725 1
gene 1 20 28 1.42567 0 59 1.42567 1
gene 1 20 29 -0.939135 0 60 -0.939135 1
gene 1 21 27 -0.586344 0 61 -0.586344 1
gene 1 21 28 -3.81403 0 62 -3.81403 1
gene 1 21 29 -3.96402 0 63 -3.96402 1
gene 1 22 27 0.875846 0 64 0.875846 1
gene 1 22 28 -0.628367 0 65 -0.628367 1
gene 1 22 29 0.271653 0 66 0.271653 1
gene 1 23 27 3.24527 0 67 3.24527 1
gene 1 23 28 0.629665 0 68 0.629665 1
gene 1 23 29 0.0274149 0 69 0.0274149 1
gene 1 24 27 -0.141322 0 70 -0.141322 1
gene 1 24 28 -1.13103 0 71 -1.13103 1
gene 1 24 29 -0.755144 0 72 -0.755144 1
gene 1 25 27 1.42617 0 73 1.42617 1
gene 1 25 28 0.521961 0 74 0.521961 1
gene 1 25 29 -1.33578 0 75 -1.33578 1
gene 1 26 27 -0.95368 0 76 -0.95368 1
gene 1 26 28 0.639991 0 77 0.639991 1
gene 1 26 29 -1.44941 0 78 -1.44941 1
genomeend 7


