/* Organism #7 Fitness: 34779.512000 Time: 0 */
genomestart 7
trait 1 0.357152 1.000000 0.577608 0.000000 1.000000 0.963271 0.000000 0.000000 
node 1 1 1 1
node 2 1 1 1
node 3 1 1 1
node 4 1 1 1
node 5 1 1 1
node 6 1 1 1
node 7 1 1 1
node 8 1 1 1
node 9 1 1 1
node 10 1 1 1
node 11 1 1 1
node 12 1 1 1
node 13 1 1 1
node 14 1 1 1
node 15 1 1 1
node 16 1 1 1
node 17 1 1 1
node 18 1 1 1
node 19 1 1 1
node 20 1 1 1
node 21 1 1 1
node 22 1 1 1
node 23 1 1 1
node 24 1 1 1
node 25 1 1 1
node 26 1 1 3
node 27 1 0 2
node 28 1 0 2
node 29 1 0 2
gene 1 1 27 2.87106 0 1 2.87106 1
gene 1 1 28 -0.793343 0 2 -0.793343 1
gene 1 1 29 0.691037 0 3 0.691037 1
gene 1 2 27 -0.831419 0 4 -0.831419 1
gene 1 2 28 -2.1942 0 5 -2.1942 1
gene 1 2 29 -0.112942 0 6 -0.112942 1
gene 1 3 27 1.0339 0 7 1.0339 1
gene 1 3 28 0.972118 0 8 0.972118 1
gene 1 3 29 -4.79289 0 9 -4.79289 1
gene 1 4 27 -4.92506 0 10 -4.92506 1
gene 1 4 28 -0.615025 0 11 -0.615025 1
gene 1 4 29 -5 0 12 -5 1
gene 1 5 27 2.72219 0 13 2.72219 1
gene 1 5 28 -5 0 14 -5 1
gene 1 5 29 0.301908 0 15 0.301908 1
gene 1 6 27 1.33599 0 16 1.33599 1
gene 1 6 28 2.96883 0 17 2.96883 1
gene 1 6 29 3.65728 0 18 3.65728 1
gene 1 7 27 1.73583 0 19 1.73583 1
gene 1 7 28 -2.23511 0 20 -2.23511 1
gene 1 7 29 -0.782103 0 21 -0.782103 1
gene 1 8 27 0.185523 0 22 0.185523 1
gene 1 8 28 0.142937 0 23 0.142937 1
gene 1 8 29 4.1527 0 24 4.1527 1
gene 1 9 27 -1.06472 0 25 -1.06472 1
gene 1 9 28 0.918043 0 26 0.918043 1
gene 1 9 29 0.503003 0 27 0.503003 1
gene 1 10 27 0.420108 0 28 0.420108 1
gene 1 10 28 -1.50105 0 29 -1.50105 1
gene 1 10 29 2.88549 0 30 2.88549 1
gene 1 11 27 -0.455021 0 31 -0.455021 1
gene 1 11 28 -0.505297 0 32 -0.505297 1
gene 1 11 29 1.19825 0 33 1.19825 1
gene 1 12 27 -0.766287 0 34 -0.766287 1
gene 1 12 28 3.87495 0 35 3.87495 1
gene 1 12 29 -4.23415 0 36 -4.23415 1
gene 1 13 27 0.836995 0 37 0.836995 1
gene 1 13 28 -1.21239 0 38 -1.21239 1
gene 1 13 29 -4.35136 0 39 -4.35136 1
gene 1 14 27 -2.88425 0 40 -2.88425 1
gene 1 14 28 3.35787 0 41 3.35787 1
gene 1 14 29 1.92599 0 42 1.92599 1
gene 1 15 27 -0.423529 0 43 -0.423529 1
gene 1 15 28 0.380714 0 44 0.380714 1
gene 1 15 29 -0.513977 0 45 -0.513977 1
gene 1 16 27 0.813062 0 46 0.813062 1
gene 1 16 28 0.630247 0 47 0.630247 1
gene 1 16 29 -1.07997 0 48 -1.07997 1
gene 1 17 27 0.705277 0 49 0.705277 1
gene 1 17 28 -1.31912 0 50 -1.31912 1
gene 1 17 29 -0.0896399 0 51 -0.0896399 1
gene 1 18 27 -2.78159 0 52 -2.78159 1
gene 1 18 28 -0.390897 0 53 -0.390897 1
gene 1 18 29 1.84986 0 54 1.84986 1
gene 1 19 27 -0.422279 0 55 -0.422279 1
gene 1 19 28 -3.49224 0 56 -3.49224 1
gene 1 19 29 0.969739 0 57 0.969739 1
gene 1 20 27 -0.573419 0 58 -0.573419 1
gene 1 20 28 -0.930223 0 59 -0.930223 1
gene 1 20 29 -0.48523 0 60 -0.48523 1
gene 1 21 27 0.788279 0 61 0.788279 1
gene 1 21 28 3.99315 0 62 3.99315 1
gene 1 21 29 -3.90952 0 63 -3.90952 1
gene 1 22 27 -0.142624 0 64 -0.142624 1
gene 1 22 28 -0.694051 0 65 -0.694051 1
gene 1 22 29 -0.101878 0 66 -0.101878 1
gene 1 23 27 -0.765497 0 67 -0.765497 1
gene 1 23 28 -0.167428 0 68 -0.167428 1
gene 1 23 29 0.747536 0 69 0.747536 1
gene 1 24 27 0.466455 0 70 0.466455 1
gene 1 24 28 -0.892988 0 71 -0.892988 1
gene 1 24 29 1.62633 0 72 1.62633 1
gene 1 25 27 0.118654 0 73 0.118654 1
gene 1 25 28 0.881238 0 74 0.881238 1
gene 1 25 29 1.57469 0 75 1.57469 1
gene 1 26 27 -0.413675 0 76 -0.413675 1
gene 1 26 28 0.202693 0 77 0.202693 1
gene 1 26 29 0.763015 0 78 0.763015 1
genomeend 7


