/* Organism #2 Fitness: 13716.614000 Time: 0 */
genomestart 2
trait 1 0.100000 0.000000 0.933683 0.921328 0.000000 0.000000 0.000000 0.000000 
node 1 1 1 1
node 2 1 1 1
node 3 1 1 1
node 4 1 1 1
node 5 1 1 1
node 6 1 1 1
node 7 1 1 1
node 8 1 1 1
node 9 1 1 1
node 10 1 1 1
node 11 1 1 1
node 12 1 1 1
node 13 1 1 1
node 14 1 1 1
node 15 1 1 1
node 16 1 1 1
node 17 1 1 1
node 18 1 1 1
node 19 1 1 1
node 20 1 1 1
node 21 1 1 1
node 22 1 1 1
node 23 1 1 1
node 24 1 1 1
node 25 1 1 1
node 26 1 1 1
node 27 1 1 1
node 28 1 1 1
node 29 1 1 1
node 30 1 1 3
node 31 1 0 2
node 32 1 0 2
node 33 1 0 2
gene 1 1 31 -3.85596 0 1 -3.85596 1
gene 1 1 32 3.43462 0 2 3.43462 1
gene 1 1 33 -0.286377 0 3 -0.286377 1
gene 1 2 31 0.926548 0 4 0.926548 1
gene 1 2 32 -4.91414 0 5 -4.91414 1
gene 1 2 33 -4.98497 0 6 -4.98497 1
gene 1 3 31 -0.480731 0 7 -0.480731 1
gene 1 3 32 -2.63226 0 8 -2.63226 1
gene 1 3 33 2.88632 0 9 2.88632 1
gene 1 4 31 1.66237 0 10 1.66237 1
gene 1 4 32 1.38927 0 11 1.38927 1
gene 1 4 33 0.320179 0 12 0.320179 1
gene 1 5 31 0.636569 0 13 0.636569 1
gene 1 5 32 1.7664 0 14 1.7664 1
gene 1 5 33 -0.63564 0 15 -0.63564 1
gene 1 6 31 2.67781 0 16 2.67781 1
gene 1 6 32 -3.71137 0 17 -3.71137 1
gene 1 6 33 -0.193239 0 18 -0.193239 1
gene 1 7 31 4.04661 0 19 4.04661 1
gene 1 7 32 -0.0237083 0 20 -0.0237083 1
gene 1 7 33 -0.103289 0 21 -0.103289 1
gene 1 8 31 0.6484 0 22 0.6484 1
gene 1 8 32 -1.09705 0 23 -1.09705 1
gene 1 8 33 -0.630833 0 24 -0.630833 1
gene 1 9 31 -1.99744 0 25 -1.99744 1
gene 1 9 32 1.91723 0 26 1.91723 1
gene 1 9 33 1.24321 0 27 1.24321 1
gene 1 10 31 3.72584 0 28 3.72584 1
gene 1 10 32 4.59577 0 29 4.59577 1
gene 1 10 33 -4.92174 0 30 -4.92174 1
gene 1 11 31 2.71136 0 31 2.71136 1
gene 1 11 32 -1.3057 0 32 -1.3057 1
gene 1 11 33 3.04095 0 33 3.04095 1
gene 1 12 31 0.923249 0 34 0.923249 1
gene 1 12 32 -3.21909 0 35 -3.21909 1
gene 1 12 33 3.20629 0 36 3.20629 1
gene 1 13 31 -3.05518 0 37 -3.05518 1
gene 1 13 32 0.333222 0 38 0.333222 1
gene 1 13 33 0.202664 0 39 0.202664 1
gene 1 14 31 1.99391 0 40 1.99391 1
gene 1 14 32 3.94534 0 41 3.94534 1
gene 1 14 33 4.81895 0 42 4.81895 1
gene 1 15 31 4.12274 0 43 4.12274 1
gene 1 15 32 -1.9285 0 44 -1.9285 1
gene 1 15 33 -0.372793 0 45 -0.372793 1
gene 1 16 31 0.113418 0 46 0.113418 1
gene 1 16 32 -5 0 47 -5 1
gene 1 16 33 1.26212 0 48 1.26212 1
gene 1 17 31 -0.351035 0 49 -0.351035 1
gene 1 17 32 -5 0 50 -5 1
gene 1 17 33 -2.63974 0 51 -2.63974 1
gene 1 18 31 4.82975 0 52 4.82975 1
gene 1 18 32 -1.33827 0 53 -1.33827 1
gene 1 18 33 -2.35955 0 54 -2.35955 1
gene 1 19 31 2.27176 0 55 2.27176 1
gene 1 19 32 0.78183 0 56 0.78183 1
gene 1 19 33 -1.24476 0 57 -1.24476 1
gene 1 20 31 -0.994804 0 58 -0.994804 1
gene 1 20 32 2.27017 0 59 2.27017 1
gene 1 20 33 1.63136 0 60 1.63136 1
gene 1 21 31 3.66436 0 61 3.66436 1
gene 1 21 32 0.7692 0 62 0.7692 1
gene 1 21 33 -2.67605 0 63 -2.67605 1
gene 1 22 31 -2.73175 0 64 -2.73175 1
gene 1 22 32 3.61271 0 65 3.61271 1
gene 1 22 33 0.982238 0 66 0.982238 1
gene 1 23 31 0.567332 0 67 0.567332 1
gene 1 23 32 4.77411 0 68 4.77411 1
gene 1 23 33 -0.689919 0 69 -0.689919 1
gene 1 24 31 1.80717 0 70 1.80717 1
gene 1 24 32 1.01284 0 71 1.01284 1
gene 1 24 33 3.99929 0 72 3.99929 1
gene 1 25 31 -1.32868 0 73 -1.32868 1
gene 1 25 32 -0.533567 0 74 -0.533567 1
gene 1 25 33 -0.0387036 0 75 -0.0387036 1
gene 1 26 31 2.57822 0 76 2.57822 1
gene 1 26 32 0.497054 0 77 0.497054 1
gene 1 26 33 0.00968409 0 78 0.00968409 1
gene 1 27 31 -2.76137 0 79 -2.76137 1
gene 1 27 32 1.1718 0 80 1.1718 1
gene 1 27 33 0.94854 0 81 0.94854 1
gene 1 28 31 0.218004 0 82 0.218004 1
gene 1 28 32 0.284928 0 83 0.284928 1
gene 1 28 33 -0.191125 0 84 -0.191125 1
gene 1 29 31 -1.25381 0 85 -1.25381 1
gene 1 29 32 -0.0866148 0 86 -0.0866148 1
gene 1 29 33 -0.226283 0 87 -0.226283 1
gene 1 30 31 -5 0 88 -5 1
gene 1 30 32 -4.31851 0 89 -4.31851 1
gene 1 30 33 0.448295 0 90 0.448295 1
genomeend 2


