/* Organism #2 Fitness: 13595.810000 Time: 0 */
genomestart 2
trait 1 0.368951 0.000000 0.000000 0.000000 0.000000 1.000000 0.473108 0.000000 
node 1 1 1 1
node 2 1 1 1
node 3 1 1 1
node 4 1 1 1
node 5 1 1 1
node 6 1 1 1
node 7 1 1 1
node 8 1 1 1
node 9 1 1 1
node 10 1 1 1
node 11 1 1 1
node 12 1 1 1
node 13 1 1 1
node 14 1 1 1
node 15 1 1 1
node 16 1 1 1
node 17 1 1 1
node 18 1 1 1
node 19 1 1 1
node 20 1 1 1
node 21 1 1 1
node 22 1 1 1
node 23 1 1 1
node 24 1 1 1
node 25 1 1 1
node 26 1 1 1
node 27 1 1 1
node 28 1 1 1
node 29 1 1 1
node 30 1 1 3
node 31 1 0 2
node 32 1 0 2
node 33 1 0 2
gene 1 1 31 -3.94886 0 1 -3.94886 1
gene 1 1 32 3.26153 0 2 3.26153 1
gene 1 1 33 -0.214878 0 3 -0.214878 1
gene 1 2 31 0.835552 0 4 0.835552 1
gene 1 2 32 -1.67417 0 5 -1.67417 1
gene 1 2 33 -0.44296 0 6 -0.44296 1
gene 1 3 31 -0.855214 0 7 -0.855214 1
gene 1 3 32 0.956895 0 8 0.956895 1
gene 1 3 33 -3.55678 0 9 -3.55678 1
gene 1 4 31 1.93437 0 10 1.93437 1
gene 1 4 32 -2.91553 0 11 -2.91553 1
gene 1 4 33 -2.80281 0 12 -2.80281 1
gene 1 5 31 0.521539 0 13 0.521539 1
gene 1 5 32 -2.2095 0 14 -2.2095 1
gene 1 5 33 1.36155 0 15 1.36155 1
gene 1 6 31 1.28944 0 16 1.28944 1
gene 1 6 32 -4.73166 0 17 -4.73166 1
gene 1 6 33 2.29124 0 18 2.29124 1
gene 1 7 31 4.19181 0 19 4.19181 1
gene 1 7 32 1.82531 0 20 1.82531 1
gene 1 7 33 -0.625897 0 21 -0.625897 1
gene 1 8 31 0.568791 0 22 0.568791 1
gene 1 8 32 0.577625 0 23 0.577625 1
gene 1 8 33 -0.884994 0 24 -0.884994 1
gene 1 9 31 1.63141 0 25 1.63141 1
gene 1 9 32 -1.05418 0 26 -1.05418 1
gene 1 9 33 -4.52939 0 27 -4.52939 1
gene 1 10 31 -1.1884 0 28 -1.1884 1
gene 1 10 32 -0.0777741 0 29 -0.0777741 1
gene 1 10 33 1.10394 0 30 1.10394 1
gene 1 11 31 3.74937 0 31 3.74937 1
gene 1 11 32 -1.32512 0 32 -1.32512 1
gene 1 11 33 0.13544 0 33 0.13544 1
gene 1 12 31 1.17412 0 34 1.17412 1
gene 1 12 32 2.73283 0 35 2.73283 1
gene 1 12 33 3.28573 0 36 3.28573 1
gene 1 13 31 0.398546 0 37 0.398546 1
gene 1 13 32 -2.2176 0 38 -2.2176 1
gene 1 13 33 -0.804045 0 39 -0.804045 1
gene 1 14 31 -3.6493 0 40 -3.6493 1
gene 1 14 32 0.718447 0 41 0.718447 1
gene 1 14 33 1.56081 0 42 1.56081 1
gene 1 15 31 1.17373 0 43 1.17373 1
gene 1 15 32 -3.33473 0 44 -3.33473 1
gene 1 15 33 -1.60929 0 45 -1.60929 1
gene 1 16 31 -1.84102 0 46 -1.84102 1
gene 1 16 32 -0.896346 0 47 -0.896346 1
gene 1 16 33 0.632184 0 48 0.632184 1
gene 1 17 31 0.581525 0 49 0.581525 1
gene 1 17 32 -1.96325 0 50 -1.96325 1
gene 1 17 33 2.11661 0 51 2.11661 1
gene 1 18 31 2.76953 0 52 2.76953 1
gene 1 18 32 -0.53663 0 53 -0.53663 1
gene 1 18 33 -0.0258263 0 54 -0.0258263 1
gene 1 19 31 2.73317 0 55 2.73317 1
gene 1 19 32 0.0866351 0 56 0.0866351 1
gene 1 19 33 -4.15886 0 57 -4.15886 1
gene 1 20 31 -0.767381 0 58 -0.767381 1
gene 1 20 32 -2.15024 0 59 -2.15024 1
gene 1 20 33 -2.9633 0 60 -2.9633 1
gene 1 21 31 -0.45496 0 61 -0.45496 1
gene 1 21 32 1.52439 0 62 1.52439 1
gene 1 21 33 0.232402 0 63 0.232402 1
gene 1 22 31 0.0230505 0 64 0.0230505 1
gene 1 22 32 -1.14865 0 65 -1.14865 1
gene 1 22 33 -1.91512 0 66 -1.91512 1
gene 1 23 31 1.82902 0 67 1.82902 1
gene 1 23 32 3.1615 0 68 3.1615 1
gene 1 23 33 0.868736 0 69 0.868736 1
gene 1 24 31 0.471934 0 70 0.471934 1
gene 1 24 32 0.0602211 0 71 0.0602211 1
gene 1 24 33 4.50569 0 72 4.50569 1
gene 1 25 31 0.589511 0 73 0.589511 1
gene 1 25 32 1.86113 0 74 1.86113 1
gene 1 25 33 -0.0676873 0 75 -0.0676873 1
gene 1 26 31 1.6406 0 76 1.6406 1
gene 1 26 32 -0.153513 0 77 -0.153513 1
gene 1 26 33 -0.0149407 0 78 -0.0149407 1
gene 1 27 31 0.608508 0 79 0.608508 1
gene 1 27 32 1.54315 0 80 1.54315 1
gene 1 27 33 -0.595207 0 81 -0.595207 1
gene 1 28 31 -0.400536 0 82 -0.400536 1
gene 1 28 32 0.447417 0 83 0.447417 1
gene 1 28 33 0.421089 0 84 0.421089 1
gene 1 29 31 -0.79929 0 85 -0.79929 1
gene 1 29 32 -0.971723 0 86 -0.971723 1
gene 1 29 33 -0.307588 0 87 -0.307588 1
gene 1 30 31 -4.48942 0 88 -4.48942 1
gene 1 30 32 -2.02167 0 89 -2.02167 1
gene 1 30 33 1.00551 0 90 1.00551 1
genomeend 2


