/* Organism #3 Fitness: 14489.138000 Time: 0 */
genomestart 3
trait 1 0.000000 1.000000 0.000000 1.000000 0.093649 0.721759 0.000000 0.832699 
node 1 1 1 1
node 2 1 1 1
node 3 1 1 1
node 4 1 1 1
node 5 1 1 1
node 6 1 1 1
node 7 1 1 1
node 8 1 1 1
node 9 1 1 1
node 10 1 1 1
node 11 1 1 1
node 12 1 1 1
node 13 1 1 1
node 14 1 1 1
node 15 1 1 1
node 16 1 1 1
node 17 1 1 1
node 18 1 1 1
node 19 1 1 1
node 20 1 1 1
node 21 1 1 1
node 22 1 1 1
node 23 1 1 1
node 24 1 1 1
node 25 1 1 1
node 26 1 1 1
node 27 1 1 1
node 28 1 1 1
node 29 1 1 1
node 30 1 1 3
node 31 1 0 2
node 32 1 0 2
node 33 1 0 2
gene 1 1 31 0.79614 0 1 0.79614 1
gene 1 1 32 -3.90648 0 2 -3.90648 1
gene 1 1 33 0.124702 0 3 0.124702 1
gene 1 2 31 0.153551 0 4 0.153551 1
gene 1 2 32 5 0 5 5 1
gene 1 2 33 2.22181 0 6 2.22181 1
gene 1 3 31 -0.107724 0 7 -0.107724 1
gene 1 3 32 1.54122 0 8 1.54122 1
gene 1 3 33 -3.23903 0 9 -3.23903 1
gene 1 4 31 0.812745 0 10 0.812745 1
gene 1 4 32 1.66902 0 11 1.66902 1
gene 1 4 33 -0.927302 0 12 -0.927302 1
gene 1 5 31 0.057642 0 13 0.057642 1
gene 1 5 32 3.16916 0 14 3.16916 1
gene 1 5 33 -2.9445 0 15 -2.9445 1
gene 1 6 31 0.111094 0 16 0.111094 1
gene 1 6 32 0.0325254 0 17 0.0325254 1
gene 1 6 33 5 0 18 5 1
gene 1 7 31 -0.688975 0 19 -0.688975 1
gene 1 7 32 -0.22247 0 20 -0.22247 1
gene 1 7 33 -3.03612 0 21 -3.03612 1
gene 1 8 31 2.58401 0 22 2.58401 1
gene 1 8 32 2.20536 0 23 2.20536 1
gene 1 8 33 -5 0 24 -5 1
gene 1 9 31 -3.92507 0 25 -3.92507 1
gene 1 9 32 2.85447 0 26 2.85447 1
gene 1 9 33 -4.67768 0 27 -4.67768 1
gene 1 10 31 -0.386835 0 28 -0.386835 1
gene 1 10 32 -2.32195 0 29 -2.32195 1
gene 1 10 33 1.97783 0 30 1.97783 1
gene 1 11 31 -3.78331 0 31 -3.78331 1
gene 1 11 32 -1.27882 0 32 -1.27882 1
gene 1 11 33 -1.64448 0 33 -1.64448 1
gene 1 12 31 -1.8839 0 34 -1.8839 1
gene 1 12 32 -0.100435 0 35 -0.100435 1
gene 1 12 33 4.15761 0 36 4.15761 1
gene 1 13 31 1.00698 0 37 1.00698 1
gene 1 13 32 -5 0 38 -5 1
gene 1 13 33 1.13738 0 39 1.13738 1
gene 1 14 31 1.7813 0 40 1.7813 1
gene 1 14 32 0.0306225 0 41 0.0306225 1
gene 1 14 33 0.735262 0 42 0.735262 1
gene 1 15 31 -5 0 43 -5 1
gene 1 15 32 2.75731 0 44 2.75731 1
gene 1 15 33 0.35497 0 45 0.35497 1
gene 1 16 31 -2.3506 0 46 -2.3506 1
gene 1 16 32 -1.25232 0 47 -1.25232 1
gene 1 16 33 1.22138 0 48 1.22138 1
gene 1 17 31 -1.84677 0 49 -1.84677 1
gene 1 17 32 1.28315 0 50 1.28315 1
gene 1 17 33 -0.71247 0 51 -0.71247 1
gene 1 18 31 -1.33901 0 52 -1.33901 1
gene 1 18 32 4.45853 0 53 4.45853 1
gene 1 18 33 0.754878 0 54 0.754878 1
gene 1 19 31 -0.697167 0 55 -0.697167 1
gene 1 19 32 0.917347 0 56 0.917347 1
gene 1 19 33 -4.85547 0 57 -4.85547 1
gene 1 20 31 -0.0363002 0 58 -0.0363002 1
gene 1 20 32 -0.00234793 0 59 -0.00234793 1
gene 1 20 33 -0.63249 0 60 -0.63249 1
gene 1 21 31 -0.58912 0 61 -0.58912 1
gene 1 21 32 -0.154579 0 62 -0.154579 1
gene 1 21 33 2.85903 0 63 2.85903 1
gene 1 22 31 2.77601 0 64 2.77601 1
gene 1 22 32 -2.79074 0 65 -2.79074 1
gene 1 22 33 0.10809 0 66 0.10809 1
gene 1 23 31 -1.97038 0 67 -1.97038 1
gene 1 23 32 -2.24852 0 68 -2.24852 1
gene 1 23 33 0.941484 0 69 0.941484 1
gene 1 24 31 -0.239154 0 70 -0.239154 1
gene 1 24 32 -1.36826 0 71 -1.36826 1
gene 1 24 33 -2.55572 0 72 -2.55572 1
gene 1 25 31 -2.29603 0 73 -2.29603 1
gene 1 25 32 -0.784275 0 74 -0.784275 1
gene 1 25 33 -0.520248 0 75 -0.520248 1
gene 1 26 31 0.251927 0 76 0.251927 1
gene 1 26 32 -0.219672 0 77 -0.219672 1
gene 1 26 33 -0.608123 0 78 -0.608123 1
gene 1 27 31 -1.17101 0 79 -1.17101 1
gene 1 27 32 -0.691347 0 80 -0.691347 1
gene 1 27 33 -0.395961 0 81 -0.395961 1
gene 1 28 31 0.527115 0 82 0.527115 1
gene 1 28 32 0.00935371 0 83 0.00935371 1
gene 1 28 33 -0.487047 0 84 -0.487047 1
gene 1 29 31 -0.397412 0 85 -0.397412 1
gene 1 29 32 -0.153496 0 86 -0.153496 1
gene 1 29 33 -0.458211 0 87 -0.458211 1
gene 1 30 31 -0.644253 0 88 -0.644253 1
gene 1 30 32 -5 0 89 -5 1
gene 1 30 33 -0.782953 0 90 -0.782953 1
genomeend 3


