/* Organism #1 Fitness: 9828.196000 Time: 0 */
genomestart 1
trait 1 0.550010 0.000000 0.000000 0.538058 0.000000 0.000000 1.000000 0.000000 
node 1 1 1 1
node 2 1 1 1
node 3 1 1 1
node 4 1 1 1
node 5 1 1 1
node 6 1 1 1
node 7 1 1 1
node 8 1 1 1
node 9 1 1 1
node 10 1 1 1
node 11 1 1 1
node 12 1 1 1
node 13 1 1 1
node 14 1 1 1
node 15 1 1 1
node 16 1 1 1
node 17 1 1 1
node 18 1 1 1
node 19 1 1 1
node 20 1 1 1
node 21 1 1 1
node 22 1 1 1
node 23 1 1 1
node 24 1 1 1
node 25 1 1 1
node 26 1 1 3
node 27 1 0 2
node 28 1 0 2
node 29 1 0 2
gene 1 1 27 -0.0688942 0 1 -0.0688942 1
gene 1 1 28 -3.21196 0 2 -3.21196 1
gene 1 1 29 1.65818 0 3 1.65818 1
gene 1 2 27 -0.132462 0 4 -0.132462 1
gene 1 2 28 0.270298 0 5 0.270298 1
gene 1 2 29 -2.6892 0 6 -2.6892 1
gene 1 3 27 0.345955 0 7 0.345955 1
gene 1 3 28 2.32018 0 8 2.32018 1
gene 1 3 29 0.160775 0 9 0.160775 1
gene 1 4 27 0.0513079 0 10 0.0513079 1
gene 1 4 28 2.87457 0 11 2.87457 1
gene 1 4 29 3.2736 0 12 3.2736 1
gene 1 5 27 0.55521 0 13 0.55521 1
gene 1 5 28 0.247902 0 14 0.247902 1
gene 1 5 29 3.8563 0 15 3.8563 1
gene 1 6 27 0.0882612 0 16 0.0882612 1
gene 1 6 28 0.172262 0 17 0.172262 1
gene 1 6 29 0.533871 0 18 0.533871 1
gene 1 7 27 1.38873 0 19 1.38873 1
gene 1 7 28 1.64551 0 20 1.64551 1
gene 1 7 29 0.35826 0 21 0.35826 1
gene 1 8 27 -0.869853 0 22 -0.869853 1
gene 1 8 28 1.20007 0 23 1.20007 1
gene 1 8 29 -0.102823 0 24 -0.102823 1
gene 1 9 27 -0.319438 0 25 -0.319438 1
gene 1 9 28 -0.212451 0 26 -0.212451 1
gene 1 9 29 -4.03319 0 27 -4.03319 1
gene 1 10 27 -0.989762 0 28 -0.989762 1
gene 1 10 28 2.89443 0 29 2.89443 1
gene 1 10 29 -2.01757 0 30 -2.01757 1
gene 1 11 27 -1.55126 0 27 -1.55126 1
gene 1 11 28 -0.235737 0 32 -0.235737 1
gene 1 11 29 2.10646 0 33 2.10646 1
gene 1 12 27 -0.718584 0 34 -0.718584 1
gene 1 12 28 -1.13556 0 35 -1.13556 1
gene 1 12 29 -2.32057 0 36 -2.32057 1
gene 1 13 27 1.11989 0 37 1.11989 1
gene 1 13 28 3.45701 0 38 3.45701 1
gene 1 13 29 0.793507 0 39 0.793507 1
gene 1 14 27 -1.70824 0 40 -1.70824 1
gene 1 14 28 -1.52744 0 41 -1.52744 1
gene 1 14 29 0.283236 0 42 0.283236 1
gene 1 15 27 0.321573 0 43 0.321573 1
gene 1 15 28 -2.06586 0 44 -2.06586 1
gene 1 15 29 1.43968 0 45 1.43968 1
gene 1 16 27 3.38395 0 46 3.38395 1
gene 1 16 28 0.139769 0 47 0.139769 1
gene 1 16 29 0.0722863 0 48 0.0722863 1
gene 1 17 27 -0.41982 0 49 -0.41982 1
gene 1 17 28 4.93891 0 50 4.93891 1
gene 1 17 29 -0.981783 0 51 -0.981783 1
gene 1 18 27 -1.14735 0 52 -1.14735 1
gene 1 18 28 3.00227 0 53 3.00227 1
gene 1 18 29 2.09981 0 54 2.09981 1
gene 1 19 27 1.64038 0 55 1.64038 1
gene 1 19 28 -0.706061 0 56 -0.706061 1
gene 1 19 29 1.50208 0 57 1.50208 1
gene 1 20 27 0.138482 0 58 0.138482 1
gene 1 20 28 -1.62124 0 59 -1.62124 1
gene 1 20 29 0.199373 0 60 0.199373 1
gene 1 21 27 -4.16986 0 61 -4.16986 1
gene 1 21 28 0.0981546 0 62 0.0981546 1
gene 1 21 29 1.27886 0 63 1.27886 1
gene 1 22 27 -0.595912 0 64 -0.595912 1
gene 1 22 28 -0.120707 0 65 -0.120707 1
gene 1 22 29 -1.40389 0 66 -1.40389 1
gene 1 23 27 -0.956017 0 67 -0.956017 1
gene 1 23 28 0.0589989 0 68 0.0589989 1
gene 1 23 29 0.0157408 0 69 0.0157408 1
gene 1 24 27 -0.163971 0 70 -0.163971 1
gene 1 24 28 -0.117674 0 71 -0.117674 1
gene 1 24 29 -0.942327 0 72 -0.942327 1
gene 1 25 27 0.794722 0 73 0.794722 1
gene 1 25 28 0.322429 0 74 0.322429 1
gene 1 25 29 0.204594 0 75 0.204594 1
gene 1 26 27 -2.62129 0 76 -2.62129 1
gene 1 26 28 -5 0 77 -5 1
gene 1 26 29 0.496042 0 78 0.496042 1
genomeend 1


