/* Organism #0 Fitness: 9190.204000 Time: 0 */
genomestart 0
trait 1 0.691335 0.615630 0.125580 0.000000 0.000000 0.000000 0.000000 0.000000 
node 1 1 1 1
node 2 1 1 1
node 3 1 1 1
node 4 1 1 1
node 5 1 1 1
node 6 1 1 1
node 7 1 1 1
node 8 1 1 1
node 9 1 1 1
node 10 1 1 1
node 11 1 1 1
node 12 1 1 1
node 13 1 1 1
node 14 1 1 1
node 15 1 1 1
node 16 1 1 1
node 17 1 1 1
node 18 1 1 1
node 19 1 1 1
node 20 1 1 1
node 21 1 1 1
node 22 1 1 1
node 23 1 1 1
node 24 1 1 1
node 25 1 1 1
node 26 1 1 3
node 27 1 0 2
node 28 1 0 2
node 29 1 0 2
gene 1 1 27 -0.568837 0 1 -0.568837 1
gene 1 1 28 -1.09905 0 2 -1.09905 1
gene 1 1 29 -2.50233 0 3 -2.50233 1
gene 1 2 27 -0.266102 0 4 -0.266102 1
gene 1 2 28 -3.27424 0 5 -3.27424 1
gene 1 2 29 -0.716822 0 6 -0.716822 1
gene 1 3 27 2.42132 0 7 2.42132 1
gene 1 3 28 -2.19932 0 8 -2.19932 1
gene 1 3 29 0.535661 0 9 0.535661 1
gene 1 4 27 0.92587 0 10 0.92587 1
gene 1 4 28 0.313404 0 11 0.313404 1
gene 1 4 29 4.72691 0 12 4.72691 1
gene 1 5 27 -0.145733 0 13 -0.145733 1
gene 1 5 28 -4.01618 0 14 -4.01618 1
gene 1 5 29 -2.49263 0 15 -2.49263 1
gene 1 6 27 0.696483 0 16 0.696483 1
gene 1 6 28 0.516913 0 17 0.516913 1
gene 1 6 29 -2.26853 0 18 -2.26853 1
gene 1 7 27 0.329952 0 19 0.329952 1
gene 1 7 28 -1.69883 0 20 -1.69883 1
gene 1 7 29 -1.28246 0 21 -1.28246 1
gene 1 8 27 -1.69378 0 22 -1.69378 1
gene 1 8 28 -0.157926 0 23 -0.157926 1
gene 1 8 29 -1.94973 0 24 -1.94973 1
gene 1 9 27 0.766509 0 25 0.766509 1
gene 1 9 28 -2.37394 0 26 -2.37394 1
gene 1 9 29 0.690925 0 27 0.690925 1
gene 1 10 27 0.185918 0 28 0.185918 1
gene 1 10 28 -0.242522 0 29 -0.242522 1
gene 1 10 29 3.82814 0 30 3.82814 1
gene 1 11 27 -3.39424 0 27 -3.39424 1
gene 1 11 28 -3.81225 0 32 -3.81225 1
gene 1 11 29 1.30853 0 33 1.30853 1
gene 1 12 27 -5 0 34 -5 1
gene 1 12 28 -2.66696 0 35 -2.66696 1
gene 1 12 29 0.659398 0 36 0.659398 1
gene 1 13 27 -0.0882317 0 37 -0.0882317 1
gene 1 13 28 -0.195913 0 38 -0.195913 1
gene 1 13 29 0.0233337 0 39 0.0233337 1
gene 1 14 27 0.943641 0 40 0.943641 1
gene 1 14 28 1.62519 0 41 1.62519 1
gene 1 14 29 -0.381026 0 42 -0.381026 1
gene 1 15 27 -0.539343 0 43 -0.539343 1
gene 1 15 28 -2.79867 0 44 -2.79867 1
gene 1 15 29 -1.77107 0 45 -1.77107 1
gene 1 16 27 -3.33147 0 46 -3.33147 1
gene 1 16 28 3.05192 0 47 3.05192 1
gene 1 16 29 1.21933 0 48 1.21933 1
gene 1 17 27 3.39123 0 49 3.39123 1
gene 1 17 28 -0.26511 0 50 -0.26511 1
gene 1 17 29 -0.00251792 0 51 -0.00251792 1
gene 1 18 27 1.16299 0 52 1.16299 1
gene 1 18 28 -1.25437 0 53 -1.25437 1
gene 1 18 29 0.167061 0 54 0.167061 1
gene 1 19 27 3.40024 0 55 3.40024 1
gene 1 19 28 0.0244358 0 56 0.0244358 1
gene 1 19 29 -3.85102 0 57 -3.85102 1
gene 1 20 27 1.13465 0 58 1.13465 1
gene 1 20 28 0.873962 0 59 0.873962 1
gene 1 20 29 -0.0771046 0 60 -0.0771046 1
gene 1 21 27 -0.112137 0 61 -0.112137 1
gene 1 21 28 -0.531257 0 62 -0.531257 1
gene 1 21 29 -0.0852542 0 63 -0.0852542 1
gene 1 22 27 0.0312263 0 64 0.0312263 1
gene 1 22 28 -2.04592 0 65 -2.04592 1
gene 1 22 29 -1.27596 0 66 -1.27596 1
gene 1 23 27 -0.123619 0 67 -0.123619 1
gene 1 23 28 -1.02138 0 68 -1.02138 1
gene 1 23 29 0.696838 0 69 0.696838 1
gene 1 24 27 -0.0500012 0 70 -0.0500012 1
gene 1 24 28 -0.150622 0 71 -0.150622 1
gene 1 24 29 -0.619267 0 72 -0.619267 1
gene 1 25 27 -0.631419 0 73 -0.631419 1
gene 1 25 28 0.581077 0 74 0.581077 1
gene 1 25 29 -2.20012 0 75 -2.20012 1
gene 1 26 27 -5 0 76 -5 1
gene 1 26 28 -0.354439 0 77 -0.354439 1
gene 1 26 29 -0.33609 0 78 -0.33609 1
genomeend 0


