/* Organism #8 Fitness: 7726.322000 Time: 0 */
genomestart 8
trait 1 0.909028 0.000000 0.000000 0.000000 0.286763 0.857698 1.000000 0.000000 
node 1 1 1 1
node 2 1 1 1
node 3 1 1 1
node 4 1 1 1
node 5 1 1 1
node 6 1 1 1
node 7 1 1 1
node 8 1 1 1
node 9 1 1 1
node 10 1 1 1
node 11 1 1 1
node 12 1 1 1
node 13 1 1 1
node 14 1 1 1
node 15 1 1 1
node 16 1 1 1
node 17 1 1 1
node 18 1 1 1
node 19 1 1 1
node 20 1 1 1
node 21 1 1 1
node 22 1 1 1
node 23 1 1 1
node 24 1 1 1
node 25 1 1 1
node 26 1 1 3
node 27 1 0 2
node 28 1 0 2
node 29 1 0 2
gene 1 1 27 1.35113 0 1 1.35113 1
gene 1 1 28 -2.77587 0 2 -2.77587 1
gene 1 1 29 0.0524637 0 3 0.0524637 1
gene 1 2 27 0.256217 0 4 0.256217 1
gene 1 2 28 -0.671054 0 5 -0.671054 1
gene 1 2 29 -0.976434 0 6 -0.976434 1
gene 1 3 27 -0.198933 0 7 -0.198933 1
gene 1 3 28 1.7635 0 8 1.7635 1
gene 1 3 29 -1.36091 0 9 -1.36091 1
gene 1 4 27 -3.11427 0 10 -3.11427 1
gene 1 4 28 0.59202 0 11 0.59202 1
gene 1 4 29 2.09988 0 12 2.09988 1
gene 1 5 27 -2.72417 0 13 -2.72417 1
gene 1 5 28 0.958736 0 14 0.958736 1
gene 1 5 29 1.32465 0 15 1.32465 1
gene 1 6 27 -0.73306 0 16 -0.73306 1
gene 1 6 28 1.90968 0 17 1.90968 1
gene 1 6 29 -0.166914 0 18 -0.166914 1
gene 1 7 27 -0.431633 0 19 -0.431633 1
gene 1 7 28 1.17616 0 20 1.17616 1
gene 1 7 29 -0.97596 0 21 -0.97596 1
gene 1 8 27 1.48909 0 22 1.48909 1
gene 1 8 28 0.60949 0 23 0.60949 1
gene 1 8 29 -1.50002 0 24 -1.50002 1
gene 1 9 27 -1.16917 0 25 -1.16917 1
gene 1 9 28 0.816152 0 26 0.816152 1
gene 1 9 29 1.38222 0 27 1.38222 1
gene 1 10 27 0.0848801 0 28 0.0848801 1
gene 1 10 28 -4.04545 0 29 -4.04545 1
gene 1 10 29 -1.04573 0 30 -1.04573 1
gene 1 11 27 -3.8196 0 27 -3.8196 1
gene 1 11 28 -1.15533 0 32 -1.15533 1
gene 1 11 29 -2.50403 0 33 -2.50403 1
gene 1 12 27 0.887245 0 34 0.887245 1
gene 1 12 28 0.747813 0 35 0.747813 1
gene 1 12 29 2.64866 0 36 2.64866 1
gene 1 13 27 0.0643944 0 37 0.0643944 1
gene 1 13 28 -0.876205 0 38 -0.876205 1
gene 1 13 29 0.962221 0 39 0.962221 1
gene 1 14 27 2.89387 0 40 2.89387 1
gene 1 14 28 0.200623 0 41 0.200623 1
gene 1 14 29 -1.63065 0 42 -1.63065 1
gene 1 15 27 0.651993 0 43 0.651993 1
gene 1 15 28 -0.926938 0 44 -0.926938 1
gene 1 15 29 -0.84123 0 45 -0.84123 1
gene 1 16 27 1.67043 0 46 1.67043 1
gene 1 16 28 -1.44857 0 47 -1.44857 1
gene 1 16 29 -2.20169 0 48 -2.20169 1
gene 1 17 27 -2.13418 0 49 -2.13418 1
gene 1 17 28 3.27222 0 50 3.27222 1
gene 1 17 29 2.11043 0 51 2.11043 1
gene 1 18 27 1.54959 0 52 1.54959 1
gene 1 18 28 3.1089 0 53 3.1089 1
gene 1 18 29 -0.864165 0 54 -0.864165 1
gene 1 19 27 1.29105 0 55 1.29105 1
gene 1 19 28 0.891825 0 56 0.891825 1
gene 1 19 29 0.233414 0 57 0.233414 1
gene 1 20 27 1.9673 0 58 1.9673 1
gene 1 20 28 0.214468 0 59 0.214468 1
gene 1 20 29 0.977567 0 60 0.977567 1
gene 1 21 27 -0.618325 0 61 -0.618325 1
gene 1 21 28 -0.157247 0 62 -0.157247 1
gene 1 21 29 -1.88778 0 63 -1.88778 1
gene 1 22 27 -1.90249 0 64 -1.90249 1
gene 1 22 28 -0.0475446 0 65 -0.0475446 1
gene 1 22 29 -0.714465 0 66 -0.714465 1
gene 1 23 27 -0.371888 0 67 -0.371888 1
gene 1 23 28 -0.172548 0 68 -0.172548 1
gene 1 23 29 0.891178 0 69 0.891178 1
gene 1 24 27 -0.371437 0 70 -0.371437 1
gene 1 24 28 0.145656 0 71 0.145656 1
gene 1 24 29 -0.701393 0 72 -0.701393 1
gene 1 25 27 -0.484582 0 73 -0.484582 1
gene 1 25 28 -0.208068 0 74 -0.208068 1
gene 1 25 29 -0.551045 0 75 -0.551045 1
gene 1 26 27 -0.573438 0 76 -0.573438 1
gene 1 26 28 -4.41771 0 77 -4.41771 1
gene 1 26 29 -0.423805 0 78 -0.423805 1
genomeend 8


