/* Organism #1 Fitness: 14929.450000 Time: 0 */
genomestart 1
trait 1 0.100000 0.000000 0.000000 0.522271 0.000000 0.310049 1.000000 0.000000 
node 1 1 1 1
node 2 1 1 1
node 3 1 1 1
node 4 1 1 1
node 5 1 1 1
node 6 1 1 1
node 7 1 1 1
node 8 1 1 1
node 9 1 1 1
node 10 1 1 1
node 11 1 1 1
node 12 1 1 1
node 13 1 1 1
node 14 1 1 1
node 15 1 1 1
node 16 1 1 1
node 17 1 1 1
node 18 1 1 1
node 19 1 1 1
node 20 1 1 1
node 21 1 1 1
node 22 1 1 1
node 23 1 1 1
node 24 1 1 1
node 25 1 1 1
node 26 1 1 1
node 27 1 1 1
node 28 1 1 1
node 29 1 1 1
node 30 1 1 3
node 31 1 0 2
node 32 1 0 2
node 33 1 0 2
gene 1 1 31 1.98074 0 1 1.98074 1
gene 1 1 32 -5 0 2 -5 1
gene 1 1 33 0.658194 0 3 0.658194 1
gene 1 2 31 -1.11309 0 4 -1.11309 1
gene 1 2 32 5 0 5 5 1
gene 1 2 33 0.418955 0 6 0.418955 1
gene 1 3 31 -0.434147 0 7 -0.434147 1
gene 1 3 32 3.02123 0 8 3.02123 1
gene 1 3 33 3.01282 0 9 3.01282 1
gene 1 4 31 -3.01602 0 10 -3.01602 1
gene 1 4 32 1.38676 0 11 1.38676 1
gene 1 4 33 -4.43912 0 12 -4.43912 1
gene 1 5 31 0.95475 0 13 0.95475 1
gene 1 5 32 1.92263 0 14 1.92263 1
gene 1 5 33 0.32762 0 15 0.32762 1
gene 1 6 31 -1.35824 0 16 -1.35824 1
gene 1 6 32 4.44557 0 17 4.44557 1
gene 1 6 33 0.860268 0 18 0.860268 1
gene 1 7 31 -3.05506 0 19 -3.05506 1
gene 1 7 32 -0.894614 0 20 -0.894614 1
gene 1 7 33 0.1242 0 21 0.1242 1
gene 1 8 31 3.64083 0 22 3.64083 1
gene 1 8 32 -1.16299 0 23 -1.16299 1
gene 1 8 33 1.37964 0 24 1.37964 1
gene 1 9 31 0.591985 0 25 0.591985 1
gene 1 9 32 -0.67402 0 26 -0.67402 1
gene 1 9 33 -0.272821 0 27 -0.272821 1
gene 1 10 31 -0.361837 0 28 -0.361837 1
gene 1 10 32 -4.15244 0 29 -4.15244 1
gene 1 10 33 -0.880187 0 30 -0.880187 1
gene 1 11 31 1.1414 0 31 1.1414 1
gene 1 11 32 -0.323386 0 32 -0.323386 1
gene 1 11 33 2.69779 0 33 2.69779 1
gene 1 12 31 1.45685 0 34 1.45685 1
gene 1 12 32 -3.20992 0 35 -3.20992 1
gene 1 12 33 0.705704 0 36 0.705704 1
gene 1 13 31 -1.32576 0 37 -1.32576 1
gene 1 13 32 -0.136688 0 38 -0.136688 1
gene 1 13 33 1.31913 0 39 1.31913 1
gene 1 14 31 -1.46253 0 40 -1.46253 1
gene 1 14 32 -0.571227 0 41 -0.571227 1
gene 1 14 33 0.786874 0 42 0.786874 1
gene 1 15 31 -0.0128129 0 43 -0.0128129 1
gene 1 15 32 -1.20373 0 44 -1.20373 1
gene 1 15 33 0.760244 0 45 0.760244 1
gene 1 16 31 -1.97214 0 46 -1.97214 1
gene 1 16 32 -1.28068 0 47 -1.28068 1
gene 1 16 33 -2.85826 0 48 -2.85826 1
gene 1 17 31 -0.716781 0 49 -0.716781 1
gene 1 17 32 1.62242 0 50 1.62242 1
gene 1 17 33 0.982786 0 51 0.982786 1
gene 1 18 31 -2.33489 0 52 -2.33489 1
gene 1 18 32 3.79764 0 53 3.79764 1
gene 1 18 33 -4.03837 0 54 -4.03837 1
gene 1 19 31 0.0297748 0 55 0.0297748 1
gene 1 19 32 0.797648 0 56 0.797648 1
gene 1 19 33 -1.61056 0 57 -1.61056 1
gene 1 20 31 -2.45718 0 58 -2.45718 1
gene 1 20 32 -1.63062 0 59 -1.63062 1
gene 1 20 33 4.08361 0 60 4.08361 1
gene 1 21 31 -3.41308 0 61 -3.41308 1
gene 1 21 32 0.810661 0 62 0.810661 1
gene 1 21 33 1.46509 0 63 1.46509 1
gene 1 22 31 1.62451 0 64 1.62451 1
gene 1 22 32 -1.57765 0 65 -1.57765 1
gene 1 22 33 -2.72339 0 66 -2.72339 1
gene 1 23 31 4.96787 0 67 4.96787 1
gene 1 23 32 -2.05892 0 68 -2.05892 1
gene 1 23 33 0.108955 0 69 0.108955 1
gene 1 24 31 4.31701 0 70 4.31701 1
gene 1 24 32 -1.63091 0 71 -1.63091 1
gene 1 24 33 2.30532 0 72 2.30532 1
gene 1 25 31 0.19948 0 73 0.19948 1
gene 1 25 32 0.873423 0 74 0.873423 1
gene 1 25 33 1.59224 0 75 1.59224 1
gene 1 26 31 0.460259 0 76 0.460259 1
gene 1 26 32 0.207721 0 77 0.207721 1
gene 1 26 33 0.00395367 0 78 0.00395367 1
gene 1 27 31 1.44228 0 79 1.44228 1
gene 1 27 32 -0.424181 0 80 -0.424181 1
gene 1 27 33 -0.383906 0 81 -0.383906 1
gene 1 28 31 -0.562289 0 82 -0.562289 1
gene 1 28 32 0.639474 0 83 0.639474 1
gene 1 28 33 0.352323 0 84 0.352323 1
gene 1 29 31 -1.01339 0 85 -1.01339 1
gene 1 29 32 0.485192 0 86 0.485192 1
gene 1 29 33 0.185404 0 87 0.185404 1
gene 1 30 31 -0.628963 0 88 -0.628963 1
gene 1 30 32 -4.58169 0 89 -4.58169 1
gene 1 30 33 0.195474 0 90 0.195474 1
genomeend 1


