/* Organism #1 Fitness: 14978.896000 Time: 0 */
genomestart 1
trait 1 0.000000 0.836582 0.379208 0.896326 0.358099 0.000000 0.256838 0.202635 
node 1 1 1 1
node 2 1 1 1
node 3 1 1 1
node 4 1 1 1
node 5 1 1 1
node 6 1 1 1
node 7 1 1 1
node 8 1 1 1
node 9 1 1 1
node 10 1 1 1
node 11 1 1 1
node 12 1 1 1
node 13 1 1 1
node 14 1 1 1
node 15 1 1 1
node 16 1 1 1
node 17 1 1 1
node 18 1 1 1
node 19 1 1 1
node 20 1 1 1
node 21 1 1 1
node 22 1 1 1
node 23 1 1 1
node 24 1 1 1
node 25 1 1 1
node 26 1 1 1
node 27 1 1 1
node 28 1 1 1
node 29 1 1 1
node 30 1 1 3
node 31 1 0 2
node 32 1 0 2
node 33 1 0 2
gene 1 1 31 -5 0 1 -5 1
gene 1 1 32 -0.742914 0 2 -0.742914 1
gene 1 1 33 3.72276 0 3 3.72276 1
gene 1 2 31 0.481237 0 4 0.481237 1
gene 1 2 32 5 0 5 5 1
gene 1 2 33 0.826994 0 6 0.826994 1
gene 1 3 31 0.781355 0 7 0.781355 1
gene 1 3 32 0.955436 0 8 0.955436 1
gene 1 3 33 -0.601715 0 9 -0.601715 1
gene 1 4 31 -0.515517 0 10 -0.515517 1
gene 1 4 32 4.21346 0 11 4.21346 1
gene 1 4 33 -3.97633 0 12 -3.97633 1
gene 1 5 31 2.23884 0 13 2.23884 1
gene 1 5 32 4.60165 0 14 4.60165 1
gene 1 5 33 -0.058116 0 15 -0.058116 1
gene 1 6 31 0.322116 0 16 0.322116 1
gene 1 6 32 -3.09504 0 17 -3.09504 1
gene 1 6 33 3.60315 0 18 3.60315 1
gene 1 7 31 2.50588 0 19 2.50588 1
gene 1 7 32 -3.21747 0 20 -3.21747 1
gene 1 7 33 -4.61077 0 21 -4.61077 1
gene 1 8 31 0.159415 0 22 0.159415 1
gene 1 8 32 -1.90497 0 23 -1.90497 1
gene 1 8 33 -0.868795 0 24 -0.868795 1
gene 1 9 31 -2.15404 0 25 -2.15404 1
gene 1 9 32 4.95551 0 26 4.95551 1
gene 1 9 33 -0.607901 0 27 -0.607901 1
gene 1 10 31 4.80654 0 28 4.80654 1
gene 1 10 32 3.3479 0 29 3.3479 1
gene 1 10 33 -4.52884 0 30 -4.52884 1
gene 1 11 31 -0.561106 0 31 -0.561106 1
gene 1 11 32 -1.55043 0 32 -1.55043 1
gene 1 11 33 3.74424 0 33 3.74424 1
gene 1 12 31 -3.99477 0 34 -3.99477 1
gene 1 12 32 4.46351 0 35 4.46351 1
gene 1 12 33 1.41326 0 36 1.41326 1
gene 1 13 31 -1.06965 0 37 -1.06965 1
gene 1 13 32 -1.77982 0 38 -1.77982 1
gene 1 13 33 -1.69517 0 39 -1.69517 1
gene 1 14 31 -5 0 40 -5 1
gene 1 14 32 4.3011 0 41 4.3011 1
gene 1 14 33 -3.09852 0 42 -3.09852 1
gene 1 15 31 -3.48701 0 43 -3.48701 1
gene 1 15 32 0.108134 0 44 0.108134 1
gene 1 15 33 -2.2897 0 45 -2.2897 1
gene 1 16 31 -1.12247 0 46 -1.12247 1
gene 1 16 32 3.20488 0 47 3.20488 1
gene 1 16 33 -2.94346 0 48 -2.94346 1
gene 1 17 31 1.09545 0 49 1.09545 1
gene 1 17 32 0.170543 0 50 0.170543 1
gene 1 17 33 -1.9138 0 51 -1.9138 1
gene 1 18 31 -0.306738 0 52 -0.306738 1
gene 1 18 32 -1.52154 0 53 -1.52154 1
gene 1 18 33 3.00414 0 54 3.00414 1
gene 1 19 31 5 0 55 5 1
gene 1 19 32 0.114037 0 56 0.114037 1
gene 1 19 33 -3.37073 0 57 -3.37073 1
gene 1 20 31 0.344497 0 58 0.344497 1
gene 1 20 32 1.35727 0 59 1.35727 1
gene 1 20 33 -1.01716 0 60 -1.01716 1
gene 1 21 31 2.04098 0 61 2.04098 1
gene 1 21 32 -1.58067 0 62 -1.58067 1
gene 1 21 33 -3.80619 0 63 -3.80619 1
gene 1 22 31 2.64363 0 64 2.64363 1
gene 1 22 32 -0.990889 0 65 -0.990889 1
gene 1 22 33 4.5986 0 66 4.5986 1
gene 1 23 31 -1.20743 0 67 -1.20743 1
gene 1 23 32 -2.75108 0 68 -2.75108 1
gene 1 23 33 2.87092 0 69 2.87092 1
gene 1 24 31 0.525949 0 70 0.525949 1
gene 1 24 32 3.11781 0 71 3.11781 1
gene 1 24 33 -3.85993 0 72 -3.85993 1
gene 1 25 31 2.93205 0 73 2.93205 1
gene 1 25 32 0.410114 0 74 0.410114 1
gene 1 25 33 0.533328 0 75 0.533328 1
gene 1 26 31 0.25029 0 76 0.25029 1
gene 1 26 32 0.725079 0 77 0.725079 1
gene 1 26 33 -1.34928 0 78 -1.34928 1
gene 1 27 31 1.84024 0 79 1.84024 1
gene 1 27 32 1.01903 0 80 1.01903 1
gene 1 27 33 -0.342008 0 81 -0.342008 1
gene 1 28 31 2.06236 0 82 2.06236 1
gene 1 28 32 0.0375364 0 83 0.0375364 1
gene 1 28 33 -0.422497 0 84 -0.422497 1
gene 1 29 31 0.592954 0 85 0.592954 1
gene 1 29 32 -1.35903 0 86 -1.35903 1
gene 1 29 33 0.134744 0 87 0.134744 1
gene 1 30 31 -5 0 88 -5 1
gene 1 30 32 -3.58157 0 89 -3.58157 1
gene 1 30 33 -2.21826 0 90 -2.21826 1
genomeend 1


