/* Organism #14 Fitness: 14065.164000 Time: 0 */
genomestart 14
trait 1 0.100000 0.320371 0.000000 0.704187 0.180319 0.000000 0.000000 0.000000 
node 1 1 1 1
node 2 1 1 1
node 3 1 1 1
node 4 1 1 1
node 5 1 1 1
node 6 1 1 1
node 7 1 1 1
node 8 1 1 1
node 9 1 1 1
node 10 1 1 1
node 11 1 1 1
node 12 1 1 1
node 13 1 1 1
node 14 1 1 1
node 15 1 1 1
node 16 1 1 1
node 17 1 1 1
node 18 1 1 1
node 19 1 1 1
node 20 1 1 1
node 21 1 1 1
node 22 1 1 1
node 23 1 1 1
node 24 1 1 1
node 25 1 1 1
node 26 1 1 1
node 27 1 1 1
node 28 1 1 1
node 29 1 1 1
node 30 1 1 3
node 31 1 0 2
node 32 1 0 2
node 33 1 0 2
gene 1 1 31 -3.89078 0 1 -3.89078 1
gene 1 1 32 1.82278 0 2 1.82278 1
gene 1 1 33 -1.58741 0 3 -1.58741 1
gene 1 2 31 -1.27189 0 4 -1.27189 1
gene 1 2 32 0.845852 0 5 0.845852 1
gene 1 2 33 -0.601017 0 6 -0.601017 1
gene 1 3 31 2.41187 0 7 2.41187 1
gene 1 3 32 0.55517 0 8 0.55517 1
gene 1 3 33 1.97531 0 9 1.97531 1
gene 1 4 31 2.50837 0 10 2.50837 1
gene 1 4 32 3.49025 0 11 3.49025 1
gene 1 4 33 -1.87333 0 12 -1.87333 1
gene 1 5 31 1.98721 0 13 1.98721 1
gene 1 5 32 -4.13768 0 14 -4.13768 1
gene 1 5 33 -4.70107 0 15 -4.70107 1
gene 1 6 31 1.09859 0 16 1.09859 1
gene 1 6 32 -0.223885 0 17 -0.223885 1
gene 1 6 33 0.470166 0 18 0.470166 1
gene 1 7 31 2.85554 0 19 2.85554 1
gene 1 7 32 1.03895 0 20 1.03895 1
gene 1 7 33 0.086726 0 21 0.086726 1
gene 1 8 31 1.50776 0 22 1.50776 1
gene 1 8 32 0.559522 0 23 0.559522 1
gene 1 8 33 -1.21456 0 24 -1.21456 1
gene 1 9 31 -0.534486 0 25 -0.534486 1
gene 1 9 32 -0.701773 0 26 -0.701773 1
gene 1 9 33 -1.93754 0 27 -1.93754 1
gene 1 10 31 -2.9568 0 28 -2.9568 1
gene 1 10 32 -0.48818 0 29 -0.48818 1
gene 1 10 33 1.65902 0 30 1.65902 1
gene 1 11 31 0.167874 0 31 0.167874 1
gene 1 11 32 2.8429 0 32 2.8429 1
gene 1 11 33 0.61211 0 33 0.61211 1
gene 1 12 31 -1.67862 0 34 -1.67862 1
gene 1 12 32 1.86985 0 35 1.86985 1
gene 1 12 33 0.651003 0 36 0.651003 1
gene 1 13 31 0.0280531 0 37 0.0280531 1
gene 1 13 32 -0.0044237 0 38 -0.0044237 1
gene 1 13 33 0.378937 0 39 0.378937 1
gene 1 14 31 0.68013 0 40 0.68013 1
gene 1 14 32 0.890478 0 41 0.890478 1
gene 1 14 33 -2.09136 0 42 -2.09136 1
gene 1 15 31 -0.79128 0 43 -0.79128 1
gene 1 15 32 0.934916 0 44 0.934916 1
gene 1 15 33 -0.166666 0 45 -0.166666 1
gene 1 16 31 -0.480522 0 46 -0.480522 1
gene 1 16 32 -4.40529 0 47 -4.40529 1
gene 1 16 33 -1.57395 0 48 -1.57395 1
gene 1 17 31 1.57859 0 49 1.57859 1
gene 1 17 32 -0.760326 0 50 -0.760326 1
gene 1 17 33 -0.0507131 0 51 -0.0507131 1
gene 1 18 31 2.9563 0 52 2.9563 1
gene 1 18 32 0.448183 0 53 0.448183 1
gene 1 18 33 -3.67973 0 54 -3.67973 1
gene 1 19 31 2.69519 0 55 2.69519 1
gene 1 19 32 -0.698053 0 56 -0.698053 1
gene 1 19 33 -0.976269 0 57 -0.976269 1
gene 1 20 31 -0.725124 0 58 -0.725124 1
gene 1 20 32 -0.478286 0 59 -0.478286 1
gene 1 20 33 1.39301 0 60 1.39301 1
gene 1 21 31 -1.46119 0 61 -1.46119 1
gene 1 21 32 -0.79873 0 62 -0.79873 1
gene 1 21 33 1.03372 0 63 1.03372 1
gene 1 22 31 -0.722533 0 64 -0.722533 1
gene 1 22 32 -2.5286 0 65 -2.5286 1
gene 1 22 33 1.44791 0 66 1.44791 1
gene 1 23 31 -2.06314 0 67 -2.06314 1
gene 1 23 32 0.217044 0 68 0.217044 1
gene 1 23 33 1.56748 0 69 1.56748 1
gene 1 24 31 -0.695936 0 70 -0.695936 1
gene 1 24 32 -1.81763 0 71 -1.81763 1
gene 1 24 33 -0.213897 0 72 -0.213897 1
gene 1 25 31 -0.247653 0 73 -0.247653 1
gene 1 25 32 0.275706 0 74 0.275706 1
gene 1 25 33 0.649483 0 75 0.649483 1
gene 1 26 31 -0.535121 0 76 -0.535121 1
gene 1 26 32 0.772641 0 77 0.772641 1
gene 1 26 33 -1.35253 0 78 -1.35253 1
gene 1 27 31 -0.381232 0 79 -0.381232 1
gene 1 27 32 -1.86053 0 80 -1.86053 1
gene 1 27 33 -0.0106419 0 81 -0.0106419 1
gene 1 28 31 -0.0431125 0 82 -0.0431125 1
gene 1 28 32 -1.95575 0 83 -1.95575 1
gene 1 28 33 -0.772081 0 84 -0.772081 1
gene 1 29 31 0.554271 0 85 0.554271 1
gene 1 29 32 0.0312629 0 86 0.0312629 1
gene 1 29 33 -0.15596 0 87 -0.15596 1
gene 1 30 31 -5 0 88 -5 1
gene 1 30 32 -1.56288 0 89 -1.56288 1
gene 1 30 33 -5 0 90 -5 1
genomeend 14


