/* Organism #4 Fitness: 34776.506000 Time: 0 */
genomestart 4
trait 1 0.000000 0.874311 1.000000 0.554396 0.202027 0.000000 0.553795 0.000000 
node 1 1 1 1
node 2 1 1 1
node 3 1 1 1
node 4 1 1 1
node 5 1 1 1
node 6 1 1 1
node 7 1 1 1
node 8 1 1 1
node 9 1 1 1
node 10 1 1 1
node 11 1 1 1
node 12 1 1 1
node 13 1 1 1
node 14 1 1 1
node 15 1 1 1
node 16 1 1 1
node 17 1 1 1
node 18 1 1 1
node 19 1 1 1
node 20 1 1 1
node 21 1 1 1
node 22 1 1 1
node 23 1 1 1
node 24 1 1 1
node 25 1 1 1
node 26 1 1 3
node 27 1 0 2
node 28 1 0 2
node 29 1 0 2
gene 1 1 27 1.06646 0 1 1.06646 1
gene 1 1 28 -4.68385 0 2 -4.68385 1
gene 1 1 29 4.88308 0 3 4.88308 1
gene 1 2 27 4.13657 0 4 4.13657 1
gene 1 2 28 2.57604 0 5 2.57604 1
gene 1 2 29 0.88599 0 6 0.88599 1
gene 1 3 27 3.45251 0 7 3.45251 1
gene 1 3 28 4.21931 0 8 4.21931 1
gene 1 3 29 1.66666 0 9 1.66666 1
gene 1 4 27 1.54216 0 10 1.54216 1
gene 1 4 28 -1.07678 0 11 -1.07678 1
gene 1 4 29 0.0287463 0 12 0.0287463 1
gene 1 5 27 4.135 0 13 4.135 1
gene 1 5 28 2.50776 0 14 2.50776 1
gene 1 5 29 -1.53764 0 15 -1.53764 1
gene 1 6 27 -2.37411 0 16 -2.37411 1
gene 1 6 28 0.726331 0 17 0.726331 1
gene 1 6 29 5 0 18 5 1
gene 1 7 27 -2.79102 0 19 -2.79102 1
gene 1 7 28 -1.60013 0 20 -1.60013 1
gene 1 7 29 -4.37478 0 21 -4.37478 1
gene 1 8 27 -2.93533 0 22 -2.93533 1
gene 1 8 28 2.94521 0 23 2.94521 1
gene 1 8 29 -3.53833 0 24 -3.53833 1
gene 1 9 27 3.07291 0 25 3.07291 1
gene 1 9 28 0.0246998 0 26 0.0246998 1
gene 1 9 29 5 0 27 5 1
gene 1 10 27 -1.64468 0 28 -1.64468 1
gene 1 10 28 -4.56757 0 29 -4.56757 1
gene 1 10 29 3.63413 0 30 3.63413 1
gene 1 11 27 3.25011 0 31 3.25011 1
gene 1 11 28 4.94354 0 32 4.94354 1
gene 1 11 29 1.16911 0 33 1.16911 1
gene 1 12 27 -0.609936 0 34 -0.609936 1
gene 1 12 28 2.69056 0 35 2.69056 1
gene 1 12 29 -0.54988 0 36 -0.54988 1
gene 1 13 27 -2.02736 0 37 -2.02736 1
gene 1 13 28 2.89011 0 38 2.89011 1
gene 1 13 29 -1.60472 0 39 -1.60472 1
gene 1 14 27 4.18198 0 40 4.18198 1
gene 1 14 28 4.72849 0 41 4.72849 1
gene 1 14 29 3.62423 0 42 3.62423 1
gene 1 15 27 3.005 0 43 3.005 1
gene 1 15 28 0.466778 0 44 0.466778 1
gene 1 15 29 3.61278 0 45 3.61278 1
gene 1 16 27 0.527696 0 46 0.527696 1
gene 1 16 28 4.18797 0 47 4.18797 1
gene 1 16 29 -4.76181 0 48 -4.76181 1
gene 1 17 27 2.11593 0 49 2.11593 1
gene 1 17 28 4.24976 0 50 4.24976 1
gene 1 17 29 3.21065 0 51 3.21065 1
gene 1 18 27 0.520847 0 52 0.520847 1
gene 1 18 28 4.42164 0 53 4.42164 1
gene 1 18 29 5 0 54 5 1
gene 1 19 27 3.67455 0 55 3.67455 1
gene 1 19 28 5 0 56 5 1
gene 1 19 29 -3.04848 0 57 -3.04848 1
gene 1 20 27 2.52895 0 58 2.52895 1
gene 1 20 28 0.338911 0 59 0.338911 1
gene 1 20 29 -2.0071 0 60 -2.0071 1
gene 1 21 27 3.18836 0 61 3.18836 1
gene 1 21 28 -1.04071 0 62 -1.04071 1
gene 1 21 29 3.50927 0 63 3.50927 1
gene 1 22 27 -1.48572 0 64 -1.48572 1
gene 1 22 28 1.10451 0 65 1.10451 1
gene 1 22 29 0.842772 0 66 0.842772 1
gene 1 23 27 -0.0337471 0 67 -0.0337471 1
gene 1 23 28 0.82326 0 68 0.82326 1
gene 1 23 29 0.330534 0 69 0.330534 1
gene 1 24 27 0.361187 0 70 0.361187 1
gene 1 24 28 0.906621 0 71 0.906621 1
gene 1 24 29 -0.744331 0 72 -0.744331 1
gene 1 25 27 -0.139854 0 73 -0.139854 1
gene 1 25 28 -1.30516 0 74 -1.30516 1
gene 1 25 29 0.195745 0 75 0.195745 1
gene 1 26 27 -0.0895234 0 76 -0.0895234 1
gene 1 26 28 -0.505495 0 77 -0.505495 1
gene 1 26 29 -1.66894 0 78 -1.66894 1
genomeend 4


