/* Organism #2 Fitness: 35819.928000 Time: 0 */
genomestart 2
trait 1 0.435689 1.000000 1.000000 0.452963 0.581836 0.073772 0.000000 0.677476 
node 1 1 1 1
node 2 1 1 1
node 3 1 1 1
node 4 1 1 1
node 5 1 1 1
node 6 1 1 1
node 7 1 1 1
node 8 1 1 1
node 9 1 1 1
node 10 1 1 1
node 11 1 1 1
node 12 1 1 1
node 13 1 1 1
node 14 1 1 1
node 15 1 1 1
node 16 1 1 1
node 17 1 1 1
node 18 1 1 1
node 19 1 1 1
node 20 1 1 1
node 21 1 1 1
node 22 1 1 1
node 23 1 1 1
node 24 1 1 1
node 25 1 1 1
node 26 1 1 3
node 27 1 0 2
node 28 1 0 2
node 29 1 0 2
gene 1 1 27 0.839545 0 1 0.839545 1
gene 1 1 28 2.67548 0 2 2.67548 1
gene 1 1 29 -4.9402 0 3 -4.9402 1
gene 1 2 27 -0.0808216 0 4 -0.0808216 1
gene 1 2 28 -0.321212 0 5 -0.321212 1
gene 1 2 29 -1.02542 0 6 -1.02542 1
gene 1 3 27 0.211246 0 7 0.211246 1
gene 1 3 28 -0.838514 0 8 -0.838514 1
gene 1 3 29 -4.09791 0 9 -4.09791 1
gene 1 4 27 -1.14664 0 10 -1.14664 1
gene 1 4 28 0.369134 0 11 0.369134 1
gene 1 4 29 -1.9504 0 12 -1.9504 1
gene 1 5 27 4.53274 0 13 4.53274 1
gene 1 5 28 -4.68623 0 14 -4.68623 1
gene 1 5 29 -0.751579 0 15 -0.751579 1
gene 1 6 27 -0.704098 0 16 -0.704098 1
gene 1 6 28 4.21498 0 17 4.21498 1
gene 1 6 29 -3.23966 0 18 -3.23966 1
gene 1 7 27 2.60811 0 19 2.60811 1
gene 1 7 28 -4.3583 0 20 -4.3583 1
gene 1 7 29 0.820113 0 21 0.820113 1
gene 1 8 27 3.88328 0 22 3.88328 1
gene 1 8 28 -0.246082 0 23 -0.246082 1
gene 1 8 29 1.8342 0 24 1.8342 1
gene 1 9 27 -2.03234 0 25 -2.03234 1
gene 1 9 28 -3.17032 0 26 -3.17032 1
gene 1 9 29 -0.371264 0 27 -0.371264 1
gene 1 10 27 2.44653 0 28 2.44653 1
gene 1 10 28 -0.21097 0 29 -0.21097 1
gene 1 10 29 0.721327 0 30 0.721327 1
gene 1 11 27 1.68031 0 31 1.68031 1
gene 1 11 28 3.04434 0 32 3.04434 1
gene 1 11 29 0.350651 0 33 0.350651 1
gene 1 12 27 1.74536 0 34 1.74536 1
gene 1 12 28 3.17772 0 35 3.17772 1
gene 1 12 29 3.35503 0 36 3.35503 1
gene 1 13 27 -4.12895 0 37 -4.12895 1
gene 1 13 28 -3.77889 0 38 -3.77889 1
gene 1 13 29 1.93812 0 39 1.93812 1
gene 1 14 27 -1.93799 0 40 -1.93799 1
gene 1 14 28 -0.565331 0 41 -0.565331 1
gene 1 14 29 2.27773 0 42 2.27773 1
gene 1 15 27 -1.32147 0 43 -1.32147 1
gene 1 15 28 -3.82529 0 44 -3.82529 1
gene 1 15 29 2.45799 0 45 2.45799 1
gene 1 16 27 -1.58064 0 46 -1.58064 1
gene 1 16 28 1.09689 0 47 1.09689 1
gene 1 16 29 0.201962 0 48 0.201962 1
gene 1 17 27 -0.775083 0 49 -0.775083 1
gene 1 17 28 -0.107647 0 50 -0.107647 1
gene 1 17 29 -2.42357 0 51 -2.42357 1
gene 1 18 27 2.03162 0 52 2.03162 1
gene 1 18 28 -3.32346 0 53 -3.32346 1
gene 1 18 29 0.76986 0 54 0.76986 1
gene 1 19 27 1.56135 0 55 1.56135 1
gene 1 19 28 -0.970945 0 56 -0.970945 1
gene 1 19 29 -4.37688 0 57 -4.37688 1
gene 1 20 27 1.91997 0 58 1.91997 1
gene 1 20 28 0.0284764 0 59 0.0284764 1
gene 1 20 29 0.0158297 0 60 0.0158297 1
gene 1 21 27 3.20909 0 61 3.20909 1
gene 1 21 28 -3.14798 0 62 -3.14798 1
gene 1 21 29 -0.335646 0 63 -0.335646 1
gene 1 22 27 -1.11912 0 64 -1.11912 1
gene 1 22 28 2.32638 0 65 2.32638 1
gene 1 22 29 0.197222 0 66 0.197222 1
gene 1 23 27 1.39266 0 67 1.39266 1
gene 1 23 28 0.254663 0 68 0.254663 1
gene 1 23 29 -0.442773 0 69 -0.442773 1
gene 1 24 27 0.289783 0 70 0.289783 1
gene 1 24 28 -0.923177 0 71 -0.923177 1
gene 1 24 29 0.0564704 0 72 0.0564704 1
gene 1 25 27 -0.0383841 0 73 -0.0383841 1
gene 1 25 28 0.344822 0 74 0.344822 1
gene 1 25 29 -0.242409 0 75 -0.242409 1
gene 1 26 27 -4.92836 0 76 -4.92836 1
gene 1 26 28 -2.35499 0 77 -2.35499 1
gene 1 26 29 -0.14012 0 78 -0.14012 1
genomeend 2


