/* Organism #93 Fitness: 33834.888000 Time: 0 */
genomestart 93
trait 1 1.000000 1.000000 0.000000 0.000000 0.123715 0.527216 0.000000 0.000000 
node 1 1 1 1
node 2 1 1 1
node 3 1 1 1
node 4 1 1 1
node 5 1 1 1
node 6 1 1 1
node 7 1 1 1
node 8 1 1 1
node 9 1 1 1
node 10 1 1 1
node 11 1 1 1
node 12 1 1 1
node 13 1 1 1
node 14 1 1 1
node 15 1 1 1
node 16 1 1 1
node 17 1 1 1
node 18 1 1 1
node 19 1 1 1
node 20 1 1 1
node 21 1 1 1
node 22 1 1 1
node 23 1 1 1
node 24 1 1 1
node 25 1 1 1
node 26 1 1 3
node 27 1 0 2
node 28 1 0 2
node 29 1 0 2
gene 1 1 27 3.53373 0 1 3.53373 1
gene 1 1 28 1.28705 0 2 1.28705 1
gene 1 1 29 -2.23777 0 3 -2.23777 1
gene 1 2 27 -1.8586 0 4 -1.8586 1
gene 1 2 28 -1.38131 0 5 -1.38131 1
gene 1 2 29 3.40941 0 6 3.40941 1
gene 1 3 27 0.315968 0 7 0.315968 1
gene 1 3 28 -0.338212 0 8 -0.338212 1
gene 1 3 29 -3.38982 0 9 -3.38982 1
gene 1 4 27 -5 0 10 -5 1
gene 1 4 28 -1.66329 0 11 -1.66329 1
gene 1 4 29 -0.928347 0 12 -0.928347 1
gene 1 5 27 1.97454 0 13 1.97454 1
gene 1 5 28 -0.750867 0 14 -0.750867 1
gene 1 5 29 -1.87986 0 15 -1.87986 1
gene 1 6 27 0.615446 0 16 0.615446 1
gene 1 6 28 -1.40056 0 17 -1.40056 1
gene 1 6 29 -1.81737 0 18 -1.81737 1
gene 1 7 27 2.03543 0 19 2.03543 1
gene 1 7 28 2.69732 0 20 2.69732 1
gene 1 7 29 -2.80163 0 21 -2.80163 1
gene 1 8 27 -0.503623 0 22 -0.503623 1
gene 1 8 28 -1.43313 0 23 -1.43313 1
gene 1 8 29 -0.0735668 0 24 -0.0735668 1
gene 1 9 27 0.507901 0 25 0.507901 1
gene 1 9 28 1.77491 0 26 1.77491 1
gene 1 9 29 2.10322 0 27 2.10322 1
gene 1 10 27 0.00976744 0 28 0.00976744 1
gene 1 10 28 0.0621779 0 29 0.0621779 1
gene 1 10 29 -0.813269 0 30 -0.813269 1
gene 1 11 27 -4.4419 0 31 -4.4419 1
gene 1 11 28 0.820311 0 32 0.820311 1
gene 1 11 29 -3.80503 0 33 -3.80503 1
gene 1 12 27 5 0 34 5 1
gene 1 12 28 -0.88147 0 35 -0.88147 1
gene 1 12 29 0.272194 0 36 0.272194 1
gene 1 13 27 3.53559 0 37 3.53559 1
gene 1 13 28 -0.129284 0 38 -0.129284 1
gene 1 13 29 3.40683 0 39 3.40683 1
gene 1 14 27 2.45114 0 40 2.45114 1
gene 1 14 28 3.03522 0 41 3.03522 1
gene 1 14 29 -1.22098 0 42 -1.22098 1
gene 1 15 27 0.0392109 0 43 0.0392109 1
gene 1 15 28 1.1212 0 44 1.1212 1
gene 1 15 29 -0.58642 0 45 -0.58642 1
gene 1 16 27 -0.00532093 0 46 -0.00532093 1
gene 1 16 28 2.92763 0 47 2.92763 1
gene 1 16 29 0.509482 0 48 0.509482 1
gene 1 17 27 1.46205 0 49 1.46205 1
gene 1 17 28 -3.75734 0 50 -3.75734 1
gene 1 17 29 -0.982497 0 51 -0.982497 1
gene 1 18 27 -0.200512 0 52 -0.200512 1
gene 1 18 28 -3.78456 0 53 -3.78456 1
gene 1 18 29 -2.35401 0 54 -2.35401 1
gene 1 19 27 -1.6724 0 55 -1.6724 1
gene 1 19 28 -4.64612 0 56 -4.64612 1
gene 1 19 29 -1.1798 0 57 -1.1798 1
gene 1 20 27 1.30532 0 58 1.30532 1
gene 1 20 28 -1.27005 0 59 -1.27005 1
gene 1 20 29 -0.186732 0 60 -0.186732 1
gene 1 21 27 -3.48067 0 61 -3.48067 1
gene 1 21 28 2.27164 0 62 2.27164 1
gene 1 21 29 0.782448 0 63 0.782448 1
gene 1 22 27 0.249044 0 64 0.249044 1
gene 1 22 28 0.53827 0 65 0.53827 1
gene 1 22 29 -0.76054 0 66 -0.76054 1
gene 1 23 27 0.445386 0 67 0.445386 1
gene 1 23 28 1.17196 0 68 1.17196 1
gene 1 23 29 -1.11592 0 69 -1.11592 1
gene 1 24 27 -1.40494 0 70 -1.40494 1
gene 1 24 28 1.06635 0 71 1.06635 1
gene 1 24 29 0.00345458 0 72 0.00345458 1
gene 1 25 27 0.820974 0 73 0.820974 1
gene 1 25 28 -1.4168 0 74 -1.4168 1
gene 1 25 29 0.202898 0 75 0.202898 1
gene 1 26 27 -2.14728 0 76 -2.14728 1
gene 1 26 28 0.833021 0 77 0.833021 1
gene 1 26 29 -1.02721 0 78 -1.02721 1
genomeend 93


