/* Organism #10 Fitness: 35264.102000 Time: 0 */
genomestart 10
trait 1 1.000000 0.000000 0.000000 0.000000 0.000000 0.000000 0.000000 1.000000 
node 1 1 1 1
node 2 1 1 1
node 3 1 1 1
node 4 1 1 1
node 5 1 1 1
node 6 1 1 1
node 7 1 1 1
node 8 1 1 1
node 9 1 1 1
node 10 1 1 1
node 11 1 1 1
node 12 1 1 1
node 13 1 1 1
node 14 1 1 1
node 15 1 1 1
node 16 1 1 1
node 17 1 1 1
node 18 1 1 1
node 19 1 1 1
node 20 1 1 1
node 21 1 1 1
node 22 1 1 1
node 23 1 1 1
node 24 1 1 1
node 25 1 1 1
node 26 1 1 3
node 27 1 0 2
node 28 1 0 2
node 29 1 0 2
gene 1 1 27 1.58832 0 1 1.58832 1
gene 1 1 28 -2.0261 0 2 -2.0261 1
gene 1 1 29 0.799411 0 3 0.799411 1
gene 1 2 27 -4.61525 0 4 -4.61525 1
gene 1 2 28 -0.577418 0 5 -0.577418 1
gene 1 2 29 -2.86021 0 6 -2.86021 1
gene 1 3 27 4.9358 0 7 4.9358 1
gene 1 3 28 -4.32616 0 8 -4.32616 1
gene 1 3 29 0.995757 0 9 0.995757 1
gene 1 4 27 -0.125011 0 10 -0.125011 1
gene 1 4 28 2.31554 0 11 2.31554 1
gene 1 4 29 -3.59276 0 12 -3.59276 1
gene 1 5 27 1.06355 0 13 1.06355 1
gene 1 5 28 1.95036 0 14 1.95036 1
gene 1 5 29 -3.20944 0 15 -3.20944 1
gene 1 6 27 -0.337239 0 16 -0.337239 1
gene 1 6 28 1.32773 0 17 1.32773 1
gene 1 6 29 2.03408 0 18 2.03408 1
gene 1 7 27 3.64071 0 19 3.64071 1
gene 1 7 28 -0.433701 0 20 -0.433701 1
gene 1 7 29 1.83623 0 21 1.83623 1
gene 1 8 27 -0.972895 0 22 -0.972895 1
gene 1 8 28 4.67564 0 23 4.67564 1
gene 1 8 29 -0.916132 0 24 -0.916132 1
gene 1 9 27 2.74573 0 25 2.74573 1
gene 1 9 28 0.355541 0 26 0.355541 1
gene 1 9 29 -0.130611 0 27 -0.130611 1
gene 1 10 27 -1.85103 0 28 -1.85103 1
gene 1 10 28 -2.57924 0 29 -2.57924 1
gene 1 10 29 -1.60712 0 30 -1.60712 1
gene 1 11 27 -0.362766 0 31 -0.362766 1
gene 1 11 28 -0.602669 0 32 -0.602669 1
gene 1 11 29 -0.895295 0 33 -0.895295 1
gene 1 12 27 0.351159 0 34 0.351159 1
gene 1 12 28 2.64048 0 35 2.64048 1
gene 1 12 29 0.403262 0 36 0.403262 1
gene 1 13 27 0.17558 0 37 0.17558 1
gene 1 13 28 0.175417 0 38 0.175417 1
gene 1 13 29 -0.598072 0 39 -0.598072 1
gene 1 14 27 1.58449 0 40 1.58449 1
gene 1 14 28 0.831715 0 41 0.831715 1
gene 1 14 29 0.0171092 0 42 0.0171092 1
gene 1 15 27 -1.11014 0 43 -1.11014 1
gene 1 15 28 -2.27783 0 44 -2.27783 1
gene 1 15 29 -1.155 0 45 -1.155 1
gene 1 16 27 -0.685465 0 46 -0.685465 1
gene 1 16 28 -1.61809 0 47 -1.61809 1
gene 1 16 29 1.44751 0 48 1.44751 1
gene 1 17 27 0.220693 0 49 0.220693 1
gene 1 17 28 1.94855 0 50 1.94855 1
gene 1 17 29 3.40247 0 51 3.40247 1
gene 1 18 27 -1.32679 0 52 -1.32679 1
gene 1 18 28 2.85761 0 53 2.85761 1
gene 1 18 29 0.206131 0 54 0.206131 1
gene 1 19 27 4.05367 0 55 4.05367 1
gene 1 19 28 1.48201 0 56 1.48201 1
gene 1 19 29 -2.89235 0 57 -2.89235 1
gene 1 20 27 -0.180422 0 58 -0.180422 1
gene 1 20 28 -0.132365 0 59 -0.132365 1
gene 1 20 29 -1.17488 0 60 -1.17488 1
gene 1 21 27 2.42695 0 61 2.42695 1
gene 1 21 28 -3.74224 0 62 -3.74224 1
gene 1 21 29 -4.53855 0 63 -4.53855 1
gene 1 22 27 0.726073 0 64 0.726073 1
gene 1 22 28 4.36271 0 65 4.36271 1
gene 1 22 29 2.01081 0 66 2.01081 1
gene 1 23 27 0.576852 0 67 0.576852 1
gene 1 23 28 -2.31098 0 68 -2.31098 1
gene 1 23 29 -1.55986 0 69 -1.55986 1
gene 1 24 27 0.418903 0 70 0.418903 1
gene 1 24 28 -0.97483 0 71 -0.97483 1
gene 1 24 29 -2.09754 0 72 -2.09754 1
gene 1 25 27 0.119384 0 73 0.119384 1
gene 1 25 28 -0.160354 0 74 -0.160354 1
gene 1 25 29 -0.351971 0 75 -0.351971 1
gene 1 26 27 2.88085 0 76 2.88085 1
gene 1 26 28 0.43688 0 77 0.43688 1
gene 1 26 29 -4.23473 0 78 -4.23473 1
genomeend 10


