/* Organism #0 Fitness: 36358.176000 Time: 0 */
genomestart 0
trait 1 1.000000 0.441141 0.299578 1.000000 0.396684 0.000000 0.678988 0.210314 
node 1 1 1 1
node 2 1 1 1
node 3 1 1 1
node 4 1 1 1
node 5 1 1 1
node 6 1 1 1
node 7 1 1 1
node 8 1 1 1
node 9 1 1 1
node 10 1 1 1
node 11 1 1 1
node 12 1 1 1
node 13 1 1 1
node 14 1 1 1
node 15 1 1 1
node 16 1 1 1
node 17 1 1 1
node 18 1 1 1
node 19 1 1 1
node 20 1 1 1
node 21 1 1 1
node 22 1 1 1
node 23 1 1 1
node 24 1 1 1
node 25 1 1 1
node 26 1 1 3
node 27 1 0 2
node 28 1 0 2
node 29 1 0 2
gene 1 1 27 4.44297 0 1 4.44297 1
gene 1 1 28 -2.015 0 2 -2.015 1
gene 1 1 29 -0.705153 0 3 -0.705153 1
gene 1 2 27 -2.78515 0 4 -2.78515 1
gene 1 2 28 2.71632 0 5 2.71632 1
gene 1 2 29 0.859707 0 6 0.859707 1
gene 1 3 27 0.513051 0 7 0.513051 1
gene 1 3 28 4.9637 0 8 4.9637 1
gene 1 3 29 -0.925978 0 9 -0.925978 1
gene 1 4 27 -1.94995 0 10 -1.94995 1
gene 1 4 28 1.60137 0 11 1.60137 1
gene 1 4 29 -0.414461 0 12 -0.414461 1
gene 1 5 27 3.01023 0 13 3.01023 1
gene 1 5 28 -5 0 14 -5 1
gene 1 5 29 -0.359016 0 15 -0.359016 1
gene 1 6 27 -1.3698 0 16 -1.3698 1
gene 1 6 28 1.79135 0 17 1.79135 1
gene 1 6 29 -0.353633 0 18 -0.353633 1
gene 1 7 27 2.51713 0 19 2.51713 1
gene 1 7 28 1.01016 0 20 1.01016 1
gene 1 7 29 2.31836 0 21 2.31836 1
gene 1 8 27 0.0484071 0 22 0.0484071 1
gene 1 8 28 -4.17455 0 23 -4.17455 1
gene 1 8 29 4.42563 0 24 4.42563 1
gene 1 9 27 -3.25654 0 25 -3.25654 1
gene 1 9 28 -3.46202 0 26 -3.46202 1
gene 1 9 29 -5 0 27 -5 1
gene 1 10 27 -2.34429 0 28 -2.34429 1
gene 1 10 28 -2.01518 0 29 -2.01518 1
gene 1 10 29 -1.29091 0 30 -1.29091 1
gene 1 11 27 -1.50426 0 31 -1.50426 1
gene 1 11 28 -0.894819 0 32 -0.894819 1
gene 1 11 29 -4.09642 0 33 -4.09642 1
gene 1 12 27 5 0 34 5 1
gene 1 12 28 4.02519 0 35 4.02519 1
gene 1 12 29 0.164843 0 36 0.164843 1
gene 1 13 27 3.87455 0 37 3.87455 1
gene 1 13 28 -1.98465 0 38 -1.98465 1
gene 1 13 29 4.39191 0 39 4.39191 1
gene 1 14 27 -5 0 40 -5 1
gene 1 14 28 0.29584 0 41 0.29584 1
gene 1 14 29 -1.08341 0 42 -1.08341 1
gene 1 15 27 -0.712509 0 43 -0.712509 1
gene 1 15 28 -3.49538 0 44 -3.49538 1
gene 1 15 29 2.6489 0 45 2.6489 1
gene 1 16 27 0.399304 0 46 0.399304 1
gene 1 16 28 -3.4442 0 47 -3.4442 1
gene 1 16 29 3.31304 0 48 3.31304 1
gene 1 17 27 -0.443652 0 49 -0.443652 1
gene 1 17 28 -4.57956 0 50 -4.57956 1
gene 1 17 29 4.46866 0 51 4.46866 1
gene 1 18 27 -1.0819 0 52 -1.0819 1
gene 1 18 28 -5 0 53 -5 1
gene 1 18 29 -3.69391 0 54 -3.69391 1
gene 1 19 27 -1.45902 0 55 -1.45902 1
gene 1 19 28 -1.57794 0 56 -1.57794 1
gene 1 19 29 0.7887 0 57 0.7887 1
gene 1 20 27 1.04456 0 58 1.04456 1
gene 1 20 28 -0.115008 0 59 -0.115008 1
gene 1 20 29 -1.08991 0 60 -1.08991 1
gene 1 21 27 -4.29965 0 61 -4.29965 1
gene 1 21 28 -0.582725 0 62 -0.582725 1
gene 1 21 29 0.895867 0 63 0.895867 1
gene 1 22 27 -0.495361 0 64 -0.495361 1
gene 1 22 28 1.30949 0 65 1.30949 1
gene 1 22 29 -0.277533 0 66 -0.277533 1
gene 1 23 27 -0.26028 0 67 -0.26028 1
gene 1 23 28 1.00636 0 68 1.00636 1
gene 1 23 29 -0.0927311 0 69 -0.0927311 1
gene 1 24 27 -0.225458 0 70 -0.225458 1
gene 1 24 28 -0.100114 0 71 -0.100114 1
gene 1 24 29 -0.445784 0 72 -0.445784 1
gene 1 25 27 -1.56816 0 73 -1.56816 1
gene 1 25 28 0.09581 0 74 0.09581 1
gene 1 25 29 0.536429 0 75 0.536429 1
gene 1 26 27 -0.907736 0 76 -0.907736 1
gene 1 26 28 0.377358 0 77 0.377358 1
gene 1 26 29 -1.35798 0 78 -1.35798 1
genomeend 0


