/* Organism #0 Fitness: 8828.722000 Time: 0 */
genomestart 0
trait 1 0.561553 0.000000 0.000000 0.429681 0.000000 0.000000 0.000000 0.000000 
node 1 1 1 1
node 2 1 1 1
node 3 1 1 1
node 4 1 1 1
node 5 1 1 1
node 6 1 1 1
node 7 1 1 1
node 8 1 1 1
node 9 1 1 1
node 10 1 1 1
node 11 1 1 1
node 12 1 1 1
node 13 1 1 1
node 14 1 1 1
node 15 1 1 1
node 16 1 1 1
node 17 1 1 1
node 18 1 1 1
node 19 1 1 1
node 20 1 1 1
node 21 1 1 1
node 22 1 1 1
node 23 1 1 1
node 24 1 1 1
node 25 1 1 1
node 26 1 1 3
node 27 1 0 2
node 28 1 0 2
node 29 1 0 2
gene 1 1 27 0.172907 0 1 0.172907 1
gene 1 1 28 0.510427 0 2 0.510427 1
gene 1 1 29 -0.875384 0 3 -0.875384 1
gene 1 2 27 1.37082 0 4 1.37082 1
gene 1 2 28 -1.14479 0 5 -1.14479 1
gene 1 2 29 0.878633 0 6 0.878633 1
gene 1 3 27 0.00412171 0 7 0.00412171 1
gene 1 3 28 0.512869 0 8 0.512869 1
gene 1 3 29 2.14142 0 9 2.14142 1
gene 1 4 27 0.468996 0 10 0.468996 1
gene 1 4 28 1.07067 0 11 1.07067 1
gene 1 4 29 -0.554873 0 12 -0.554873 1
gene 1 5 27 0.583534 0 13 0.583534 1
gene 1 5 28 3.08041 0 14 3.08041 1
gene 1 5 29 0.335073 0 15 0.335073 1
gene 1 6 27 -0.140585 0 16 -0.140585 1
gene 1 6 28 -0.269781 0 17 -0.269781 1
gene 1 6 29 0.209102 0 18 0.209102 1
gene 1 7 27 -1.386 0 19 -1.386 1
gene 1 7 28 0.416915 0 20 0.416915 1
gene 1 7 29 -1.06137 0 21 -1.06137 1
gene 1 8 27 -2.04653 0 22 -2.04653 1
gene 1 8 28 -0.39562 0 23 -0.39562 1
gene 1 8 29 -0.858907 0 24 -0.858907 1
gene 1 9 27 -0.438685 0 25 -0.438685 1
gene 1 9 28 0.669092 0 26 0.669092 1
gene 1 9 29 0.438616 0 27 0.438616 1
gene 1 10 27 1.31134 0 28 1.31134 1
gene 1 10 28 1.5843 0 29 1.5843 1
gene 1 10 29 -0.764904 0 30 -0.764904 1
gene 1 11 27 -1.57353 0 27 -1.57353 1
gene 1 11 28 -0.984116 0 32 -0.984116 1
gene 1 11 29 -0.803256 0 33 -0.803256 1
gene 1 12 27 -0.936407 0 34 -0.936407 1
gene 1 12 28 0.474776 0 35 0.474776 1
gene 1 12 29 0.295181 0 36 0.295181 1
gene 1 13 27 -2.8095 0 37 -2.8095 1
gene 1 13 28 -0.542521 0 38 -0.542521 1
gene 1 13 29 0.82159 0 39 0.82159 1
gene 1 14 27 0.731984 0 40 0.731984 1
gene 1 14 28 -0.959339 0 41 -0.959339 1
gene 1 14 29 -0.145701 0 42 -0.145701 1
gene 1 15 27 0.328351 0 43 0.328351 1
gene 1 15 28 -0.344382 0 44 -0.344382 1
gene 1 15 29 -2.22249 0 45 -2.22249 1
gene 1 16 27 0.430506 0 46 0.430506 1
gene 1 16 28 -0.928818 0 47 -0.928818 1
gene 1 16 29 0.846265 0 48 0.846265 1
gene 1 17 27 0.618487 0 49 0.618487 1
gene 1 17 28 2.99438 0 50 2.99438 1
gene 1 17 29 -4.20844 0 51 -4.20844 1
gene 1 18 27 -1.37908 0 52 -1.37908 1
gene 1 18 28 3.8969 0 53 3.8969 1
gene 1 18 29 -1.42247 0 54 -1.42247 1
gene 1 19 27 -3.53097 0 55 -3.53097 1
gene 1 19 28 -0.131679 0 56 -0.131679 1
gene 1 19 29 0.402218 0 57 0.402218 1
gene 1 20 27 -0.156179 0 58 -0.156179 1
gene 1 20 28 -1.8522 0 59 -1.8522 1
gene 1 20 29 1.28964 0 60 1.28964 1
gene 1 21 27 0.380824 0 61 0.380824 1
gene 1 21 28 -0.00449108 0 62 -0.00449108 1
gene 1 21 29 -1.76442 0 63 -1.76442 1
gene 1 22 27 -0.129481 0 64 -0.129481 1
gene 1 22 28 -0.0222868 0 65 -0.0222868 1
gene 1 22 29 0.896625 0 66 0.896625 1
gene 1 23 27 -1.4012 0 67 -1.4012 1
gene 1 23 28 -0.057479 0 68 -0.057479 1
gene 1 23 29 -1.44063 0 69 -1.44063 1
gene 1 24 27 -0.83324 0 70 -0.83324 1
gene 1 24 28 -0.00987423 0 71 -0.00987423 1
gene 1 24 29 -1.0893 0 72 -1.0893 1
gene 1 25 27 0.107945 0 73 0.107945 1
gene 1 25 28 0.241166 0 74 0.241166 1
gene 1 25 29 2.68909 0 75 2.68909 1
gene 1 26 27 -1.32873 0 76 -1.32873 1
gene 1 26 28 -3.41804 0 77 -3.41804 1
gene 1 26 29 1.47346 0 78 1.47346 1
genomeend 0


