/* Organism #0 Fitness: 8274.528000 Time: 0 */
genomestart 0
trait 1 0.100000 0.000000 0.743207 0.000000 0.292061 0.000000 0.895360 0.712501 
node 1 1 1 1
node 2 1 1 1
node 3 1 1 1
node 4 1 1 1
node 5 1 1 1
node 6 1 1 1
node 7 1 1 1
node 8 1 1 1
node 9 1 1 1
node 10 1 1 1
node 11 1 1 1
node 12 1 1 1
node 13 1 1 1
node 14 1 1 1
node 15 1 1 1
node 16 1 1 1
node 17 1 1 1
node 18 1 1 1
node 19 1 1 1
node 20 1 1 1
node 21 1 1 1
node 22 1 1 1
node 23 1 1 1
node 24 1 1 1
node 25 1 1 1
node 26 1 1 3
node 27 1 0 2
node 28 1 0 2
node 29 1 0 2
gene 1 1 27 -2.08819 0 1 -2.08819 1
gene 1 1 28 -0.58017 0 2 -0.58017 1
gene 1 1 29 4.8691 0 3 4.8691 1
gene 1 2 27 -1.3136 0 4 -1.3136 1
gene 1 2 28 2.93604 0 5 2.93604 1
gene 1 2 29 1.5375 0 6 1.5375 1
gene 1 3 27 -2.39622 0 7 -2.39622 1
gene 1 3 28 2.2928 0 8 2.2928 1
gene 1 3 29 -1.34175 0 9 -1.34175 1
gene 1 4 27 -2.6125 0 10 -2.6125 1
gene 1 4 28 2.48834 0 11 2.48834 1
gene 1 4 29 4.06988 0 12 4.06988 1
gene 1 5 27 1.07917 0 13 1.07917 1
gene 1 5 28 2.57207 0 14 2.57207 1
gene 1 5 29 2.53238 0 15 2.53238 1
gene 1 6 27 -2.21216 0 16 -2.21216 1
gene 1 6 28 -1.92187 0 17 -1.92187 1
gene 1 6 29 1.09384 0 18 1.09384 1
gene 1 7 27 -0.371204 0 19 -0.371204 1
gene 1 7 28 -0.671919 0 20 -0.671919 1
gene 1 7 29 -2.79713 0 21 -2.79713 1
gene 1 8 27 -1.71069 0 22 -1.71069 1
gene 1 8 28 -0.664365 0 23 -0.664365 1
gene 1 8 29 -1.43622 0 24 -1.43622 1
gene 1 9 27 1.58699 0 25 1.58699 1
gene 1 9 28 -0.680858 0 26 -0.680858 1
gene 1 9 29 -1.22234 0 27 -1.22234 1
gene 1 10 27 -1.38269 0 28 -1.38269 1
gene 1 10 28 2.40293 0 29 2.40293 1
gene 1 10 29 -2.93203 0 30 -2.93203 1
gene 1 11 27 -1.42217 0 27 -1.42217 1
gene 1 11 28 2.13399 0 32 2.13399 1
gene 1 11 29 0.124648 0 33 0.124648 1
gene 1 12 27 0.849693 0 34 0.849693 1
gene 1 12 28 -0.792706 0 35 -0.792706 1
gene 1 12 29 -1.63107 0 36 -1.63107 1
gene 1 13 27 3.58143 0 37 3.58143 1
gene 1 13 28 1.1864 0 38 1.1864 1
gene 1 13 29 -1.91618 0 39 -1.91618 1
gene 1 14 27 -1.22159 0 40 -1.22159 1
gene 1 14 28 0.54342 0 41 0.54342 1
gene 1 14 29 1.12662 0 42 1.12662 1
gene 1 15 27 -1.23228 0 43 -1.23228 1
gene 1 15 28 0.161033 0 44 0.161033 1
gene 1 15 29 2.22715 0 45 2.22715 1
gene 1 16 27 0.33466 0 46 0.33466 1
gene 1 16 28 -1.50886 0 47 -1.50886 1
gene 1 16 29 0.879696 0 48 0.879696 1
gene 1 17 27 -1.15938 0 49 -1.15938 1
gene 1 17 28 1.19419 0 50 1.19419 1
gene 1 17 29 -2.03477 0 51 -2.03477 1
gene 1 18 27 -3.6012 0 52 -3.6012 1
gene 1 18 28 4.99802 0 53 4.99802 1
gene 1 18 29 1.97392 0 54 1.97392 1
gene 1 19 27 -0.226588 0 55 -0.226588 1
gene 1 19 28 3.82155 0 56 3.82155 1
gene 1 19 29 -0.90747 0 57 -0.90747 1
gene 1 20 27 -0.819412 0 58 -0.819412 1
gene 1 20 28 -0.228607 0 59 -0.228607 1
gene 1 20 29 -1.86304 0 60 -1.86304 1
gene 1 21 27 -3.38796 0 61 -3.38796 1
gene 1 21 28 0.0951295 0 62 0.0951295 1
gene 1 21 29 2.19856 0 63 2.19856 1
gene 1 22 27 0.32113 0 64 0.32113 1
gene 1 22 28 -0.092526 0 65 -0.092526 1
gene 1 22 29 -1.11202 0 66 -1.11202 1
gene 1 23 27 -0.659576 0 67 -0.659576 1
gene 1 23 28 -0.226187 0 68 -0.226187 1
gene 1 23 29 -3.81273 0 69 -3.81273 1
gene 1 24 27 -1.14635 0 70 -1.14635 1
gene 1 24 28 -0.123252 0 71 -0.123252 1
gene 1 24 29 -0.361239 0 72 -0.361239 1
gene 1 25 27 -0.272619 0 73 -0.272619 1
gene 1 25 28 -0.837526 0 74 -0.837526 1
gene 1 25 29 0.389818 0 75 0.389818 1
gene 1 26 27 -0.536036 0 76 -0.536036 1
gene 1 26 28 -5 0 77 -5 1
gene 1 26 29 -0.656909 0 78 -0.656909 1
genomeend 0


