/* Organism #4 Fitness: 8465.490000 Time: 0 */
genomestart 4
trait 1 0.663526 0.000000 0.000000 0.143685 0.000000 0.000000 1.000000 0.379427 
node 1 1 1 1
node 2 1 1 1
node 3 1 1 1
node 4 1 1 1
node 5 1 1 1
node 6 1 1 1
node 7 1 1 1
node 8 1 1 1
node 9 1 1 1
node 10 1 1 1
node 11 1 1 1
node 12 1 1 1
node 13 1 1 1
node 14 1 1 1
node 15 1 1 1
node 16 1 1 1
node 17 1 1 1
node 18 1 1 1
node 19 1 1 1
node 20 1 1 1
node 21 1 1 1
node 22 1 1 1
node 23 1 1 1
node 24 1 1 1
node 25 1 1 1
node 26 1 1 3
node 27 1 0 2
node 28 1 0 2
node 29 1 0 2
gene 1 1 27 -1.67017 0 1 -1.67017 1
gene 1 1 28 -0.276296 0 2 -0.276296 1
gene 1 1 29 -0.118608 0 3 -0.118608 1
gene 1 2 27 2.49821 0 4 2.49821 1
gene 1 2 28 -2.50858 0 5 -2.50858 1
gene 1 2 29 -0.153825 0 6 -0.153825 1
gene 1 3 27 0.561105 0 7 0.561105 1
gene 1 3 28 -0.915639 0 8 -0.915639 1
gene 1 3 29 0.464854 0 9 0.464854 1
gene 1 4 27 -0.492096 0 10 -0.492096 1
gene 1 4 28 4.99594 0 11 4.99594 1
gene 1 4 29 -2.02215 0 12 -2.02215 1
gene 1 5 27 4.58276 0 13 4.58276 1
gene 1 5 28 0.0784328 0 14 0.0784328 1
gene 1 5 29 -0.794908 0 15 -0.794908 1
gene 1 6 27 4.90045 0 16 4.90045 1
gene 1 6 28 0.959398 0 17 0.959398 1
gene 1 6 29 0.0105094 0 18 0.0105094 1
gene 1 7 27 1.79021 0 19 1.79021 1
gene 1 7 28 -3.31205 0 20 -3.31205 1
gene 1 7 29 -2.28264 0 21 -2.28264 1
gene 1 8 27 -5 0 22 -5 1
gene 1 8 28 -4.41145 0 23 -4.41145 1
gene 1 8 29 3.11366 0 24 3.11366 1
gene 1 9 27 -2.36056 0 25 -2.36056 1
gene 1 9 28 -0.287318 0 26 -0.287318 1
gene 1 9 29 -0.878484 0 27 -0.878484 1
gene 1 10 27 0.152483 0 28 0.152483 1
gene 1 10 28 -1.37942 0 29 -1.37942 1
gene 1 10 29 4.58898 0 30 4.58898 1
gene 1 11 27 -1.42219 0 27 -1.42219 1
gene 1 11 28 0.439464 0 32 0.439464 1
gene 1 11 29 -5 0 33 -5 1
gene 1 12 27 2.19757 0 34 2.19757 1
gene 1 12 28 4.41 0 35 4.41 1
gene 1 12 29 0.957878 0 36 0.957878 1
gene 1 13 27 -2.31103 0 37 -2.31103 1
gene 1 13 28 -0.780193 0 38 -0.780193 1
gene 1 13 29 0.497991 0 39 0.497991 1
gene 1 14 27 0.941463 0 40 0.941463 1
gene 1 14 28 -0.889262 0 41 -0.889262 1
gene 1 14 29 3.38168 0 42 3.38168 1
gene 1 15 27 -0.598427 0 43 -0.598427 1
gene 1 15 28 2.1692 0 44 2.1692 1
gene 1 15 29 -0.0864879 0 45 -0.0864879 1
gene 1 16 27 -1.33935 0 46 -1.33935 1
gene 1 16 28 0.410254 0 47 0.410254 1
gene 1 16 29 1.04981 0 48 1.04981 1
gene 1 17 27 1.43942 0 49 1.43942 1
gene 1 17 28 -1.43101 0 50 -1.43101 1
gene 1 17 29 0.969501 0 51 0.969501 1
gene 1 18 27 5 0 52 5 1
gene 1 18 28 0.45949 0 53 0.45949 1
gene 1 18 29 0.976396 0 54 0.976396 1
gene 1 19 27 4.40189 0 55 4.40189 1
gene 1 19 28 -1.79813 0 56 -1.79813 1
gene 1 19 29 -0.245391 0 57 -0.245391 1
gene 1 20 27 -2.90842 0 58 -2.90842 1
gene 1 20 28 -1.1853 0 59 -1.1853 1
gene 1 20 29 -5 0 60 -5 1
gene 1 21 27 -0.0882876 0 61 -0.0882876 1
gene 1 21 28 -3.30573 0 62 -3.30573 1
gene 1 21 29 -0.92816 0 63 -0.92816 1
gene 1 22 27 -0.148948 0 64 -0.148948 1
gene 1 22 28 -0.571167 0 65 -0.571167 1
gene 1 22 29 2.18677 0 66 2.18677 1
gene 1 23 27 -0.26112 0 67 -0.26112 1
gene 1 23 28 -1.34064 0 68 -1.34064 1
gene 1 23 29 -1.38326 0 69 -1.38326 1
gene 1 24 27 -0.202671 0 70 -0.202671 1
gene 1 24 28 0.578738 0 71 0.578738 1
gene 1 24 29 0.773897 0 72 0.773897 1
gene 1 25 27 0.34522 0 73 0.34522 1
gene 1 25 28 0.88444 0 74 0.88444 1
gene 1 25 29 -1.31455 0 75 -1.31455 1
gene 1 26 27 -5 0 76 -5 1
gene 1 26 28 -4.10301 0 77 -4.10301 1
gene 1 26 29 -0.272297 0 78 -0.272297 1
genomeend 4


