/* Organism #12 Fitness: 9003.332000 Time: 0 */
genomestart 12
trait 1 1.000000 0.800350 0.607983 0.000000 0.000000 0.657957 0.721460 0.288869 
node 1 1 1 1
node 2 1 1 1
node 3 1 1 1
node 4 1 1 1
node 5 1 1 1
node 6 1 1 1
node 7 1 1 1
node 8 1 1 1
node 9 1 1 1
node 10 1 1 1
node 11 1 1 1
node 12 1 1 1
node 13 1 1 1
node 14 1 1 1
node 15 1 1 1
node 16 1 1 1
node 17 1 1 1
node 18 1 1 1
node 19 1 1 1
node 20 1 1 1
node 21 1 1 1
node 22 1 1 1
node 23 1 1 1
node 24 1 1 1
node 25 1 1 1
node 26 1 1 1
node 27 1 1 3
node 28 1 0 2
node 29 1 0 2
node 30 1 0 2
node 31 1 0 2
gene 1 1 28 -4.01902 0 1 -4.01902 1
gene 1 1 29 -0.274547 0 2 -0.274547 1
gene 1 1 30 0.373189 0 3 0.373189 1
gene 1 1 31 -3.46913 0 4 -3.46913 1
gene 1 2 28 2.00029 0 5 2.00029 1
gene 1 2 29 1.71038 0 6 1.71038 1
gene 1 2 30 2.45489 0 7 2.45489 1
gene 1 2 31 -2.17844 0 8 -2.17844 1
gene 1 3 28 1.11352 0 9 1.11352 1
gene 1 3 29 4.78755 0 10 4.78755 1
gene 1 3 30 -0.834593 0 11 -0.834593 1
gene 1 3 31 -2.69804 0 12 -2.69804 1
gene 1 4 28 2.19424 0 13 2.19424 1
gene 1 4 29 0.674184 0 14 0.674184 1
gene 1 4 30 3.56315 0 15 3.56315 1
gene 1 4 31 -0.208625 0 16 -0.208625 1
gene 1 5 28 1.04987 0 17 1.04987 1
gene 1 5 29 2.72189 0 18 2.72189 1
gene 1 5 30 0.278614 0 19 0.278614 1
gene 1 5 31 -2.77975 0 20 -2.77975 1
gene 1 6 28 2.03456 0 21 2.03456 1
gene 1 6 29 -3.389 0 22 -3.389 1
gene 1 6 30 -0.940737 0 23 -0.940737 1
gene 1 6 31 1.26245 0 24 1.26245 1
gene 1 7 28 5 0 25 5 1
gene 1 7 29 0.449294 0 26 0.449294 1
gene 1 7 30 -5 0 27 -5 1
gene 1 7 31 -4.03255 0 28 -4.03255 1
gene 1 8 28 3.1163 0 29 3.1163 1
gene 1 8 29 -4.69428 0 30 -4.69428 1
gene 1 8 30 0.77973 0 31 0.77973 1
gene 1 8 31 3.0067 0 32 3.0067 1
gene 1 9 28 1.83282 0 33 1.83282 1
gene 1 9 29 1.87913 0 34 1.87913 1
gene 1 9 30 0.086036 0 35 0.086036 1
gene 1 9 31 -2.77949 0 36 -2.77949 1
gene 1 10 28 -1.22886 0 37 -1.22886 1
gene 1 10 29 -2.35379 0 38 -2.35379 1
gene 1 10 30 1.05157 0 39 1.05157 1
gene 1 10 31 0.0364269 0 40 0.0364269 1
gene 1 11 28 3.41109 0 41 3.41109 1
gene 1 11 29 0.658698 0 42 0.658698 1
gene 1 11 30 -0.767091 0 43 -0.767091 1
gene 1 11 31 -2.86645 0 44 -2.86645 1
gene 1 12 28 0.729955 0 45 0.729955 1
gene 1 12 29 1.15141 0 46 1.15141 1
gene 1 12 30 0.424168 0 47 0.424168 1
gene 1 12 31 0.710092 0 48 0.710092 1
gene 1 13 28 -0.392881 0 49 -0.392881 1
gene 1 13 29 0.865924 0 50 0.865924 1
gene 1 13 30 -0.293618 0 51 -0.293618 1
gene 1 13 31 1.62005 0 52 1.62005 1
gene 1 14 28 -0.385524 0 53 -0.385524 1
gene 1 14 29 1.39951 0 54 1.39951 1
gene 1 14 30 -3.56874 0 55 -3.56874 1
gene 1 14 31 -2.0423 0 56 -2.0423 1
gene 1 15 28 0.692564 0 57 0.692564 1
gene 1 15 29 -4.30951 0 58 -4.30951 1
gene 1 15 30 -0.553273 0 59 -0.553273 1
gene 1 15 31 0.637059 0 60 0.637059 1
gene 1 16 28 0.556965 0 61 0.556965 1
gene 1 16 29 -1.22291 0 62 -1.22291 1
gene 1 16 30 -0.157521 0 63 -0.157521 1
gene 1 16 31 -3.69191 0 64 -3.69191 1
gene 1 17 28 -3.14941 0 65 -3.14941 1
gene 1 17 29 2.74034 0 66 2.74034 1
gene 1 17 30 0.037852 0 67 0.037852 1
gene 1 17 31 -4.8031 0 68 -4.8031 1
gene 1 18 28 -2.90436 0 69 -2.90436 1
gene 1 18 29 2.28081 0 70 2.28081 1
gene 1 18 30 -3.59314 0 71 -3.59314 1
gene 1 18 31 2.42008 0 72 2.42008 1
gene 1 19 28 -4.37323 0 73 -4.37323 1
gene 1 19 29 1.11214 0 74 1.11214 1
gene 1 19 30 -0.165021 0 75 -0.165021 1
gene 1 19 31 -0.286294 0 76 -0.286294 1
gene 1 20 28 1.28524 0 77 1.28524 1
gene 1 20 29 -0.793553 0 78 -0.793553 1
gene 1 20 30 3.97915 0 79 3.97915 1
gene 1 20 31 2.81888 0 80 2.81888 1
gene 1 21 28 0.654942 0 81 0.654942 1
gene 1 21 29 -0.481214 0 82 -0.481214 1
gene 1 21 30 -4.52033 0 83 -4.52033 1
gene 1 21 31 1.32378 0 84 1.32378 1
gene 1 22 28 0.707427 0 85 0.707427 1
gene 1 22 29 -0.999724 0 86 -0.999724 1
gene 1 22 30 -2.14116 0 87 -2.14116 1
gene 1 22 31 -0.832492 0 88 -0.832492 1
gene 1 23 28 -1.74839 0 89 -1.74839 1
gene 1 23 29 -0.256667 0 90 -0.256667 1
gene 1 23 30 -0.379704 0 91 -0.379704 1
gene 1 23 31 -0.25209 0 92 -0.25209 1
gene 1 24 28 -1.31009 0 93 -1.31009 1
gene 1 24 29 -0.12025 0 94 -0.12025 1
gene 1 24 30 0.703118 0 95 0.703118 1
gene 1 24 31 -0.253534 0 96 -0.253534 1
gene 1 25 28 -0.776955 0 97 -0.776955 1
gene 1 25 29 -0.354727 0 98 -0.354727 1
gene 1 25 30 -1.16604 0 99 -1.16604 1
gene 1 25 31 0.597439 0 100 0.597439 1
gene 1 26 28 0.284637 0 101 0.284637 1
gene 1 26 29 -0.533883 0 102 -0.533883 1
gene 1 26 30 -0.321907 0 103 -0.321907 1
gene 1 26 31 -0.310299 0 104 -0.310299 1
gene 1 27 28 0.480428 0 105 0.480428 1
gene 1 27 29 -4.36679 0 106 -4.36679 1
gene 1 27 30 -0.801835 0 107 -0.801835 1
gene 1 27 31 -1.7647 0 108 -1.7647 1
genomeend 12


