/* Organism #9 Fitness: 6968.790000 Time: 0 */
genomestart 9
trait 1 0.021519 0.000000 0.273212 0.000000 0.000000 1.000000 0.000000 0.000000 
node 1 1 1 1
node 2 1 1 1
node 3 1 1 1
node 4 1 1 1
node 5 1 1 1
node 6 1 1 1
node 7 1 1 1
node 8 1 1 1
node 9 1 1 1
node 10 1 1 1
node 11 1 1 1
node 12 1 1 1
node 13 1 1 1
node 14 1 1 1
node 15 1 1 1
node 16 1 1 1
node 17 1 1 1
node 18 1 1 1
node 19 1 1 1
node 20 1 1 1
node 21 1 1 1
node 22 1 1 1
node 23 1 1 1
node 24 1 1 1
node 25 1 1 1
node 26 1 1 1
node 27 1 1 3
node 28 1 0 2
node 29 1 0 2
node 30 1 0 2
node 31 1 0 2
gene 1 1 28 -3.99067 0 1 -3.99067 1
gene 1 1 29 -1.76733 0 2 -1.76733 1
gene 1 1 30 -0.795602 0 3 -0.795602 1
gene 1 1 31 0.398279 0 4 0.398279 1
gene 1 2 28 -2.16427 0 5 -2.16427 1
gene 1 2 29 -1.80975 0 6 -1.80975 1
gene 1 2 30 -0.121419 0 7 -0.121419 1
gene 1 2 31 4.11938 0 8 4.11938 1
gene 1 3 28 -1.32106 0 9 -1.32106 1
gene 1 3 29 -1.65865 0 10 -1.65865 1
gene 1 3 30 -2.24663 0 11 -2.24663 1
gene 1 3 31 -2.90536 0 12 -2.90536 1
gene 1 4 28 1.86515 0 13 1.86515 1
gene 1 4 29 -1.08197 0 14 -1.08197 1
gene 1 4 30 3.89842 0 15 3.89842 1
gene 1 4 31 0.394049 0 16 0.394049 1
gene 1 5 28 -0.857495 0 17 -0.857495 1
gene 1 5 29 -0.595793 0 18 -0.595793 1
gene 1 5 30 -1.41152 0 19 -1.41152 1
gene 1 5 31 1.98804 0 20 1.98804 1
gene 1 6 28 4.56008 0 21 4.56008 1
gene 1 6 29 -1.34519 0 22 -1.34519 1
gene 1 6 30 -0.636377 0 23 -0.636377 1
gene 1 6 31 1.41408 0 24 1.41408 1
gene 1 7 28 5 0 25 5 1
gene 1 7 29 1.80266 0 26 1.80266 1
gene 1 7 30 1.81504 0 27 1.81504 1
gene 1 7 31 1.66449 0 28 1.66449 1
gene 1 8 28 1.22827 0 29 1.22827 1
gene 1 8 29 -0.436575 0 30 -0.436575 1
gene 1 8 30 0.136901 0 31 0.136901 1
gene 1 8 31 0.522426 0 32 0.522426 1
gene 1 9 28 0.105991 0 33 0.105991 1
gene 1 9 29 -0.217979 0 34 -0.217979 1
gene 1 9 30 0.289003 0 35 0.289003 1
gene 1 9 31 -2.10641 0 36 -2.10641 1
gene 1 10 28 1.29259 0 37 1.29259 1
gene 1 10 29 0.282097 0 38 0.282097 1
gene 1 10 30 3.85966 0 39 3.85966 1
gene 1 10 31 -0.773894 0 40 -0.773894 1
gene 1 11 28 -2.26357 0 41 -2.26357 1
gene 1 11 29 1.15098 0 42 1.15098 1
gene 1 11 30 0.399324 0 43 0.399324 1
gene 1 11 31 0.0474832 0 44 0.0474832 1
gene 1 12 28 0.717292 0 45 0.717292 1
gene 1 12 29 4.33614 0 46 4.33614 1
gene 1 12 30 -4.07195 0 47 -4.07195 1
gene 1 12 31 -2.70838 0 48 -2.70838 1
gene 1 13 28 0.882127 0 49 0.882127 1
gene 1 13 29 0.718324 0 50 0.718324 1
gene 1 13 30 -1.14052 0 51 -1.14052 1
gene 1 13 31 2.34116 0 52 2.34116 1
gene 1 14 28 0.837399 0 53 0.837399 1
gene 1 14 29 2.23335 0 54 2.23335 1
gene 1 14 30 -1.3366 0 55 -1.3366 1
gene 1 14 31 -5 0 56 -5 1
gene 1 15 28 -0.814761 0 57 -0.814761 1
gene 1 15 29 -1.23074 0 58 -1.23074 1
gene 1 15 30 1.5863 0 59 1.5863 1
gene 1 15 31 3.25171 0 60 3.25171 1
gene 1 16 28 -4.49775 0 61 -4.49775 1
gene 1 16 29 1.62531 0 62 1.62531 1
gene 1 16 30 0.842877 0 63 0.842877 1
gene 1 16 31 5 0 64 5 1
gene 1 17 28 -3.65498 0 65 -3.65498 1
gene 1 17 29 -2.9939 0 66 -2.9939 1
gene 1 17 30 3.46159 0 67 3.46159 1
gene 1 17 31 0.579073 0 68 0.579073 1
gene 1 18 28 -4.62155 0 69 -4.62155 1
gene 1 18 29 1.65119 0 70 1.65119 1
gene 1 18 30 -1.84619 0 71 -1.84619 1
gene 1 18 31 2.2263 0 72 2.2263 1
gene 1 19 28 -5 0 73 -5 1
gene 1 19 29 -1.06929 0 74 -1.06929 1
gene 1 19 30 4.80202 0 75 4.80202 1
gene 1 19 31 -2.21106 0 76 -2.21106 1
gene 1 20 28 -1.25789 0 77 -1.25789 1
gene 1 20 29 1.51267 0 78 1.51267 1
gene 1 20 30 1.51513 0 79 1.51513 1
gene 1 20 31 0.392904 0 80 0.392904 1
gene 1 21 28 -1.57113 0 81 -1.57113 1
gene 1 21 29 0.475684 0 82 0.475684 1
gene 1 21 30 -1.89099 0 83 -1.89099 1
gene 1 21 31 2.75683 0 84 2.75683 1
gene 1 22 28 0.714935 0 85 0.714935 1
gene 1 22 29 -1.28687 0 86 -1.28687 1
gene 1 22 30 -0.203082 0 87 -0.203082 1
gene 1 22 31 1.59146 0 88 1.59146 1
gene 1 23 28 -0.316814 0 89 -0.316814 1
gene 1 23 29 -2.1475 0 90 -2.1475 1
gene 1 23 30 -0.189373 0 91 -0.189373 1
gene 1 23 31 1.40193 0 92 1.40193 1
gene 1 24 28 0.853067 0 93 0.853067 1
gene 1 24 29 -0.78677 0 94 -0.78677 1
gene 1 24 30 1.76111 0 95 1.76111 1
gene 1 24 31 -0.288259 0 96 -0.288259 1
gene 1 25 28 0.822081 0 97 0.822081 1
gene 1 25 29 -3.55498 0 98 -3.55498 1
gene 1 25 30 -0.401197 0 99 -0.401197 1
gene 1 25 31 -0.677084 0 100 -0.677084 1
gene 1 26 28 1.20264 0 101 1.20264 1
gene 1 26 29 -0.502599 0 102 -0.502599 1
gene 1 26 30 -0.779844 0 103 -0.779844 1
gene 1 26 31 -1.18577 0 104 -1.18577 1
gene 1 27 28 1.08299 0 105 1.08299 1
gene 1 27 29 -1.16221 0 106 -1.16221 1
gene 1 27 30 -4.86357 0 107 -4.86357 1
gene 1 27 31 -0.401542 0 108 -0.401542 1
genomeend 9


