/* Organism #48 Fitness: 7434.660000 Time: 0 */
genomestart 48
trait 1 1.000000 0.357891 1.000000 0.000000 0.923866 0.310861 0.000000 0.344592 
node 1 1 1 1
node 2 1 1 1
node 3 1 1 1
node 4 1 1 1
node 5 1 1 1
node 6 1 1 1
node 7 1 1 1
node 8 1 1 1
node 9 1 1 1
node 10 1 1 1
node 11 1 1 1
node 12 1 1 1
node 13 1 1 1
node 14 1 1 1
node 15 1 1 1
node 16 1 1 1
node 17 1 1 1
node 18 1 1 1
node 19 1 1 1
node 20 1 1 1
node 21 1 1 1
node 22 1 1 1
node 23 1 1 1
node 24 1 1 1
node 25 1 1 1
node 26 1 1 1
node 27 1 1 3
node 28 1 0 2
node 29 1 0 2
node 30 1 0 2
node 31 1 0 2
gene 1 1 28 -1.45248 0 1 -1.45248 1
gene 1 1 29 -2.11956 0 2 -2.11956 1
gene 1 1 30 0.413363 0 3 0.413363 1
gene 1 1 31 -0.677628 0 4 -0.677628 1
gene 1 2 28 1.00747 0 5 1.00747 1
gene 1 2 29 3.48425 0 6 3.48425 1
gene 1 2 30 -4.54909 0 7 -4.54909 1
gene 1 2 31 -3.83123 0 8 -3.83123 1
gene 1 3 28 0.290572 0 9 0.290572 1
gene 1 3 29 5 0 10 5 1
gene 1 3 30 -5 0 11 -5 1
gene 1 3 31 0.216352 0 12 0.216352 1
gene 1 4 28 3.01113 0 13 3.01113 1
gene 1 4 29 2.76898 0 14 2.76898 1
gene 1 4 30 -0.878538 0 15 -0.878538 1
gene 1 4 31 -0.916649 0 16 -0.916649 1
gene 1 5 28 2.55525 0 17 2.55525 1
gene 1 5 29 1.61261 0 18 1.61261 1
gene 1 5 30 -0.992424 0 19 -0.992424 1
gene 1 5 31 -0.213684 0 20 -0.213684 1
gene 1 6 28 2.50652 0 21 2.50652 1
gene 1 6 29 1.80176 0 22 1.80176 1
gene 1 6 30 1.9971 0 23 1.9971 1
gene 1 6 31 -3.65083 0 24 -3.65083 1
gene 1 7 28 4.22337 0 25 4.22337 1
gene 1 7 29 -1.67006 0 26 -1.67006 1
gene 1 7 30 -1.89047 0 27 -1.89047 1
gene 1 7 31 0.448421 0 28 0.448421 1
gene 1 8 28 1.44344 0 29 1.44344 1
gene 1 8 29 -2.92853 0 30 -2.92853 1
gene 1 8 30 1.7698 0 31 1.7698 1
gene 1 8 31 -0.131878 0 32 -0.131878 1
gene 1 9 28 -0.00302167 0 33 -0.00302167 1
gene 1 9 29 3.95688 0 34 3.95688 1
gene 1 9 30 -5 0 35 -5 1
gene 1 9 31 0.623902 0 36 0.623902 1
gene 1 10 28 -1.0885 0 37 -1.0885 1
gene 1 10 29 -3.56235 0 38 -3.56235 1
gene 1 10 30 2.38509 0 39 2.38509 1
gene 1 10 31 -2.77888 0 40 -2.77888 1
gene 1 11 28 2.13058 0 41 2.13058 1
gene 1 11 29 0.524593 0 42 0.524593 1
gene 1 11 30 3.35513 0 43 3.35513 1
gene 1 11 31 -2.09422 0 44 -2.09422 1
gene 1 12 28 2.63953 0 45 2.63953 1
gene 1 12 29 1.76055 0 46 1.76055 1
gene 1 12 30 -0.621201 0 47 -0.621201 1
gene 1 12 31 -3.94539 0 48 -3.94539 1
gene 1 13 28 4.20056 0 49 4.20056 1
gene 1 13 29 -0.816597 0 50 -0.816597 1
gene 1 13 30 2.92062 0 51 2.92062 1
gene 1 13 31 1.08753 0 52 1.08753 1
gene 1 14 28 1.65633 0 53 1.65633 1
gene 1 14 29 -0.410408 0 54 -0.410408 1
gene 1 14 30 -0.983235 0 55 -0.983235 1
gene 1 14 31 -2.78746 0 56 -2.78746 1
gene 1 15 28 -0.0125089 0 57 -0.0125089 1
gene 1 15 29 -2.23087 0 58 -2.23087 1
gene 1 15 30 -0.724586 0 59 -0.724586 1
gene 1 15 31 -2.11687 0 60 -2.11687 1
gene 1 16 28 -5 0 61 -5 1
gene 1 16 29 -2.94534 0 62 -2.94534 1
gene 1 16 30 -1.0179 0 63 -1.0179 1
gene 1 16 31 3.50918 0 64 3.50918 1
gene 1 17 28 -5 0 65 -5 1
gene 1 17 29 -2.51833 0 66 -2.51833 1
gene 1 17 30 -1.24565 0 67 -1.24565 1
gene 1 17 31 -1.92747 0 68 -1.92747 1
gene 1 18 28 -2.13667 0 69 -2.13667 1
gene 1 18 29 -3.51261 0 70 -3.51261 1
gene 1 18 30 -3.24876 0 71 -3.24876 1
gene 1 18 31 -3.91158 0 72 -3.91158 1
gene 1 19 28 -5 0 73 -5 1
gene 1 19 29 -1.4941 0 74 -1.4941 1
gene 1 19 30 4.34196 0 75 4.34196 1
gene 1 19 31 -2.81674 0 76 -2.81674 1
gene 1 20 28 0.74118 0 77 0.74118 1
gene 1 20 29 -1.70926 0 78 -1.70926 1
gene 1 20 30 0.24867 0 79 0.24867 1
gene 1 20 31 4.2313 0 80 4.2313 1
gene 1 21 28 2.90521 0 81 2.90521 1
gene 1 21 29 -1.22031 0 82 -1.22031 1
gene 1 21 30 0.713172 0 83 0.713172 1
gene 1 21 31 -1.12285 0 84 -1.12285 1
gene 1 22 28 1.29391 0 85 1.29391 1
gene 1 22 29 -0.1283 0 86 -0.1283 1
gene 1 22 30 3.91015 0 87 3.91015 1
gene 1 22 31 -0.27852 0 88 -0.27852 1
gene 1 23 28 -0.678484 0 89 -0.678484 1
gene 1 23 29 -0.740347 0 90 -0.740347 1
gene 1 23 30 0.455809 0 91 0.455809 1
gene 1 23 31 -0.0270107 0 92 -0.0270107 1
gene 1 24 28 0.974955 0 93 0.974955 1
gene 1 24 29 -0.581152 0 94 -0.581152 1
gene 1 24 30 -2.02964 0 95 -2.02964 1
gene 1 24 31 0.731793 0 96 0.731793 1
gene 1 25 28 -0.15307 0 97 -0.15307 1
gene 1 25 29 0.619363 0 98 0.619363 1
gene 1 25 30 -0.232105 0 99 -0.232105 1
gene 1 25 31 -0.332945 0 100 -0.332945 1
gene 1 26 28 0.22971 0 101 0.22971 1
gene 1 26 29 -0.0917967 0 102 -0.0917967 1
gene 1 26 30 -0.532089 0 103 -0.532089 1
gene 1 26 31 -0.492258 0 104 -0.492258 1
gene 1 27 28 -0.164133 0 105 -0.164133 1
gene 1 27 29 -0.718164 0 106 -0.718164 1
gene 1 27 30 -1.28088 0 107 -1.28088 1
gene 1 27 31 -1.65118 0 108 -1.65118 1
genomeend 48


