/* Organism #14 Fitness: 8498.392000 Time: 0 */
genomestart 14
trait 1 0.000000 1.000000 1.000000 0.000000 0.496185 0.327996 0.965943 0.434888 
node 1 1 1 1
node 2 1 1 1
node 3 1 1 1
node 4 1 1 1
node 5 1 1 1
node 6 1 1 1
node 7 1 1 1
node 8 1 1 1
node 9 1 1 1
node 10 1 1 1
node 11 1 1 1
node 12 1 1 1
node 13 1 1 1
node 14 1 1 1
node 15 1 1 1
node 16 1 1 1
node 17 1 1 1
node 18 1 1 1
node 19 1 1 1
node 20 1 1 1
node 21 1 1 1
node 22 1 1 1
node 23 1 1 1
node 24 1 1 1
node 25 1 1 1
node 26 1 1 1
node 27 1 1 3
node 28 1 0 2
node 29 1 0 2
node 30 1 0 2
node 31 1 0 2
gene 1 1 28 -0.0804233 0 1 -0.0804233 1
gene 1 1 29 -1.56326 0 2 -1.56326 1
gene 1 1 30 1.02977 0 3 1.02977 1
gene 1 1 31 -0.813646 0 4 -0.813646 1
gene 1 2 28 1.32384 0 5 1.32384 1
gene 1 2 29 0.344339 0 6 0.344339 1
gene 1 2 30 0.707093 0 7 0.707093 1
gene 1 2 31 0.720598 0 8 0.720598 1
gene 1 3 28 -0.887199 0 9 -0.887199 1
gene 1 3 29 0.197813 0 10 0.197813 1
gene 1 3 30 -1.18234 0 11 -1.18234 1
gene 1 3 31 1.41076 0 12 1.41076 1
gene 1 4 28 1.64596 0 13 1.64596 1
gene 1 4 29 0.299816 0 14 0.299816 1
gene 1 4 30 1.57528 0 15 1.57528 1
gene 1 4 31 -1.23645 0 16 -1.23645 1
gene 1 5 28 0.487745 0 17 0.487745 1
gene 1 5 29 0.959293 0 18 0.959293 1
gene 1 5 30 -0.533965 0 19 -0.533965 1
gene 1 5 31 0.573809 0 20 0.573809 1
gene 1 6 28 2.03803 0 21 2.03803 1
gene 1 6 29 1.23808 0 22 1.23808 1
gene 1 6 30 0.396698 0 23 0.396698 1
gene 1 6 31 2.58414 0 24 2.58414 1
gene 1 7 28 4.91331 0 25 4.91331 1
gene 1 7 29 1.56761 0 26 1.56761 1
gene 1 7 30 5 0 27 5 1
gene 1 7 31 1.25387 0 28 1.25387 1
gene 1 8 28 -1.29526 0 29 -1.29526 1
gene 1 8 29 0.0769741 0 30 0.0769741 1
gene 1 8 30 0.711699 0 31 0.711699 1
gene 1 8 31 0.559926 0 32 0.559926 1
gene 1 9 28 3.95573 0 33 3.95573 1
gene 1 9 29 0.13623 0 34 0.13623 1
gene 1 9 30 -2.52914 0 35 -2.52914 1
gene 1 9 31 2.93078 0 36 2.93078 1
gene 1 10 28 1.87158 0 37 1.87158 1
gene 1 10 29 0.208523 0 38 0.208523 1
gene 1 10 30 -0.430225 0 39 -0.430225 1
gene 1 10 31 0.796615 0 40 0.796615 1
gene 1 11 28 -1.31639 0 41 -1.31639 1
gene 1 11 29 -1.47876 0 42 -1.47876 1
gene 1 11 30 4.64256 0 43 4.64256 1
gene 1 11 31 2.30794 0 44 2.30794 1
gene 1 12 28 -2.05814 0 45 -2.05814 1
gene 1 12 29 -0.737611 0 46 -0.737611 1
gene 1 12 30 -0.987634 0 47 -0.987634 1
gene 1 12 31 -1.9001 0 48 -1.9001 1
gene 1 13 28 -2.54886 0 49 -2.54886 1
gene 1 13 29 3.46601 0 50 3.46601 1
gene 1 13 30 1.30261 0 51 1.30261 1
gene 1 13 31 1.70524 0 52 1.70524 1
gene 1 14 28 -0.0589013 0 53 -0.0589013 1
gene 1 14 29 -4.13179 0 54 -4.13179 1
gene 1 14 30 -3.24009 0 55 -3.24009 1
gene 1 14 31 -1.08346 0 56 -1.08346 1
gene 1 15 28 -1.02698 0 57 -1.02698 1
gene 1 15 29 -0.551938 0 58 -0.551938 1
gene 1 15 30 -0.657194 0 59 -0.657194 1
gene 1 15 31 0.123832 0 60 0.123832 1
gene 1 16 28 4.97047 0 61 4.97047 1
gene 1 16 29 -0.207973 0 62 -0.207973 1
gene 1 16 30 0.637277 0 63 0.637277 1
gene 1 16 31 -0.57372 0 64 -0.57372 1
gene 1 17 28 2.14671 0 65 2.14671 1
gene 1 17 29 -5 0 66 -5 1
gene 1 17 30 3.90173 0 67 3.90173 1
gene 1 17 31 -0.749671 0 68 -0.749671 1
gene 1 18 28 -0.18662 0 69 -0.18662 1
gene 1 18 29 -4.02648 0 70 -4.02648 1
gene 1 18 30 0.745331 0 71 0.745331 1
gene 1 18 31 -0.248646 0 72 -0.248646 1
gene 1 19 28 4.24562 0 73 4.24562 1
gene 1 19 29 -4.37891 0 74 -4.37891 1
gene 1 19 30 0.405622 0 75 0.405622 1
gene 1 19 31 2.93446 0 76 2.93446 1
gene 1 20 28 -0.70475 0 77 -0.70475 1
gene 1 20 29 -0.75719 0 78 -0.75719 1
gene 1 20 30 -0.0108113 0 79 -0.0108113 1
gene 1 20 31 0.391889 0 80 0.391889 1
gene 1 21 28 -0.908596 0 81 -0.908596 1
gene 1 21 29 0.227035 0 82 0.227035 1
gene 1 21 30 0.0940521 0 83 0.0940521 1
gene 1 21 31 -2.66279 0 84 -2.66279 1
gene 1 22 28 -0.553309 0 85 -0.553309 1
gene 1 22 29 0.0348868 0 86 0.0348868 1
gene 1 22 30 -1.05782 0 87 -1.05782 1
gene 1 22 31 -0.00994906 0 88 -0.00994906 1
gene 1 23 28 0.333313 0 89 0.333313 1
gene 1 23 29 -0.583815 0 90 -0.583815 1
gene 1 23 30 -0.160693 0 91 -0.160693 1
gene 1 23 31 1.32327 0 92 1.32327 1
gene 1 24 28 0.817792 0 93 0.817792 1
gene 1 24 29 -0.241123 0 94 -0.241123 1
gene 1 24 30 0.86262 0 95 0.86262 1
gene 1 24 31 -0.02531 0 96 -0.02531 1
gene 1 25 28 0.0374565 0 97 0.0374565 1
gene 1 25 29 0.370924 0 98 0.370924 1
gene 1 25 30 -0.404856 0 99 -0.404856 1
gene 1 25 31 -0.76255 0 100 -0.76255 1
gene 1 26 28 -0.369488 0 101 -0.369488 1
gene 1 26 29 -1.10137 0 102 -1.10137 1
gene 1 26 30 -0.523763 0 103 -0.523763 1
gene 1 26 31 0.951002 0 104 0.951002 1
gene 1 27 28 -5 0 105 -5 1
gene 1 27 29 1.63347 0 106 1.63347 1
gene 1 27 30 -0.241692 0 107 -0.241692 1
gene 1 27 31 -0.0599093 0 108 -0.0599093 1
genomeend 14


