/* Organism #9 Fitness: 8586.168000 Time: 0 */
genomestart 9
trait 1 0.590672 0.000000 0.770511 0.867897 1.000000 0.000000 0.922777 0.583729 
node 1 1 1 1
node 2 1 1 1
node 3 1 1 1
node 4 1 1 1
node 5 1 1 1
node 6 1 1 1
node 7 1 1 1
node 8 1 1 1
node 9 1 1 1
node 10 1 1 1
node 11 1 1 1
node 12 1 1 1
node 13 1 1 1
node 14 1 1 1
node 15 1 1 1
node 16 1 1 1
node 17 1 1 1
node 18 1 1 1
node 19 1 1 1
node 20 1 1 1
node 21 1 1 1
node 22 1 1 1
node 23 1 1 1
node 24 1 1 1
node 25 1 1 1
node 26 1 1 1
node 27 1 1 3
node 28 1 0 2
node 29 1 0 2
node 30 1 0 2
node 31 1 0 2
gene 1 1 28 0.667164 0 1 0.667164 1
gene 1 1 29 -2.60113 0 2 -2.60113 1
gene 1 1 30 2.8882 0 3 2.8882 1
gene 1 1 31 0.448045 0 4 0.448045 1
gene 1 2 28 -0.988995 0 5 -0.988995 1
gene 1 2 29 0.209899 0 6 0.209899 1
gene 1 2 30 -3.6873 0 7 -3.6873 1
gene 1 2 31 -1.73038 0 8 -1.73038 1
gene 1 3 28 2.1724 0 9 2.1724 1
gene 1 3 29 2.87949 0 10 2.87949 1
gene 1 3 30 -0.485921 0 11 -0.485921 1
gene 1 3 31 -0.00189077 0 12 -0.00189077 1
gene 1 4 28 1.09155 0 13 1.09155 1
gene 1 4 29 2.43849 0 14 2.43849 1
gene 1 4 30 -0.960114 0 15 -0.960114 1
gene 1 4 31 2.32354 0 16 2.32354 1
gene 1 5 28 1.64 0 17 1.64 1
gene 1 5 29 0.405762 0 18 0.405762 1
gene 1 5 30 -1.71347 0 19 -1.71347 1
gene 1 5 31 1.67646 0 20 1.67646 1
gene 1 6 28 1.84421 0 21 1.84421 1
gene 1 6 29 -0.545183 0 22 -0.545183 1
gene 1 6 30 0.648323 0 23 0.648323 1
gene 1 6 31 -0.313001 0 24 -0.313001 1
gene 1 7 28 4.15156 0 25 4.15156 1
gene 1 7 29 1.82111 0 26 1.82111 1
gene 1 7 30 1.1518 0 27 1.1518 1
gene 1 7 31 1.22051 0 28 1.22051 1
gene 1 8 28 1.37468 0 29 1.37468 1
gene 1 8 29 1.20395 0 30 1.20395 1
gene 1 8 30 3.48335 0 31 3.48335 1
gene 1 8 31 1.07458 0 32 1.07458 1
gene 1 9 28 -4.87127 0 33 -4.87127 1
gene 1 9 29 -3.30655 0 34 -3.30655 1
gene 1 9 30 -2.51262 0 35 -2.51262 1
gene 1 9 31 0.957576 0 36 0.957576 1
gene 1 10 28 -4.24446 0 37 -4.24446 1
gene 1 10 29 4.84136 0 38 4.84136 1
gene 1 10 30 3.94602 0 39 3.94602 1
gene 1 10 31 -3.61617 0 40 -3.61617 1
gene 1 11 28 1.21018 0 41 1.21018 1
gene 1 11 29 2.40547 0 42 2.40547 1
gene 1 11 30 -4.08128 0 43 -4.08128 1
gene 1 11 31 3.40874 0 44 3.40874 1
gene 1 12 28 0.748793 0 45 0.748793 1
gene 1 12 29 -2.07166 0 46 -2.07166 1
gene 1 12 30 -1.70981 0 47 -1.70981 1
gene 1 12 31 0.2778 0 48 0.2778 1
gene 1 13 28 1.47893 0 49 1.47893 1
gene 1 13 29 2.55332 0 50 2.55332 1
gene 1 13 30 -5 0 51 -5 1
gene 1 13 31 -0.866256 0 52 -0.866256 1
gene 1 14 28 2.71088 0 53 2.71088 1
gene 1 14 29 -5 0 54 -5 1
gene 1 14 30 -1.55445 0 55 -1.55445 1
gene 1 14 31 -5 0 56 -5 1
gene 1 15 28 -0.531054 0 57 -0.531054 1
gene 1 15 29 2.87094 0 58 2.87094 1
gene 1 15 30 0.739502 0 59 0.739502 1
gene 1 15 31 1.2573 0 60 1.2573 1
gene 1 16 28 -0.510286 0 61 -0.510286 1
gene 1 16 29 2.28282 0 62 2.28282 1
gene 1 16 30 0.915435 0 63 0.915435 1
gene 1 16 31 -1.71672 0 64 -1.71672 1
gene 1 17 28 -5 0 65 -5 1
gene 1 17 29 3.66488 0 66 3.66488 1
gene 1 17 30 -1.12697 0 67 -1.12697 1
gene 1 17 31 -4.60154 0 68 -4.60154 1
gene 1 18 28 0.31012 0 69 0.31012 1
gene 1 18 29 4.63146 0 70 4.63146 1
gene 1 18 30 -0.0693144 0 71 -0.0693144 1
gene 1 18 31 4.60859 0 72 4.60859 1
gene 1 19 28 -5 0 73 -5 1
gene 1 19 29 -1.13234 0 74 -1.13234 1
gene 1 19 30 1.05997 0 75 1.05997 1
gene 1 19 31 -4.55536 0 76 -4.55536 1
gene 1 20 28 -1.1006 0 77 -1.1006 1
gene 1 20 29 -0.132784 0 78 -0.132784 1
gene 1 20 30 -1.9761 0 79 -1.9761 1
gene 1 20 31 0.12715 0 80 0.12715 1
gene 1 21 28 -0.85878 0 81 -0.85878 1
gene 1 21 29 -0.102524 0 82 -0.102524 1
gene 1 21 30 -1.44534 0 83 -1.44534 1
gene 1 21 31 2.06697 0 84 2.06697 1
gene 1 22 28 -1.57068 0 85 -1.57068 1
gene 1 22 29 0.613896 0 86 0.613896 1
gene 1 22 30 3.80036 0 87 3.80036 1
gene 1 22 31 0.930165 0 88 0.930165 1
gene 1 23 28 -0.55317 0 89 -0.55317 1
gene 1 23 29 -0.213124 0 90 -0.213124 1
gene 1 23 30 -0.271297 0 91 -0.271297 1
gene 1 23 31 2.53777 0 92 2.53777 1
gene 1 24 28 0.101892 0 93 0.101892 1
gene 1 24 29 -0.0778705 0 94 -0.0778705 1
gene 1 24 30 -1.66345 0 95 -1.66345 1
gene 1 24 31 1.13884 0 96 1.13884 1
gene 1 25 28 0.912971 0 97 0.912971 1
gene 1 25 29 -0.245522 0 98 -0.245522 1
gene 1 25 30 1.3678 0 99 1.3678 1
gene 1 25 31 -0.827021 0 100 -0.827021 1
gene 1 26 28 0.354221 0 101 0.354221 1
gene 1 26 29 -0.712932 0 102 -0.712932 1
gene 1 26 30 0.180805 0 103 0.180805 1
gene 1 26 31 1.38236 0 104 1.38236 1
gene 1 27 28 0.00904692 0 105 0.00904692 1
gene 1 27 29 -5 0 106 -5 1
gene 1 27 30 1.15596 0 107 1.15596 1
gene 1 27 31 0.508241 0 108 0.508241 1
genomeend 9


