/* Organism #9 Fitness: 8604.532000 Time: 0 */
genomestart 9
trait 1 0.036340 0.000000 0.000000 0.692872 0.086575 0.000000 0.936091 0.389330 
node 1 1 1 1
node 2 1 1 1
node 3 1 1 1
node 4 1 1 1
node 5 1 1 1
node 6 1 1 1
node 7 1 1 1
node 8 1 1 1
node 9 1 1 1
node 10 1 1 1
node 11 1 1 1
node 12 1 1 1
node 13 1 1 1
node 14 1 1 1
node 15 1 1 1
node 16 1 1 1
node 17 1 1 1
node 18 1 1 1
node 19 1 1 1
node 20 1 1 1
node 21 1 1 1
node 22 1 1 1
node 23 1 1 1
node 24 1 1 1
node 25 1 1 1
node 26 1 1 1
node 27 1 1 3
node 28 1 0 2
node 29 1 0 2
node 30 1 0 2
node 31 1 0 2
gene 1 1 28 0.0497092 0 1 0.0497092 1
gene 1 1 29 -2.90646 0 2 -2.90646 1
gene 1 1 30 -1.59517 0 3 -1.59517 1
gene 1 1 31 -4.49954 0 4 -4.49954 1
gene 1 2 28 -1.18055 0 5 -1.18055 1
gene 1 2 29 3.78668 0 6 3.78668 1
gene 1 2 30 0.692227 0 7 0.692227 1
gene 1 2 31 -3.3535 0 8 -3.3535 1
gene 1 3 28 -2.6076 0 9 -2.6076 1
gene 1 3 29 4.34612 0 10 4.34612 1
gene 1 3 30 -0.0934165 0 11 -0.0934165 1
gene 1 3 31 -3.64814 0 12 -3.64814 1
gene 1 4 28 0.46043 0 13 0.46043 1
gene 1 4 29 3.19478 0 14 3.19478 1
gene 1 4 30 0.470189 0 15 0.470189 1
gene 1 4 31 1.55556 0 16 1.55556 1
gene 1 5 28 0.0639978 0 17 0.0639978 1
gene 1 5 29 1.29066 0 18 1.29066 1
gene 1 5 30 -0.469814 0 19 -0.469814 1
gene 1 5 31 2.36881 0 20 2.36881 1
gene 1 6 28 2.41918 0 21 2.41918 1
gene 1 6 29 -3.15406 0 22 -3.15406 1
gene 1 6 30 -4.50923 0 23 -4.50923 1
gene 1 6 31 -2.75786 0 24 -2.75786 1
gene 1 7 28 3.48179 0 25 3.48179 1
gene 1 7 29 0.366289 0 26 0.366289 1
gene 1 7 30 0.499055 0 27 0.499055 1
gene 1 7 31 1.30933 0 28 1.30933 1
gene 1 8 28 1.10862 0 29 1.10862 1
gene 1 8 29 -5 0 30 -5 1
gene 1 8 30 -0.76042 0 31 -0.76042 1
gene 1 8 31 1.39492 0 32 1.39492 1
gene 1 9 28 0.995494 0 33 0.995494 1
gene 1 9 29 -3.97797 0 34 -3.97797 1
gene 1 9 30 -3.37611 0 35 -3.37611 1
gene 1 9 31 0.255499 0 36 0.255499 1
gene 1 10 28 0.856459 0 37 0.856459 1
gene 1 10 29 1.37304 0 38 1.37304 1
gene 1 10 30 -1.77124 0 39 -1.77124 1
gene 1 10 31 0.723861 0 40 0.723861 1
gene 1 11 28 -0.565604 0 41 -0.565604 1
gene 1 11 29 -1.05943 0 42 -1.05943 1
gene 1 11 30 -1.81304 0 43 -1.81304 1
gene 1 11 31 1.97152 0 44 1.97152 1
gene 1 12 28 -1.63495 0 45 -1.63495 1
gene 1 12 29 2.1273 0 46 2.1273 1
gene 1 12 30 -1.32989 0 47 -1.32989 1
gene 1 12 31 -1.90987 0 48 -1.90987 1
gene 1 13 28 3.27798 0 49 3.27798 1
gene 1 13 29 -1.53229 0 50 -1.53229 1
gene 1 13 30 0.895184 0 51 0.895184 1
gene 1 13 31 -0.964729 0 52 -0.964729 1
gene 1 14 28 0.594096 0 53 0.594096 1
gene 1 14 29 -0.738275 0 54 -0.738275 1
gene 1 14 30 -0.191206 0 55 -0.191206 1
gene 1 14 31 -0.260191 0 56 -0.260191 1
gene 1 15 28 2.25714 0 57 2.25714 1
gene 1 15 29 -2.17169 0 58 -2.17169 1
gene 1 15 30 2.63387 0 59 2.63387 1
gene 1 15 31 -0.436065 0 60 -0.436065 1
gene 1 16 28 1.23442 0 61 1.23442 1
gene 1 16 29 4.38964 0 62 4.38964 1
gene 1 16 30 1.64101 0 63 1.64101 1
gene 1 16 31 4.14211 0 64 4.14211 1
gene 1 17 28 -3.30093 0 65 -3.30093 1
gene 1 17 29 2.04832 0 66 2.04832 1
gene 1 17 30 2.67089 0 67 2.67089 1
gene 1 17 31 0.988113 0 68 0.988113 1
gene 1 18 28 -2.32522 0 69 -2.32522 1
gene 1 18 29 3.96516 0 70 3.96516 1
gene 1 18 30 3.03469 0 71 3.03469 1
gene 1 18 31 -5 0 72 -5 1
gene 1 19 28 -5 0 73 -5 1
gene 1 19 29 0.964716 0 74 0.964716 1
gene 1 19 30 -4.81151 0 75 -4.81151 1
gene 1 19 31 -0.959986 0 76 -0.959986 1
gene 1 20 28 1.18025 0 77 1.18025 1
gene 1 20 29 0.440447 0 78 0.440447 1
gene 1 20 30 -0.580835 0 79 -0.580835 1
gene 1 20 31 -4.30186 0 80 -4.30186 1
gene 1 21 28 1.64366 0 81 1.64366 1
gene 1 21 29 2.30049 0 82 2.30049 1
gene 1 21 30 -1.27148 0 83 -1.27148 1
gene 1 21 31 -4.62036 0 84 -4.62036 1
gene 1 22 28 1.09216 0 85 1.09216 1
gene 1 22 29 0.213955 0 86 0.213955 1
gene 1 22 30 -4.00886 0 87 -4.00886 1
gene 1 22 31 -0.564103 0 88 -0.564103 1
gene 1 23 28 -0.255748 0 89 -0.255748 1
gene 1 23 29 -0.98868 0 90 -0.98868 1
gene 1 23 30 -1.65405 0 91 -1.65405 1
gene 1 23 31 -0.286394 0 92 -0.286394 1
gene 1 24 28 0.863652 0 93 0.863652 1
gene 1 24 29 -1.298 0 94 -1.298 1
gene 1 24 30 -0.465417 0 95 -0.465417 1
gene 1 24 31 2.20755 0 96 2.20755 1
gene 1 25 28 -0.424466 0 97 -0.424466 1
gene 1 25 29 0.0249191 0 98 0.0249191 1
gene 1 25 30 0.660051 0 99 0.660051 1
gene 1 25 31 -1.4986 0 100 -1.4986 1
gene 1 26 28 0.31072 0 101 0.31072 1
gene 1 26 29 -0.554426 0 102 -0.554426 1
gene 1 26 30 -0.265826 0 103 -0.265826 1
gene 1 26 31 -0.430405 0 104 -0.430405 1
gene 1 27 28 0.926054 0 105 0.926054 1
gene 1 27 29 -5 0 106 -5 1
gene 1 27 30 -0.867187 0 107 -0.867187 1
gene 1 27 31 -0.584102 0 108 -0.584102 1
genomeend 9


