/* Organism #9 Fitness: 8813.716000 Time: 0 */
genomestart 9
trait 1 0.000000 0.000000 0.326933 0.438115 0.847493 0.668508 0.000000 0.749849 
node 1 1 1 1
node 2 1 1 1
node 3 1 1 1
node 4 1 1 1
node 5 1 1 1
node 6 1 1 1
node 7 1 1 1
node 8 1 1 1
node 9 1 1 1
node 10 1 1 1
node 11 1 1 1
node 12 1 1 1
node 13 1 1 1
node 14 1 1 1
node 15 1 1 1
node 16 1 1 1
node 17 1 1 1
node 18 1 1 1
node 19 1 1 1
node 20 1 1 1
node 21 1 1 1
node 22 1 1 1
node 23 1 1 1
node 24 1 1 1
node 25 1 1 1
node 26 1 1 1
node 27 1 1 3
node 28 1 0 2
node 29 1 0 2
node 30 1 0 2
node 31 1 0 2
gene 1 1 28 -2.66924 0 1 -2.66924 1
gene 1 1 29 -0.818357 0 2 -0.818357 1
gene 1 1 30 0.390235 0 3 0.390235 1
gene 1 1 31 -1.71769 0 4 -1.71769 1
gene 1 2 28 -4.40349 0 5 -4.40349 1
gene 1 2 29 3.19357 0 6 3.19357 1
gene 1 2 30 -1.45235 0 7 -1.45235 1
gene 1 2 31 2.91161 0 8 2.91161 1
gene 1 3 28 -0.16618 0 9 -0.16618 1
gene 1 3 29 1.61728 0 10 1.61728 1
gene 1 3 30 1.40964 0 11 1.40964 1
gene 1 3 31 1.57812 0 12 1.57812 1
gene 1 4 28 0.696619 0 13 0.696619 1
gene 1 4 29 1.18662 0 14 1.18662 1
gene 1 4 30 2.46866 0 15 2.46866 1
gene 1 4 31 0.287113 0 16 0.287113 1
gene 1 5 28 0.824319 0 17 0.824319 1
gene 1 5 29 2.44234 0 18 2.44234 1
gene 1 5 30 -1.11938 0 19 -1.11938 1
gene 1 5 31 2.9781 0 20 2.9781 1
gene 1 6 28 4.84702 0 21 4.84702 1
gene 1 6 29 -0.481052 0 22 -0.481052 1
gene 1 6 30 4.40877 0 23 4.40877 1
gene 1 6 31 -0.360021 0 24 -0.360021 1
gene 1 7 28 5 0 25 5 1
gene 1 7 29 -1.14774 0 26 -1.14774 1
gene 1 7 30 -3.77473 0 27 -3.77473 1
gene 1 7 31 -2.21104 0 28 -2.21104 1
gene 1 8 28 1.73138 0 29 1.73138 1
gene 1 8 29 -2.82388 0 30 -2.82388 1
gene 1 8 30 -1.21884 0 31 -1.21884 1
gene 1 8 31 -0.279743 0 32 -0.279743 1
gene 1 9 28 -1.8135 0 33 -1.8135 1
gene 1 9 29 3.38919 0 34 3.38919 1
gene 1 9 30 -1.32324 0 35 -1.32324 1
gene 1 9 31 -2.83251 0 36 -2.83251 1
gene 1 10 28 0.455124 0 37 0.455124 1
gene 1 10 29 -2.31696 0 38 -2.31696 1
gene 1 10 30 1.3808 0 39 1.3808 1
gene 1 10 31 0.477237 0 40 0.477237 1
gene 1 11 28 1.04297 0 41 1.04297 1
gene 1 11 29 0.0136804 0 42 0.0136804 1
gene 1 11 30 -3.36516 0 43 -3.36516 1
gene 1 11 31 -1.07023 0 44 -1.07023 1
gene 1 12 28 -1.50194 0 45 -1.50194 1
gene 1 12 29 2.35497 0 46 2.35497 1
gene 1 12 30 -1.50813 0 47 -1.50813 1
gene 1 12 31 1.03882 0 48 1.03882 1
gene 1 13 28 1.98667 0 49 1.98667 1
gene 1 13 29 -3.79824 0 50 -3.79824 1
gene 1 13 30 0.852034 0 51 0.852034 1
gene 1 13 31 1.00769 0 52 1.00769 1
gene 1 14 28 4.73918 0 53 4.73918 1
gene 1 14 29 -2.78656 0 54 -2.78656 1
gene 1 14 30 3.63253 0 55 3.63253 1
gene 1 14 31 0.351379 0 56 0.351379 1
gene 1 15 28 2.04016 0 57 2.04016 1
gene 1 15 29 0.308374 0 58 0.308374 1
gene 1 15 30 -0.752979 0 59 -0.752979 1
gene 1 15 31 -3.95195 0 60 -3.95195 1
gene 1 16 28 2.49269 0 61 2.49269 1
gene 1 16 29 2.62592 0 62 2.62592 1
gene 1 16 30 -1.55061 0 63 -1.55061 1
gene 1 16 31 -0.027056 0 64 -0.027056 1
gene 1 17 28 1.68123 0 65 1.68123 1
gene 1 17 29 -4.13737 0 66 -4.13737 1
gene 1 17 30 2.8743 0 67 2.8743 1
gene 1 17 31 1.37436 0 68 1.37436 1
gene 1 18 28 2.39372 0 69 2.39372 1
gene 1 18 29 -4.62476 0 70 -4.62476 1
gene 1 18 30 2.76613 0 71 2.76613 1
gene 1 18 31 0.610209 0 72 0.610209 1
gene 1 19 28 3.08095 0 73 3.08095 1
gene 1 19 29 -4.79673 0 74 -4.79673 1
gene 1 19 30 2.12616 0 75 2.12616 1
gene 1 19 31 -1.12776 0 76 -1.12776 1
gene 1 20 28 -1.81113 0 77 -1.81113 1
gene 1 20 29 -1.30373 0 78 -1.30373 1
gene 1 20 30 3.68941 0 79 3.68941 1
gene 1 20 31 0.331779 0 80 0.331779 1
gene 1 21 28 2.05611 0 81 2.05611 1
gene 1 21 29 -2.40993 0 82 -2.40993 1
gene 1 21 30 3.07845 0 83 3.07845 1
gene 1 21 31 -2.89843 0 84 -2.89843 1
gene 1 22 28 0.543249 0 85 0.543249 1
gene 1 22 29 -0.215944 0 86 -0.215944 1
gene 1 22 30 -0.703788 0 87 -0.703788 1
gene 1 22 31 -0.554303 0 88 -0.554303 1
gene 1 23 28 0.487853 0 89 0.487853 1
gene 1 23 29 -2.43883 0 90 -2.43883 1
gene 1 23 30 1.99885 0 91 1.99885 1
gene 1 23 31 1.13118 0 92 1.13118 1
gene 1 24 28 -1.06096 0 93 -1.06096 1
gene 1 24 29 0.501915 0 94 0.501915 1
gene 1 24 30 -0.738649 0 95 -0.738649 1
gene 1 24 31 0.686471 0 96 0.686471 1
gene 1 25 28 -0.557874 0 97 -0.557874 1
gene 1 25 29 0.428472 0 98 0.428472 1
gene 1 25 30 -0.442178 0 99 -0.442178 1
gene 1 25 31 -1.67012 0 100 -1.67012 1
gene 1 26 28 0.0995695 0 101 0.0995695 1
gene 1 26 29 1.19903 0 102 1.19903 1
gene 1 26 30 0.0243519 0 103 0.0243519 1
gene 1 26 31 -1.89365 0 104 -1.89365 1
gene 1 27 28 -5 0 105 -5 1
gene 1 27 29 1.75724 0 106 1.75724 1
gene 1 27 30 0.230914 0 107 0.230914 1
gene 1 27 31 0.368035 0 108 0.368035 1
genomeend 9


