/* Organism #3 Fitness: 6776.250000 Time: 0 */
genomestart 3
trait 1 0.086072 0.000000 0.000000 1.000000 0.000000 1.000000 0.000000 1.000000 
node 1 1 1 1
node 2 1 1 1
node 3 1 1 1
node 4 1 1 1
node 5 1 1 1
node 6 1 1 1
node 7 1 1 1
node 8 1 1 1
node 9 1 1 1
node 10 1 1 1
node 11 1 1 1
node 12 1 1 1
node 13 1 1 1
node 14 1 1 1
node 15 1 1 1
node 16 1 1 1
node 17 1 1 1
node 18 1 1 1
node 19 1 1 1
node 20 1 1 1
node 21 1 1 1
node 22 1 1 1
node 23 1 1 1
node 24 1 1 1
node 25 1 1 1
node 26 1 1 1
node 27 1 1 3
node 28 1 0 2
node 29 1 0 2
node 30 1 0 2
node 31 1 0 2
gene 1 1 28 -0.0136575 0 1 -0.0136575 1
gene 1 1 29 -4.08608 0 2 -4.08608 1
gene 1 1 30 -1.20855 0 3 -1.20855 1
gene 1 1 31 0.549648 0 4 0.549648 1
gene 1 2 28 0.120326 0 5 0.120326 1
gene 1 2 29 4.31492 0 6 4.31492 1
gene 1 2 30 2.37623 0 7 2.37623 1
gene 1 2 31 -0.445234 0 8 -0.445234 1
gene 1 3 28 1.70559 0 9 1.70559 1
gene 1 3 29 1.69801 0 10 1.69801 1
gene 1 3 30 0.0358769 0 11 0.0358769 1
gene 1 3 31 0.134788 0 12 0.134788 1
gene 1 4 28 0.00560122 0 13 0.00560122 1
gene 1 4 29 5 0 14 5 1
gene 1 4 30 1.68414 0 15 1.68414 1
gene 1 4 31 0.38016 0 16 0.38016 1
gene 1 5 28 -3.44505 0 17 -3.44505 1
gene 1 5 29 0.416611 0 18 0.416611 1
gene 1 5 30 -1.97222 0 19 -1.97222 1
gene 1 5 31 2.80314 0 20 2.80314 1
gene 1 6 28 -0.859911 0 21 -0.859911 1
gene 1 6 29 -0.770088 0 22 -0.770088 1
gene 1 6 30 -0.473058 0 23 -0.473058 1
gene 1 6 31 -0.0372761 0 24 -0.0372761 1
gene 1 7 28 0.364593 0 25 0.364593 1
gene 1 7 29 0.61867 0 26 0.61867 1
gene 1 7 30 1.18468 0 27 1.18468 1
gene 1 7 31 0.787434 0 28 0.787434 1
gene 1 8 28 -0.781376 0 29 -0.781376 1
gene 1 8 29 0.812942 0 30 0.812942 1
gene 1 8 30 -0.289769 0 31 -0.289769 1
gene 1 8 31 0.473509 0 32 0.473509 1
gene 1 9 28 0.833703 0 33 0.833703 1
gene 1 9 29 -3.36087 0 34 -3.36087 1
gene 1 9 30 -0.547199 0 35 -0.547199 1
gene 1 9 31 -0.952464 0 36 -0.952464 1
gene 1 10 28 -0.261974 0 37 -0.261974 1
gene 1 10 29 1.13958 0 38 1.13958 1
gene 1 10 30 0.675039 0 39 0.675039 1
gene 1 10 31 0.394862 0 40 0.394862 1
gene 1 11 28 -0.91264 0 41 -0.91264 1
gene 1 11 29 -2.52386 0 42 -2.52386 1
gene 1 11 30 -2.39052 0 43 -2.39052 1
gene 1 11 31 4.80684 0 44 4.80684 1
gene 1 12 28 -0.63675 0 45 -0.63675 1
gene 1 12 29 -1.34097 0 46 -1.34097 1
gene 1 12 30 3.39773 0 47 3.39773 1
gene 1 12 31 -1.12106 0 48 -1.12106 1
gene 1 13 28 -2.56932 0 49 -2.56932 1
gene 1 13 29 -0.713099 0 50 -0.713099 1
gene 1 13 30 4.49572 0 51 4.49572 1
gene 1 13 31 -0.697751 0 52 -0.697751 1
gene 1 14 28 0.328437 0 53 0.328437 1
gene 1 14 29 -0.056338 0 54 -0.056338 1
gene 1 14 30 0.742741 0 55 0.742741 1
gene 1 14 31 -1.42944 0 56 -1.42944 1
gene 1 15 28 -0.0876347 0 57 -0.0876347 1
gene 1 15 29 4.19724 0 58 4.19724 1
gene 1 15 30 -1.68742 0 59 -1.68742 1
gene 1 15 31 0.946118 0 60 0.946118 1
gene 1 16 28 1.31399 0 61 1.31399 1
gene 1 16 29 -0.27567 0 62 -0.27567 1
gene 1 16 30 -0.587209 0 63 -0.587209 1
gene 1 16 31 1.66741 0 64 1.66741 1
gene 1 17 28 0.449188 0 65 0.449188 1
gene 1 17 29 -1.9681 0 66 -1.9681 1
gene 1 17 30 1.11263 0 67 1.11263 1
gene 1 17 31 -0.518553 0 68 -0.518553 1
gene 1 18 28 -0.270978 0 69 -0.270978 1
gene 1 18 29 -4.74246 0 70 -4.74246 1
gene 1 18 30 2.96807 0 71 2.96807 1
gene 1 18 31 2.13005 0 72 2.13005 1
gene 1 19 28 0.233584 0 73 0.233584 1
gene 1 19 29 -4.25922 0 74 -4.25922 1
gene 1 19 30 1.51471 0 75 1.51471 1
gene 1 19 31 4.4788 0 76 4.4788 1
gene 1 20 28 -1.89847 0 77 -1.89847 1
gene 1 20 29 1.60527 0 78 1.60527 1
gene 1 20 30 3.30434 0 79 3.30434 1
gene 1 20 31 -0.809287 0 80 -0.809287 1
gene 1 21 28 0.786668 0 81 0.786668 1
gene 1 21 29 -0.571621 0 82 -0.571621 1
gene 1 21 30 1.57994 0 83 1.57994 1
gene 1 21 31 -4.20039 0 84 -4.20039 1
gene 1 22 28 -1.73873 0 85 -1.73873 1
gene 1 22 29 -2.78435 0 86 -2.78435 1
gene 1 22 30 4.61329 0 87 4.61329 1
gene 1 22 31 2.47989 0 88 2.47989 1
gene 1 23 28 -1.14299 0 89 -1.14299 1
gene 1 23 29 -0.0619182 0 90 -0.0619182 1
gene 1 23 30 1.20827 0 91 1.20827 1
gene 1 23 31 0.382562 0 92 0.382562 1
gene 1 24 28 -0.148477 0 93 -0.148477 1
gene 1 24 29 0.486435 0 94 0.486435 1
gene 1 24 30 0.862951 0 95 0.862951 1
gene 1 24 31 -0.616032 0 96 -0.616032 1
gene 1 25 28 -0.326074 0 97 -0.326074 1
gene 1 25 29 1.03619 0 98 1.03619 1
gene 1 25 30 1.69825 0 99 1.69825 1
gene 1 25 31 -0.655174 0 100 -0.655174 1
gene 1 26 28 -0.724243 0 101 -0.724243 1
gene 1 26 29 -0.286387 0 102 -0.286387 1
gene 1 26 30 -0.631923 0 103 -0.631923 1
gene 1 26 31 2.06851 0 104 2.06851 1
gene 1 27 28 -2.09066 0 105 -2.09066 1
gene 1 27 29 0.0580937 0 106 0.0580937 1
gene 1 27 30 1.54939 0 107 1.54939 1
gene 1 27 31 -1.50286 0 108 -1.50286 1
genomeend 3


