/* Organism #9 Fitness: 8645.140000 Time: 0 */
genomestart 9
trait 1 0.100000 0.000000 0.000000 0.000000 0.000000 0.000000 0.000000 0.000000 
node 1 1 1 1
node 2 1 1 1
node 3 1 1 1
node 4 1 1 1
node 5 1 1 1
node 6 1 1 1
node 7 1 1 1
node 8 1 1 1
node 9 1 1 1
node 10 1 1 1
node 11 1 1 1
node 12 1 1 1
node 13 1 1 1
node 14 1 1 1
node 15 1 1 1
node 16 1 1 1
node 17 1 1 1
node 18 1 1 1
node 19 1 1 1
node 20 1 1 1
node 21 1 1 1
node 22 1 1 1
node 23 1 1 1
node 24 1 1 1
node 25 1 1 1
node 26 1 1 1
node 27 1 1 3
node 28 1 0 2
node 29 1 0 2
node 30 1 0 2
node 31 1 0 2
gene 1 1 28 -0.293577 0 1 -0.293577 1
gene 1 1 29 -2.144 0 2 -2.144 1
gene 1 1 30 -0.896819 0 3 -0.896819 1
gene 1 1 31 0.689646 0 4 0.689646 1
gene 1 2 28 -0.589588 0 5 -0.589588 1
gene 1 2 29 2.63826 0 6 2.63826 1
gene 1 2 30 -0.188351 0 7 -0.188351 1
gene 1 2 31 -0.313805 0 8 -0.313805 1
gene 1 3 28 -0.189754 0 9 -0.189754 1
gene 1 3 29 1.80155 0 10 1.80155 1
gene 1 3 30 2.70781 0 11 2.70781 1
gene 1 3 31 2.21784 0 12 2.21784 1
gene 1 4 28 0.812374 0 13 0.812374 1
gene 1 4 29 3.19822 0 14 3.19822 1
gene 1 4 30 0.00545703 0 15 0.00545703 1
gene 1 4 31 4.23074 0 16 4.23074 1
gene 1 5 28 1.85256 0 17 1.85256 1
gene 1 5 29 2.10881 0 18 2.10881 1
gene 1 5 30 -1.89183 0 19 -1.89183 1
gene 1 5 31 -2.31359 0 20 -2.31359 1
gene 1 6 28 2.15356 0 21 2.15356 1
gene 1 6 29 -0.286873 0 22 -0.286873 1
gene 1 6 30 0.747925 0 23 0.747925 1
gene 1 6 31 -0.392512 0 24 -0.392512 1
gene 1 7 28 3.40784 0 25 3.40784 1
gene 1 7 29 2.07007 0 26 2.07007 1
gene 1 7 30 0.12994 0 27 0.12994 1
gene 1 7 31 -2.58969 0 28 -2.58969 1
gene 1 8 28 0.394463 0 29 0.394463 1
gene 1 8 29 -0.36916 0 30 -0.36916 1
gene 1 8 30 0.452779 0 31 0.452779 1
gene 1 8 31 0.0851685 0 32 0.0851685 1
gene 1 9 28 -0.355615 0 33 -0.355615 1
gene 1 9 29 2.48073 0 34 2.48073 1
gene 1 9 30 -0.0286852 0 35 -0.0286852 1
gene 1 9 31 0.470714 0 36 0.470714 1
gene 1 10 28 -1.10038 0 37 -1.10038 1
gene 1 10 29 0.0668735 0 38 0.0668735 1
gene 1 10 30 1.97831 0 39 1.97831 1
gene 1 10 31 -3.39154 0 40 -3.39154 1
gene 1 11 28 -2.7343 0 41 -2.7343 1
gene 1 11 29 5 0 42 5 1
gene 1 11 30 1.58121 0 43 1.58121 1
gene 1 11 31 0.74589 0 44 0.74589 1
gene 1 12 28 -1.88729 0 45 -1.88729 1
gene 1 12 29 -1.43157 0 46 -1.43157 1
gene 1 12 30 0.206969 0 47 0.206969 1
gene 1 12 31 -2.5385 0 48 -2.5385 1
gene 1 13 28 -3.7378 0 49 -3.7378 1
gene 1 13 29 3.24755 0 50 3.24755 1
gene 1 13 30 -1.63842 0 51 -1.63842 1
gene 1 13 31 -0.493136 0 52 -0.493136 1
gene 1 14 28 0.70583 0 53 0.70583 1
gene 1 14 29 2.54488 0 54 2.54488 1
gene 1 14 30 1.76387 0 55 1.76387 1
gene 1 14 31 -1.97397 0 56 -1.97397 1
gene 1 15 28 -0.226431 0 57 -0.226431 1
gene 1 15 29 0.230676 0 58 0.230676 1
gene 1 15 30 -0.41074 0 59 -0.41074 1
gene 1 15 31 0.192709 0 60 0.192709 1
gene 1 16 28 0.785434 0 61 0.785434 1
gene 1 16 29 -0.56464 0 62 -0.56464 1
gene 1 16 30 0.0312535 0 63 0.0312535 1
gene 1 16 31 0.74105 0 64 0.74105 1
gene 1 17 28 1.42786 0 65 1.42786 1
gene 1 17 29 -4.70114 0 66 -4.70114 1
gene 1 17 30 1.53039 0 67 1.53039 1
gene 1 17 31 1.0115 0 68 1.0115 1
gene 1 18 28 1.95442 0 69 1.95442 1
gene 1 18 29 -0.493642 0 70 -0.493642 1
gene 1 18 30 -0.70512 0 71 -0.70512 1
gene 1 18 31 -1.33357 0 72 -1.33357 1
gene 1 19 28 0.98298 0 73 0.98298 1
gene 1 19 29 -5 0 74 -5 1
gene 1 19 30 3.58792 0 75 3.58792 1
gene 1 19 31 2.05797 0 76 2.05797 1
gene 1 20 28 0.972568 0 77 0.972568 1
gene 1 20 29 0.0281022 0 78 0.0281022 1
gene 1 20 30 -1.35794 0 79 -1.35794 1
gene 1 20 31 4.98289 0 80 4.98289 1
gene 1 21 28 -0.55487 0 81 -0.55487 1
gene 1 21 29 -0.958473 0 82 -0.958473 1
gene 1 21 30 -1.7903 0 83 -1.7903 1
gene 1 21 31 -1.38884 0 84 -1.38884 1
gene 1 22 28 -0.290003 0 85 -0.290003 1
gene 1 22 29 -2.21152 0 86 -2.21152 1
gene 1 22 30 -1.68804 0 87 -1.68804 1
gene 1 22 31 0.3254 0 88 0.3254 1
gene 1 23 28 1.62623 0 89 1.62623 1
gene 1 23 29 0.618797 0 90 0.618797 1
gene 1 23 30 -0.165942 0 91 -0.165942 1
gene 1 23 31 -0.0790557 0 92 -0.0790557 1
gene 1 24 28 0.86421 0 93 0.86421 1
gene 1 24 29 -0.995543 0 94 -0.995543 1
gene 1 24 30 2.19461 0 95 2.19461 1
gene 1 24 31 -1.14544 0 96 -1.14544 1
gene 1 25 28 0.396722 0 97 0.396722 1
gene 1 25 29 -0.68872 0 98 -0.68872 1
gene 1 25 30 2.15523 0 99 2.15523 1
gene 1 25 31 -0.462102 0 100 -0.462102 1
gene 1 26 28 -0.158705 0 101 -0.158705 1
gene 1 26 29 -0.122978 0 102 -0.122978 1
gene 1 26 30 -1.50544 0 103 -1.50544 1
gene 1 26 31 -0.672492 0 104 -0.672492 1
gene 1 27 28 -4.68469 0 105 -4.68469 1
gene 1 27 29 1.55687 0 106 1.55687 1
gene 1 27 30 0.520038 0 107 0.520038 1
gene 1 27 31 -0.257977 0 108 -0.257977 1
genomeend 9


