/* Organism #12 Fitness: 8546.620000 Time: 0 */
genomestart 12
trait 1 0.000000 0.982510 1.000000 0.000000 0.221031 0.000000 0.843643 0.000000 
node 1 1 1 1
node 2 1 1 1
node 3 1 1 1
node 4 1 1 1
node 5 1 1 1
node 6 1 1 1
node 7 1 1 1
node 8 1 1 1
node 9 1 1 1
node 10 1 1 1
node 11 1 1 1
node 12 1 1 1
node 13 1 1 1
node 14 1 1 1
node 15 1 1 1
node 16 1 1 1
node 17 1 1 1
node 18 1 1 1
node 19 1 1 1
node 20 1 1 1
node 21 1 1 1
node 22 1 1 1
node 23 1 1 1
node 24 1 1 1
node 25 1 1 1
node 26 1 1 1
node 27 1 1 3
node 28 1 0 2
node 29 1 0 2
node 30 1 0 2
node 31 1 0 2
gene 1 1 28 -1.3159 0 1 -1.3159 1
gene 1 1 29 -0.0508409 0 2 -0.0508409 1
gene 1 1 30 -0.346539 0 3 -0.346539 1
gene 1 1 31 2.33397 0 4 2.33397 1
gene 1 2 28 0.0837248 0 5 0.0837248 1
gene 1 2 29 0.249764 0 6 0.249764 1
gene 1 2 30 4.76908 0 7 4.76908 1
gene 1 2 31 0.7012 0 8 0.7012 1
gene 1 3 28 -1.58167 0 9 -1.58167 1
gene 1 3 29 0.677408 0 10 0.677408 1
gene 1 3 30 -2.14542 0 11 -2.14542 1
gene 1 3 31 0.552249 0 12 0.552249 1
gene 1 4 28 2.87094 0 13 2.87094 1
gene 1 4 29 0.576893 0 14 0.576893 1
gene 1 4 30 0.591861 0 15 0.591861 1
gene 1 4 31 3.55241 0 16 3.55241 1
gene 1 5 28 4.24355 0 17 4.24355 1
gene 1 5 29 -1.00294 0 18 -1.00294 1
gene 1 5 30 -0.45811 0 19 -0.45811 1
gene 1 5 31 -0.321453 0 20 -0.321453 1
gene 1 6 28 0.444016 0 21 0.444016 1
gene 1 6 29 0.748094 0 22 0.748094 1
gene 1 6 30 0.0883951 0 23 0.0883951 1
gene 1 6 31 -3.55333 0 24 -3.55333 1
gene 1 7 28 1.38609 0 25 1.38609 1
gene 1 7 29 0.568706 0 26 0.568706 1
gene 1 7 30 0.782433 0 27 0.782433 1
gene 1 7 31 0.824682 0 28 0.824682 1
gene 1 8 28 5 0 29 5 1
gene 1 8 29 -0.703279 0 30 -0.703279 1
gene 1 8 30 -2.38025 0 31 -2.38025 1
gene 1 8 31 1.2344 0 32 1.2344 1
gene 1 9 28 -0.446003 0 33 -0.446003 1
gene 1 9 29 -0.405084 0 34 -0.405084 1
gene 1 9 30 1.12891 0 35 1.12891 1
gene 1 9 31 -4.16374 0 36 -4.16374 1
gene 1 10 28 0.998423 0 37 0.998423 1
gene 1 10 29 0.185599 0 38 0.185599 1
gene 1 10 30 1.96981 0 39 1.96981 1
gene 1 10 31 -0.653327 0 40 -0.653327 1
gene 1 11 28 -0.727508 0 41 -0.727508 1
gene 1 11 29 0.314693 0 42 0.314693 1
gene 1 11 30 0.905163 0 43 0.905163 1
gene 1 11 31 3.06452 0 44 3.06452 1
gene 1 12 28 5 0 45 5 1
gene 1 12 29 -1.05595 0 46 -1.05595 1
gene 1 12 30 0.995832 0 47 0.995832 1
gene 1 12 31 0.23066 0 48 0.23066 1
gene 1 13 28 0.425851 0 49 0.425851 1
gene 1 13 29 -1.04905 0 50 -1.04905 1
gene 1 13 30 -1.18338 0 51 -1.18338 1
gene 1 13 31 -1.17049 0 52 -1.17049 1
gene 1 14 28 -0.510409 0 53 -0.510409 1
gene 1 14 29 -0.787729 0 54 -0.787729 1
gene 1 14 30 0.0806917 0 55 0.0806917 1
gene 1 14 31 -0.479785 0 56 -0.479785 1
gene 1 15 28 -2.34395 0 57 -2.34395 1
gene 1 15 29 -0.4979 0 58 -0.4979 1
gene 1 15 30 1.50259 0 59 1.50259 1
gene 1 15 31 -4.52567 0 60 -4.52567 1
gene 1 16 28 -0.395787 0 61 -0.395787 1
gene 1 16 29 0.689093 0 62 0.689093 1
gene 1 16 30 -3.27826 0 63 -3.27826 1
gene 1 16 31 -0.181504 0 64 -0.181504 1
gene 1 17 28 0.771783 0 65 0.771783 1
gene 1 17 29 -4.97415 0 66 -4.97415 1
gene 1 17 30 1.41713 0 67 1.41713 1
gene 1 17 31 -5 0 68 -5 1
gene 1 18 28 4.36702 0 69 4.36702 1
gene 1 18 29 -4.14867 0 70 -4.14867 1
gene 1 18 30 3.39212 0 71 3.39212 1
gene 1 18 31 0.877398 0 72 0.877398 1
gene 1 19 28 2.33211 0 73 2.33211 1
gene 1 19 29 0.132975 0 74 0.132975 1
gene 1 19 30 1.32658 0 75 1.32658 1
gene 1 19 31 -0.813476 0 76 -0.813476 1
gene 1 20 28 -0.293052 0 77 -0.293052 1
gene 1 20 29 -1.53493 0 78 -1.53493 1
gene 1 20 30 -4.74841 0 79 -4.74841 1
gene 1 20 31 0.890423 0 80 0.890423 1
gene 1 21 28 -0.0108873 0 81 -0.0108873 1
gene 1 21 29 0.728888 0 82 0.728888 1
gene 1 21 30 1.69523 0 83 1.69523 1
gene 1 21 31 -0.171477 0 84 -0.171477 1
gene 1 22 28 -1.79278 0 85 -1.79278 1
gene 1 22 29 -0.130814 0 86 -0.130814 1
gene 1 22 30 0.949263 0 87 0.949263 1
gene 1 22 31 -0.177682 0 88 -0.177682 1
gene 1 23 28 -0.222199 0 89 -0.222199 1
gene 1 23 29 -0.567349 0 90 -0.567349 1
gene 1 23 30 0.285144 0 91 0.285144 1
gene 1 23 31 1.83941 0 92 1.83941 1
gene 1 24 28 -0.479144 0 93 -0.479144 1
gene 1 24 29 1.7683 0 94 1.7683 1
gene 1 24 30 1.22251 0 95 1.22251 1
gene 1 24 31 1.92046 0 96 1.92046 1
gene 1 25 28 -1.06396 0 97 -1.06396 1
gene 1 25 29 -0.858909 0 98 -0.858909 1
gene 1 25 30 -1.35483 0 99 -1.35483 1
gene 1 25 31 2.68987 0 100 2.68987 1
gene 1 26 28 -0.166747 0 101 -0.166747 1
gene 1 26 29 1.22221 0 102 1.22221 1
gene 1 26 30 1.49776 0 103 1.49776 1
gene 1 26 31 0.692454 0 104 0.692454 1
gene 1 27 28 -5 0 105 -5 1
gene 1 27 29 1.25108 0 106 1.25108 1
gene 1 27 30 -1.37664 0 107 -1.37664 1
gene 1 27 31 0.329095 0 108 0.329095 1
genomeend 12


