/* Organism #0 Fitness: 7295.858000 Time: 0 */
genomestart 0
trait 1 0.587861 0.000000 0.263790 0.000000 0.267948 0.515527 0.536653 0.000000 
node 1 1 1 1
node 2 1 1 1
node 3 1 1 1
node 4 1 1 1
node 5 1 1 1
node 6 1 1 1
node 7 1 1 1
node 8 1 1 1
node 9 1 1 1
node 10 1 1 1
node 11 1 1 1
node 12 1 1 1
node 13 1 1 1
node 14 1 1 1
node 15 1 1 1
node 16 1 1 1
node 17 1 1 1
node 18 1 1 1
node 19 1 1 1
node 20 1 1 1
node 21 1 1 1
node 22 1 1 1
node 23 1 1 1
node 24 1 1 1
node 25 1 1 1
node 26 1 1 1
node 27 1 1 3
node 28 1 0 2
node 29 1 0 2
node 30 1 0 2
node 31 1 0 2
gene 1 1 28 -3.72326 0 1 -3.72326 1
gene 1 1 29 -0.504804 0 2 -0.504804 1
gene 1 1 30 4.97657 0 3 4.97657 1
gene 1 1 31 2.155 0 4 2.155 1
gene 1 2 28 0.739137 0 5 0.739137 1
gene 1 2 29 -0.666057 0 6 -0.666057 1
gene 1 2 30 0.704338 0 7 0.704338 1
gene 1 2 31 0.11515 0 8 0.11515 1
gene 1 3 28 0.841656 0 9 0.841656 1
gene 1 3 29 -1.90601 0 10 -1.90601 1
gene 1 3 30 1.97266 0 11 1.97266 1
gene 1 3 31 -0.0375743 0 12 -0.0375743 1
gene 1 4 28 2.22061 0 13 2.22061 1
gene 1 4 29 -1.62256 0 14 -1.62256 1
gene 1 4 30 -0.725597 0 15 -0.725597 1
gene 1 4 31 -4.13472 0 16 -4.13472 1
gene 1 5 28 -0.112068 0 17 -0.112068 1
gene 1 5 29 -1.59224 0 18 -1.59224 1
gene 1 5 30 2.13851 0 19 2.13851 1
gene 1 5 31 1.3351 0 20 1.3351 1
gene 1 6 28 1.60301 0 21 1.60301 1
gene 1 6 29 -0.270335 0 22 -0.270335 1
gene 1 6 30 -3.41475 0 23 -3.41475 1
gene 1 6 31 -1.15186 0 24 -1.15186 1
gene 1 7 28 3.35396 0 25 3.35396 1
gene 1 7 29 -0.802204 0 26 -0.802204 1
gene 1 7 30 1.61818 0 27 1.61818 1
gene 1 7 31 -1.49742 0 28 -1.49742 1
gene 1 8 28 -0.106017 0 29 -0.106017 1
gene 1 8 29 -1.58183 0 30 -1.58183 1
gene 1 8 30 -1.76912 0 31 -1.76912 1
gene 1 8 31 5 0 32 5 1
gene 1 9 28 4.05854 0 33 4.05854 1
gene 1 9 29 3.55251 0 34 3.55251 1
gene 1 9 30 -3.91774 0 35 -3.91774 1
gene 1 9 31 0.107511 0 36 0.107511 1
gene 1 10 28 -0.969438 0 37 -0.969438 1
gene 1 10 29 0.530632 0 38 0.530632 1
gene 1 10 30 -1.07002 0 39 -1.07002 1
gene 1 10 31 -3.77385 0 40 -3.77385 1
gene 1 11 28 -0.0582772 0 41 -0.0582772 1
gene 1 11 29 1.61554 0 42 1.61554 1
gene 1 11 30 0.153587 0 43 0.153587 1
gene 1 11 31 -1.43449 0 44 -1.43449 1
gene 1 12 28 1.90438 0 45 1.90438 1
gene 1 12 29 2.17258 0 46 2.17258 1
gene 1 12 30 0.837642 0 47 0.837642 1
gene 1 12 31 2.44069 0 48 2.44069 1
gene 1 13 28 -3.33036 0 49 -3.33036 1
gene 1 13 29 -2.20826 0 50 -2.20826 1
gene 1 13 30 -0.482419 0 51 -0.482419 1
gene 1 13 31 0.335472 0 52 0.335472 1
gene 1 14 28 1.91177 0 53 1.91177 1
gene 1 14 29 1.31589 0 54 1.31589 1
gene 1 14 30 1.28051 0 55 1.28051 1
gene 1 14 31 -2.18458 0 56 -2.18458 1
gene 1 15 28 1.21311 0 57 1.21311 1
gene 1 15 29 0.542286 0 58 0.542286 1
gene 1 15 30 -0.0608906 0 59 -0.0608906 1
gene 1 15 31 2.53631 0 60 2.53631 1
gene 1 16 28 0.655374 0 61 0.655374 1
gene 1 16 29 1.00947 0 62 1.00947 1
gene 1 16 30 -0.987824 0 63 -0.987824 1
gene 1 16 31 -0.0539087 0 64 -0.0539087 1
gene 1 17 28 -4.39063 0 65 -4.39063 1
gene 1 17 29 -0.94656 0 66 -0.94656 1
gene 1 17 30 -0.472057 0 67 -0.472057 1
gene 1 17 31 0.564846 0 68 0.564846 1
gene 1 18 28 -2.10493 0 69 -2.10493 1
gene 1 18 29 -2.39151 0 70 -2.39151 1
gene 1 18 30 2.23352 0 71 2.23352 1
gene 1 18 31 4.59363 0 72 4.59363 1
gene 1 19 28 -4.37749 0 73 -4.37749 1
gene 1 19 29 -1.23714 0 74 -1.23714 1
gene 1 19 30 -0.00904142 0 75 -0.00904142 1
gene 1 19 31 0.881351 0 76 0.881351 1
gene 1 20 28 -0.781595 0 77 -0.781595 1
gene 1 20 29 3.0025 0 78 3.0025 1
gene 1 20 30 1.79857 0 79 1.79857 1
gene 1 20 31 -2.30999 0 80 -2.30999 1
gene 1 21 28 2.81383 0 81 2.81383 1
gene 1 21 29 -1.1446 0 82 -1.1446 1
gene 1 21 30 -1.51795 0 83 -1.51795 1
gene 1 21 31 -0.483856 0 84 -0.483856 1
gene 1 22 28 -0.100535 0 85 -0.100535 1
gene 1 22 29 -2.52466 0 86 -2.52466 1
gene 1 22 30 -0.423579 0 87 -0.423579 1
gene 1 22 31 -0.870063 0 88 -0.870063 1
gene 1 23 28 -0.561498 0 89 -0.561498 1
gene 1 23 29 0.771815 0 90 0.771815 1
gene 1 23 30 0.897757 0 91 0.897757 1
gene 1 23 31 0.544879 0 92 0.544879 1
gene 1 24 28 0.453632 0 93 0.453632 1
gene 1 24 29 -1.85506 0 94 -1.85506 1
gene 1 24 30 -1.29249 0 95 -1.29249 1
gene 1 24 31 -0.922183 0 96 -0.922183 1
gene 1 25 28 0.887271 0 97 0.887271 1
gene 1 25 29 -1.16875 0 98 -1.16875 1
gene 1 25 30 -0.409228 0 99 -0.409228 1
gene 1 25 31 -7.10539e-05 0 100 -7.10539e-05 1
gene 1 26 28 -1.73366 0 101 -1.73366 1
gene 1 26 29 -4.72305 0 102 -4.72305 1
gene 1 26 30 0.381775 0 103 0.381775 1
gene 1 26 31 -0.0582052 0 104 -0.0582052 1
gene 1 27 28 2.17562 0 105 2.17562 1
gene 1 27 29 -0.123725 0 106 -0.123725 1
gene 1 27 30 0.486479 0 107 0.486479 1
gene 1 27 31 -0.0268367 0 108 -0.0268367 1
genomeend 0


