/* Organism #13 Fitness: 8299.080000 Time: 0 */
genomestart 13
trait 1 0.000000 0.000000 0.096763 0.000000 1.000000 0.398745 0.368454 0.837694 
node 1 1 1 1
node 2 1 1 1
node 3 1 1 1
node 4 1 1 1
node 5 1 1 1
node 6 1 1 1
node 7 1 1 1
node 8 1 1 1
node 9 1 1 1
node 10 1 1 1
node 11 1 1 1
node 12 1 1 1
node 13 1 1 1
node 14 1 1 1
node 15 1 1 1
node 16 1 1 1
node 17 1 1 1
node 18 1 1 1
node 19 1 1 1
node 20 1 1 1
node 21 1 1 1
node 22 1 1 1
node 23 1 1 1
node 24 1 1 1
node 25 1 1 1
node 26 1 1 1
node 27 1 1 1
node 28 1 1 1
node 29 1 1 1
node 30 1 1 1
node 31 1 1 1
node 32 1 1 1
node 33 1 1 1
node 34 1 1 1
node 35 1 1 1
node 36 1 1 1
node 37 1 1 1
node 38 1 1 1
node 39 1 1 1
node 40 1 1 3
node 41 1 0 2
node 42 1 0 2
node 43 1 0 2
node 44 1 0 2
node 45 1 0 2
gene 1 1 41 -3.73505 0 1 -3.73505 1
gene 1 1 42 -0.239191 0 2 -0.239191 1
gene 1 1 43 3.57304 0 3 3.57304 1
gene 1 1 44 -0.916209 0 4 -0.916209 1
gene 1 1 45 3.87777 0 5 3.87777 1
gene 1 2 41 -0.133472 0 6 -0.133472 1
gene 1 2 42 2.72321 0 7 2.72321 1
gene 1 2 43 1.28211 0 8 1.28211 1
gene 1 2 44 -4.4747 0 9 -4.4747 1
gene 1 2 45 0.163855 0 10 0.163855 1
gene 1 3 41 2.52768 0 11 2.52768 1
gene 1 3 42 4.54201 0 12 4.54201 1
gene 1 3 43 -0.0234443 0 13 -0.0234443 1
gene 1 3 44 -0.865294 0 14 -0.865294 1
gene 1 3 45 2.88364 0 15 2.88364 1
gene 1 4 41 -0.576258 0 16 -0.576258 1
gene 1 4 42 2.2395 0 17 2.2395 1
gene 1 4 43 1.29284 0 18 1.29284 1
gene 1 4 44 -1.54875 0 19 -1.54875 1
gene 1 4 45 1.84211 0 20 1.84211 1
gene 1 5 41 0.193275 0 21 0.193275 1
gene 1 5 42 4.6383 0 22 4.6383 1
gene 1 5 43 -1.42984 0 23 -1.42984 1
gene 1 5 44 3.80271 0 24 3.80271 1
gene 1 5 45 -0.526188 0 25 -0.526188 1
gene 1 6 41 2.51884 0 26 2.51884 1
gene 1 6 42 1.58731 0 27 1.58731 1
gene 1 6 43 -2.07081 0 28 -2.07081 1
gene 1 6 44 3.7497 0 29 3.7497 1
gene 1 6 45 -0.356825 0 30 -0.356825 1
gene 1 7 41 -0.361224 0 31 -0.361224 1
gene 1 7 42 -1.14315 0 32 -1.14315 1
gene 1 7 43 -2.42399 0 33 -2.42399 1
gene 1 7 44 5 0 34 5 1
gene 1 7 45 5 0 35 5 1
gene 1 8 41 1.02816 0 36 1.02816 1
gene 1 8 42 -3.18222 0 37 -3.18222 1
gene 1 8 43 1.3498 0 38 1.3498 1
gene 1 8 44 -0.114328 0 39 -0.114328 1
gene 1 8 45 4.42185 0 40 4.42185 1
gene 1 9 41 0.666042 0 41 0.666042 1
gene 1 9 42 -1.38169 0 42 -1.38169 1
gene 1 9 43 -0.860675 0 43 -0.860675 1
gene 1 9 44 0.0412599 0 44 0.0412599 1
gene 1 9 45 -0.941575 0 45 -0.941575 1
gene 1 10 41 -0.347744 0 46 -0.347744 1
gene 1 10 42 -0.564215 0 47 -0.564215 1
gene 1 10 43 -0.520228 0 48 -0.520228 1
gene 1 10 44 -0.472908 0 49 -0.472908 1
gene 1 10 45 2.06092 0 50 2.06092 1
gene 1 11 41 5 0 51 5 1
gene 1 11 42 0.426478 0 52 0.426478 1
gene 1 11 43 -0.411404 0 53 -0.411404 1
gene 1 11 44 1.61618 0 54 1.61618 1
gene 1 11 45 4.95607 0 55 4.95607 1
gene 1 12 41 -0.0815301 0 56 -0.0815301 1
gene 1 12 42 -2.87202 0 57 -2.87202 1
gene 1 12 43 -2.76548 0 58 -2.76548 1
gene 1 12 44 1.3073 0 59 1.3073 1
gene 1 12 45 1.24828 0 60 1.24828 1
gene 1 13 41 -0.630176 0 61 -0.630176 1
gene 1 13 42 -0.216134 0 62 -0.216134 1
gene 1 13 43 1.58479 0 63 1.58479 1
gene 1 13 44 1.0035 0 64 1.0035 1
gene 1 13 45 -2.35742 0 65 -2.35742 1
gene 1 14 41 -1.10122 0 66 -1.10122 1
gene 1 14 42 3.87226 0 67 3.87226 1
gene 1 14 43 -1.9793 0 68 -1.9793 1
gene 1 14 44 1.62085 0 69 1.62085 1
gene 1 14 45 2.29993 0 70 2.29993 1
gene 1 15 41 -2.65959 0 71 -2.65959 1
gene 1 15 42 0.103134 0 72 0.103134 1
gene 1 15 43 -0.222688 0 73 -0.222688 1
gene 1 15 44 0.260218 0 74 0.260218 1
gene 1 15 45 0.167886 0 75 0.167886 1
gene 1 16 41 1.02713 0 76 1.02713 1
gene 1 16 42 0.3754 0 77 0.3754 1
gene 1 16 43 -1.28778 0 78 -1.28778 1
gene 1 16 44 -2.32483 0 79 -2.32483 1
gene 1 16 45 0.850003 0 80 0.850003 1
gene 1 17 41 1.89249 0 81 1.89249 1
gene 1 17 42 -3.23239 0 82 -3.23239 1
gene 1 17 43 -0.468705 0 83 -0.468705 1
gene 1 17 44 -1.41444 0 84 -1.41444 1
gene 1 17 45 1.53018 0 85 1.53018 1
gene 1 18 41 2.20739 0 86 2.20739 1
gene 1 18 42 -1.13387 0 87 -1.13387 1
gene 1 18 43 0.88889 0 88 0.88889 1
gene 1 18 44 -3.47397 0 89 -3.47397 1
gene 1 18 45 1.45407 0 90 1.45407 1
gene 1 19 41 1.6972 0 91 1.6972 1
gene 1 19 42 -5 0 92 -5 1
gene 1 19 43 -0.22454 0 93 -0.22454 1
gene 1 19 44 1.19787 0 94 1.19787 1
gene 1 19 45 -1.29494 0 95 -1.29494 1
gene 1 20 41 0.260734 0 96 0.260734 1
gene 1 20 42 -0.284328 0 97 -0.284328 1
gene 1 20 43 -0.163058 0 98 -0.163058 1
gene 1 20 44 -0.217912 0 99 -0.217912 1
gene 1 20 45 -0.323926 0 100 -0.323926 1
gene 1 21 41 3.03542 0 101 3.03542 1
gene 1 21 42 0.995641 0 102 0.995641 1
gene 1 21 43 3.69434 0 103 3.69434 1
gene 1 21 44 -4.17321 0 104 -4.17321 1
gene 1 21 45 -0.254427 0 105 -0.254427 1
gene 1 22 41 1.60485 0 106 1.60485 1
gene 1 22 42 -1.70684 0 107 -1.70684 1
gene 1 22 43 -2.41164 0 108 -2.41164 1
gene 1 22 44 2.50385 0 109 2.50385 1
gene 1 22 45 1.11769 0 110 1.11769 1
gene 1 23 41 -1.87819 0 111 -1.87819 1
gene 1 23 42 -0.491717 0 112 -0.491717 1
gene 1 23 43 0.71675 0 113 0.71675 1
gene 1 23 44 -0.633932 0 114 -0.633932 1
gene 1 23 45 2.72926 0 115 2.72926 1
gene 1 24 41 1.22653 0 116 1.22653 1
gene 1 24 42 1.97286 0 117 1.97286 1
gene 1 24 43 0.845394 0 118 0.845394 1
gene 1 24 44 1.514 0 119 1.514 1
gene 1 24 45 -3.08518 0 120 -3.08518 1
gene 1 25 41 1.03932 0 121 1.03932 1
gene 1 25 42 0.360922 0 122 0.360922 1
gene 1 25 43 -4.24746 0 123 -4.24746 1
gene 1 25 44 -0.197793 0 124 -0.197793 1
gene 1 25 45 -1.54201 0 125 -1.54201 1
gene 1 26 41 -1.13281 0 126 -1.13281 1
gene 1 26 42 -1.40582 0 127 -1.40582 1
gene 1 26 43 0.789951 0 128 0.789951 1
gene 1 26 44 0.15356 0 129 0.15356 1
gene 1 26 45 2.73526 0 130 2.73526 1
gene 1 27 41 1.09124 0 131 1.09124 1
gene 1 27 42 0.0472495 0 132 0.0472495 1
gene 1 27 43 -0.156952 0 133 -0.156952 1
gene 1 27 44 1.74612 0 134 1.74612 1
gene 1 27 45 0.731611 0 135 0.731611 1
gene 1 28 41 2.90476 0 136 2.90476 1
gene 1 28 42 0.214235 0 137 0.214235 1
gene 1 28 43 2.08567 0 138 2.08567 1
gene 1 28 44 -0.448935 0 139 -0.448935 1
gene 1 28 45 -4.70012 0 140 -4.70012 1
gene 1 29 41 3.54245 0 141 3.54245 1
gene 1 29 42 1.16047 0 142 1.16047 1
gene 1 29 43 3.26385 0 143 3.26385 1
gene 1 29 44 0.0564812 0 144 0.0564812 1
gene 1 29 45 -1.80705 0 145 -1.80705 1
gene 1 30 41 -1.046 0 146 -1.046 1
gene 1 30 42 0.523687 0 147 0.523687 1
gene 1 30 43 -0.80952 0 148 -0.80952 1
gene 1 30 44 -2.66608 0 149 -2.66608 1
gene 1 30 45 -0.0540014 0 150 -0.0540014 1
gene 1 31 41 -2.5499 0 151 -2.5499 1
gene 1 31 42 1.57714 0 152 1.57714 1
gene 1 31 43 -4.50563 0 153 -4.50563 1
gene 1 31 44 -3.53659 0 154 -3.53659 1
gene 1 31 45 -2.22765 0 155 -2.22765 1
gene 1 32 41 -0.554659 0 156 -0.554659 1
gene 1 32 42 0.94925 0 157 0.94925 1
gene 1 32 43 -1.01344 0 158 -1.01344 1
gene 1 32 44 0.41955 0 159 0.41955 1
gene 1 32 45 0.259288 0 160 0.259288 1
gene 1 33 41 1.41952 0 161 1.41952 1
gene 1 33 42 0.283243 0 162 0.283243 1
gene 1 33 43 0.689988 0 163 0.689988 1
gene 1 33 44 0.0422245 0 164 0.0422245 1
gene 1 33 45 0.1118 0 165 0.1118 1
gene 1 34 41 0.939343 0 166 0.939343 1
gene 1 34 42 -3.55052 0 167 -3.55052 1
gene 1 34 43 -1.58567 0 168 -1.58567 1
gene 1 34 44 0.938974 0 169 0.938974 1
gene 1 34 45 0.33793 0 170 0.33793 1
gene 1 35 41 -1.48586 0 171 -1.48586 1
gene 1 35 42 1.25375 0 172 1.25375 1
gene 1 35 43 -0.5421 0 173 -0.5421 1
gene 1 35 44 1.54449 0 174 1.54449 1
gene 1 35 45 0.0604363 0 175 0.0604363 1
gene 1 36 41 0.132776 0 176 0.132776 1
gene 1 36 42 -0.6214 0 177 -0.6214 1
gene 1 36 43 -0.586461 0 178 -0.586461 1
gene 1 36 44 0.591823 0 179 0.591823 1
gene 1 36 45 1.86813 0 180 1.86813 1
gene 1 37 41 -0.434276 0 181 -0.434276 1
gene 1 37 42 -0.0146347 0 182 -0.0146347 1
gene 1 37 43 0.851457 0 183 0.851457 1
gene 1 37 44 -1.11136 0 184 -1.11136 1
gene 1 37 45 0.118711 0 185 0.118711 1
gene 1 38 41 0.342378 0 186 0.342378 1
gene 1 38 42 1.10741 0 187 1.10741 1
gene 1 38 43 -0.834726 0 188 -0.834726 1
gene 1 38 44 -1.33046 0 189 -1.33046 1
gene 1 38 45 0.784095 0 190 0.784095 1
gene 1 39 41 1.00819 0 191 1.00819 1
gene 1 39 42 0.420389 0 192 0.420389 1
gene 1 39 43 -0.820826 0 193 -0.820826 1
gene 1 39 44 0.850179 0 194 0.850179 1
gene 1 39 45 0.170296 0 195 0.170296 1
gene 1 40 41 -5 0 196 -5 1
gene 1 40 42 0.617926 0 197 0.617926 1
gene 1 40 43 1.37346 0 198 1.37346 1
gene 1 40 44 -3.24541 0 199 -3.24541 1
gene 1 40 45 -2.72715 0 200 -2.72715 1
genomeend 13


