/* Organism #10 Fitness: 6686.906000 Time: 0 */
genomestart 10
trait 1 1.000000 0.943290 0.000000 0.000277 0.000000 0.000000 1.000000 1.000000 
node 1 1 1 1
node 2 1 1 1
node 3 1 1 1
node 4 1 1 1
node 5 1 1 1
node 6 1 1 1
node 7 1 1 1
node 8 1 1 1
node 9 1 1 1
node 10 1 1 1
node 11 1 1 1
node 12 1 1 1
node 13 1 1 1
node 14 1 1 1
node 15 1 1 1
node 16 1 1 1
node 17 1 1 1
node 18 1 1 1
node 19 1 1 1
node 20 1 1 1
node 21 1 1 1
node 22 1 1 1
node 23 1 1 1
node 24 1 1 1
node 25 1 1 1
node 26 1 1 1
node 27 1 1 1
node 28 1 1 1
node 29 1 1 1
node 30 1 1 1
node 31 1 1 1
node 32 1 1 1
node 33 1 1 1
node 34 1 1 1
node 35 1 1 1
node 36 1 1 1
node 37 1 1 1
node 38 1 1 1
node 39 1 1 1
node 40 1 1 3
node 41 1 0 2
node 42 1 0 2
node 43 1 0 2
node 44 1 0 2
node 45 1 0 2
gene 1 1 41 1.24757 0 1 1.24757 1
gene 1 1 42 5 0 2 5 1
gene 1 1 43 -2.62317 0 3 -2.62317 1
gene 1 1 44 -5 0 4 -5 1
gene 1 1 45 2.24226 0 5 2.24226 1
gene 1 2 41 -3.84051 0 6 -3.84051 1
gene 1 2 42 4.80775 0 7 4.80775 1
gene 1 2 43 -0.197224 0 8 -0.197224 1
gene 1 2 44 4.12991 0 9 4.12991 1
gene 1 2 45 0.74526 0 10 0.74526 1
gene 1 3 41 3.41229 0 11 3.41229 1
gene 1 3 42 2.7003 0 12 2.7003 1
gene 1 3 43 2.88636 0 13 2.88636 1
gene 1 3 44 -0.166644 0 14 -0.166644 1
gene 1 3 45 -0.0223548 0 15 -0.0223548 1
gene 1 4 41 -2.86054 0 16 -2.86054 1
gene 1 4 42 3.06261 0 17 3.06261 1
gene 1 4 43 4.53662 0 18 4.53662 1
gene 1 4 44 -2.08373 0 19 -2.08373 1
gene 1 4 45 4.34496 0 20 4.34496 1
gene 1 5 41 -4.00935 0 21 -4.00935 1
gene 1 5 42 4.48014 0 22 4.48014 1
gene 1 5 43 3.5476 0 23 3.5476 1
gene 1 5 44 -3.5226 0 24 -3.5226 1
gene 1 5 45 0.463969 0 25 0.463969 1
gene 1 6 41 0.873283 0 26 0.873283 1
gene 1 6 42 2.46882 0 27 2.46882 1
gene 1 6 43 0.279434 0 28 0.279434 1
gene 1 6 44 2.81927 0 29 2.81927 1
gene 1 6 45 -3.07637 0 30 -3.07637 1
gene 1 7 41 2.64425 0 31 2.64425 1
gene 1 7 42 -0.843923 0 32 -0.843923 1
gene 1 7 43 2.50453 0 33 2.50453 1
gene 1 7 44 2.93769 0 34 2.93769 1
gene 1 7 45 -2.21831 0 35 -2.21831 1
gene 1 8 41 -3.17363 0 36 -3.17363 1
gene 1 8 42 -0.0367037 0 37 -0.0367037 1
gene 1 8 43 1.99805 0 38 1.99805 1
gene 1 8 44 2.08139 0 39 2.08139 1
gene 1 8 45 3.05003 0 40 3.05003 1
gene 1 9 41 0.33818 0 41 0.33818 1
gene 1 9 42 0.19264 0 42 0.19264 1
gene 1 9 43 4.18522 0 43 4.18522 1
gene 1 9 44 -3.04074 0 44 -3.04074 1
gene 1 9 45 -2.93315 0 45 -2.93315 1
gene 1 10 41 -2.13245 0 46 -2.13245 1
gene 1 10 42 -2.40933 0 47 -2.40933 1
gene 1 10 43 -4.78 0 48 -4.78 1
gene 1 10 44 1.63231 0 49 1.63231 1
gene 1 10 45 -0.144218 0 50 -0.144218 1
gene 1 11 41 -0.478041 0 51 -0.478041 1
gene 1 11 42 -0.266585 0 52 -0.266585 1
gene 1 11 43 -2.81821 0 53 -2.81821 1
gene 1 11 44 -2.04341 0 54 -2.04341 1
gene 1 11 45 -1.49706 0 55 -1.49706 1
gene 1 12 41 -3.20617 0 56 -3.20617 1
gene 1 12 42 1.30307 0 57 1.30307 1
gene 1 12 43 -3.2814 0 58 -3.2814 1
gene 1 12 44 -1.30613 0 59 -1.30613 1
gene 1 12 45 0.570408 0 60 0.570408 1
gene 1 13 41 5 0 61 5 1
gene 1 13 42 -0.553158 0 62 -0.553158 1
gene 1 13 43 -1.12088 0 63 -1.12088 1
gene 1 13 44 -3.44132 0 64 -3.44132 1
gene 1 13 45 2.67376 0 65 2.67376 1
gene 1 14 41 -1.55041 0 66 -1.55041 1
gene 1 14 42 -1.12334 0 67 -1.12334 1
gene 1 14 43 2.06055 0 68 2.06055 1
gene 1 14 44 1.90877 0 69 1.90877 1
gene 1 14 45 1.217 0 70 1.217 1
gene 1 15 41 -0.139743 0 71 -0.139743 1
gene 1 15 42 -3.69985 0 72 -3.69985 1
gene 1 15 43 0.513533 0 73 0.513533 1
gene 1 15 44 -5 0 74 -5 1
gene 1 15 45 3.01472 0 75 3.01472 1
gene 1 16 41 0.332603 0 76 0.332603 1
gene 1 16 42 -4.09408 0 77 -4.09408 1
gene 1 16 43 -3.40864 0 78 -3.40864 1
gene 1 16 44 -1.22764 0 79 -1.22764 1
gene 1 16 45 3.10657 0 80 3.10657 1
gene 1 17 41 -5 0 81 -5 1
gene 1 17 42 -4.53921 0 82 -4.53921 1
gene 1 17 43 0.96914 0 83 0.96914 1
gene 1 17 44 -1.65272 0 84 -1.65272 1
gene 1 17 45 4.34205 0 85 4.34205 1
gene 1 18 41 -2.65802 0 86 -2.65802 1
gene 1 18 42 -5 0 87 -5 1
gene 1 18 43 4.72478 0 88 4.72478 1
gene 1 18 44 1.89238 0 89 1.89238 1
gene 1 18 45 -5 0 90 -5 1
gene 1 19 41 -5 0 91 -5 1
gene 1 19 42 -4.89634 0 92 -4.89634 1
gene 1 19 43 1.77514 0 93 1.77514 1
gene 1 19 44 -3.73184 0 94 -3.73184 1
gene 1 19 45 1.01367 0 95 1.01367 1
gene 1 20 41 -4.85056 0 96 -4.85056 1
gene 1 20 42 4.2027 0 97 4.2027 1
gene 1 20 43 -2.02336 0 98 -2.02336 1
gene 1 20 44 1.14163 0 99 1.14163 1
gene 1 20 45 -3.51794 0 100 -3.51794 1
gene 1 21 41 1.11041 0 101 1.11041 1
gene 1 21 42 3.11396 0 102 3.11396 1
gene 1 21 43 -2.05106 0 103 -2.05106 1
gene 1 21 44 2.27069 0 104 2.27069 1
gene 1 21 45 -1.51595 0 105 -1.51595 1
gene 1 22 41 -0.571783 0 106 -0.571783 1
gene 1 22 42 0.230732 0 107 0.230732 1
gene 1 22 43 -3.72471 0 108 -3.72471 1
gene 1 22 44 3.12144 0 109 3.12144 1
gene 1 22 45 1.09339 0 110 1.09339 1
gene 1 23 41 -0.150899 0 111 -0.150899 1
gene 1 23 42 2.73309 0 112 2.73309 1
gene 1 23 43 -4.15113 0 113 -4.15113 1
gene 1 23 44 2.12695 0 114 2.12695 1
gene 1 23 45 4.81505 0 115 4.81505 1
gene 1 24 41 3.67318 0 116 3.67318 1
gene 1 24 42 1.31923 0 117 1.31923 1
gene 1 24 43 0.106114 0 118 0.106114 1
gene 1 24 44 5 0 119 5 1
gene 1 24 45 1.00479 0 120 1.00479 1
gene 1 25 41 -5 0 121 -5 1
gene 1 25 42 5 0 122 5 1
gene 1 25 43 -1.68427 0 123 -1.68427 1
gene 1 25 44 -1.888 0 124 -1.888 1
gene 1 25 45 -3.93457 0 125 -3.93457 1
gene 1 26 41 4.06195 0 126 4.06195 1
gene 1 26 42 1.42611 0 127 1.42611 1
gene 1 26 43 1.62404 0 128 1.62404 1
gene 1 26 44 -4.06464 0 129 -4.06464 1
gene 1 26 45 -0.190641 0 130 -0.190641 1
gene 1 27 41 0.69062 0 131 0.69062 1
gene 1 27 42 -1.39848 0 132 -1.39848 1
gene 1 27 43 -3.21436 0 133 -3.21436 1
gene 1 27 44 -3.47825 0 134 -3.47825 1
gene 1 27 45 -5 0 135 -5 1
gene 1 28 41 -1.63129 0 136 -1.63129 1
gene 1 28 42 -2.39384 0 137 -2.39384 1
gene 1 28 43 2.6866 0 138 2.6866 1
gene 1 28 44 1.53116 0 139 1.53116 1
gene 1 28 45 3.55908 0 140 3.55908 1
gene 1 29 41 -0.182244 0 141 -0.182244 1
gene 1 29 42 -0.465702 0 142 -0.465702 1
gene 1 29 43 1.26321 0 143 1.26321 1
gene 1 29 44 -3.21798 0 144 -3.21798 1
gene 1 29 45 1.90748 0 145 1.90748 1
gene 1 30 41 -4.53919 0 146 -4.53919 1
gene 1 30 42 0.817514 0 147 0.817514 1
gene 1 30 43 1.94294 0 148 1.94294 1
gene 1 30 44 -1.73199 0 149 -1.73199 1
gene 1 30 45 -2.75878 0 150 -2.75878 1
gene 1 31 41 -1.14245 0 151 -1.14245 1
gene 1 31 42 -0.665976 0 152 -0.665976 1
gene 1 31 43 -3.62285 0 153 -3.62285 1
gene 1 31 44 0.853073 0 154 0.853073 1
gene 1 31 45 1.97338 0 155 1.97338 1
gene 1 32 41 -1.78974 0 156 -1.78974 1
gene 1 32 42 -2.24502 0 157 -2.24502 1
gene 1 32 43 -1.41587 0 158 -1.41587 1
gene 1 32 44 -2.67371 0 159 -2.67371 1
gene 1 32 45 -5 0 160 -5 1
gene 1 33 41 -5 0 161 -5 1
gene 1 33 42 -1.08791 0 162 -1.08791 1
gene 1 33 43 -0.645483 0 163 -0.645483 1
gene 1 33 44 0.0332126 0 164 0.0332126 1
gene 1 33 45 0.063291 0 165 0.063291 1
gene 1 34 41 0.154828 0 166 0.154828 1
gene 1 34 42 -1.3618 0 167 -1.3618 1
gene 1 34 43 -0.185356 0 168 -0.185356 1
gene 1 34 44 0.567748 0 169 0.567748 1
gene 1 34 45 0.479873 0 170 0.479873 1
gene 1 35 41 0.510561 0 171 0.510561 1
gene 1 35 42 -1.62521 0 172 -1.62521 1
gene 1 35 43 0.853308 0 173 0.853308 1
gene 1 35 44 -0.671752 0 174 -0.671752 1
gene 1 35 45 -0.594235 0 175 -0.594235 1
gene 1 36 41 0.375347 0 176 0.375347 1
gene 1 36 42 0.71691 0 177 0.71691 1
gene 1 36 43 -0.49847 0 178 -0.49847 1
gene 1 36 44 1.31506 0 179 1.31506 1
gene 1 36 45 0.344533 0 180 0.344533 1
gene 1 37 41 0.888436 0 181 0.888436 1
gene 1 37 42 -0.71393 0 182 -0.71393 1
gene 1 37 43 -0.694992 0 183 -0.694992 1
gene 1 37 44 0.312904 0 184 0.312904 1
gene 1 37 45 0.660101 0 185 0.660101 1
gene 1 38 41 -2.62316 0 186 -2.62316 1
gene 1 38 42 -0.0504276 0 187 -0.0504276 1
gene 1 38 43 0.129466 0 188 0.129466 1
gene 1 38 44 -0.829624 0 189 -0.829624 1
gene 1 38 45 1.05246 0 190 1.05246 1
gene 1 39 41 -1.98198 0 191 -1.98198 1
gene 1 39 42 -0.930773 0 192 -0.930773 1
gene 1 39 43 0.951787 0 193 0.951787 1
gene 1 39 44 -0.424719 0 194 -0.424719 1
gene 1 39 45 -0.281474 0 195 -0.281474 1
gene 1 40 41 -2.62463 0 196 -2.62463 1
gene 1 40 42 -0.208531 0 197 -0.208531 1
gene 1 40 43 -1.48006 0 198 -1.48006 1
gene 1 40 44 0.815535 0 199 0.815535 1
gene 1 40 45 -0.569913 0 200 -0.569913 1
genomeend 10


