/* Organism #11 Fitness: 8781.240000 Time: 0 */
genomestart 11
trait 1 0.046743 0.881484 0.039297 0.313872 0.000000 0.442755 0.000000 0.000000 
node 1 1 1 1
node 2 1 1 1
node 3 1 1 1
node 4 1 1 1
node 5 1 1 1
node 6 1 1 1
node 7 1 1 1
node 8 1 1 1
node 9 1 1 1
node 10 1 1 1
node 11 1 1 1
node 12 1 1 1
node 13 1 1 1
node 14 1 1 1
node 15 1 1 1
node 16 1 1 1
node 17 1 1 1
node 18 1 1 1
node 19 1 1 1
node 20 1 1 1
node 21 1 1 1
node 22 1 1 1
node 23 1 1 1
node 24 1 1 1
node 25 1 1 1
node 26 1 1 1
node 27 1 1 1
node 28 1 1 1
node 29 1 1 1
node 30 1 1 1
node 31 1 1 1
node 32 1 1 1
node 33 1 1 1
node 34 1 1 1
node 35 1 1 1
node 36 1 1 1
node 37 1 1 1
node 38 1 1 1
node 39 1 1 1
node 40 1 1 3
node 41 1 0 2
node 42 1 0 2
node 43 1 0 2
node 44 1 0 2
node 45 1 0 2
gene 1 1 41 -0.871152 0 1 -0.871152 1
gene 1 1 42 -2.13994 0 2 -2.13994 1
gene 1 1 43 0.584216 0 3 0.584216 1
gene 1 1 44 -2.94463 0 4 -2.94463 1
gene 1 1 45 0.663795 0 5 0.663795 1
gene 1 2 41 0.520645 0 6 0.520645 1
gene 1 2 42 3.79806 0 7 3.79806 1
gene 1 2 43 -1.76485 0 8 -1.76485 1
gene 1 2 44 -2.86496 0 9 -2.86496 1
gene 1 2 45 -0.771067 0 10 -0.771067 1
gene 1 3 41 0.579489 0 11 0.579489 1
gene 1 3 42 2.95319 0 12 2.95319 1
gene 1 3 43 -0.84509 0 13 -0.84509 1
gene 1 3 44 2.2206 0 14 2.2206 1
gene 1 3 45 -0.382805 0 15 -0.382805 1
gene 1 4 41 0.6213 0 16 0.6213 1
gene 1 4 42 -0.746181 0 17 -0.746181 1
gene 1 4 43 -0.290671 0 18 -0.290671 1
gene 1 4 44 0.847383 0 19 0.847383 1
gene 1 4 45 0.564077 0 20 0.564077 1
gene 1 5 41 1.1763 0 21 1.1763 1
gene 1 5 42 5 0 22 5 1
gene 1 5 43 -0.0885199 0 23 -0.0885199 1
gene 1 5 44 0.264404 0 24 0.264404 1
gene 1 5 45 0.929328 0 25 0.929328 1
gene 1 6 41 3.93483 0 26 3.93483 1
gene 1 6 42 0.385743 0 27 0.385743 1
gene 1 6 43 -1.07308 0 28 -1.07308 1
gene 1 6 44 0.286762 0 29 0.286762 1
gene 1 6 45 -0.433963 0 30 -0.433963 1
gene 1 7 41 1.07802 0 31 1.07802 1
gene 1 7 42 2.21808 0 32 2.21808 1
gene 1 7 43 1.64892 0 33 1.64892 1
gene 1 7 44 4.46388 0 34 4.46388 1
gene 1 7 45 0.310424 0 35 0.310424 1
gene 1 8 41 4.7647 0 36 4.7647 1
gene 1 8 42 0.753753 0 37 0.753753 1
gene 1 8 43 -1.39371 0 38 -1.39371 1
gene 1 8 44 0.518022 0 39 0.518022 1
gene 1 8 45 -4.08358 0 40 -4.08358 1
gene 1 9 41 -0.650129 0 41 -0.650129 1
gene 1 9 42 -1.97081 0 42 -1.97081 1
gene 1 9 43 2.90764 0 43 2.90764 1
gene 1 9 44 -0.251078 0 44 -0.251078 1
gene 1 9 45 -1.04359 0 45 -1.04359 1
gene 1 10 41 -2.43095 0 46 -2.43095 1
gene 1 10 42 1.9559 0 47 1.9559 1
gene 1 10 43 0.509719 0 48 0.509719 1
gene 1 10 44 0.175312 0 49 0.175312 1
gene 1 10 45 -0.928874 0 50 -0.928874 1
gene 1 11 41 0.923436 0 51 0.923436 1
gene 1 11 42 0.163285 0 52 0.163285 1
gene 1 11 43 1.35077 0 53 1.35077 1
gene 1 11 44 0.282586 0 54 0.282586 1
gene 1 11 45 -0.521136 0 55 -0.521136 1
gene 1 12 41 -1.69368 0 56 -1.69368 1
gene 1 12 42 4.80409 0 57 4.80409 1
gene 1 12 43 -4.15453 0 58 -4.15453 1
gene 1 12 44 -1.24541 0 59 -1.24541 1
gene 1 12 45 1.53603 0 60 1.53603 1
gene 1 13 41 -0.923875 0 61 -0.923875 1
gene 1 13 42 1.35466 0 62 1.35466 1
gene 1 13 43 0.698148 0 63 0.698148 1
gene 1 13 44 2.32446 0 64 2.32446 1
gene 1 13 45 4.84743 0 65 4.84743 1
gene 1 14 41 -1.45313 0 66 -1.45313 1
gene 1 14 42 -0.980368 0 67 -0.980368 1
gene 1 14 43 2.38023 0 68 2.38023 1
gene 1 14 44 0.0885987 0 69 0.0885987 1
gene 1 14 45 1.62548 0 70 1.62548 1
gene 1 15 41 0.259547 0 71 0.259547 1
gene 1 15 42 -0.803088 0 72 -0.803088 1
gene 1 15 43 1.51358 0 73 1.51358 1
gene 1 15 44 -3.68125 0 74 -3.68125 1
gene 1 15 45 -0.0194558 0 75 -0.0194558 1
gene 1 16 41 1.19428 0 76 1.19428 1
gene 1 16 42 2.03967 0 77 2.03967 1
gene 1 16 43 -2.49391 0 78 -2.49391 1
gene 1 16 44 -0.812787 0 79 -0.812787 1
gene 1 16 45 -0.947958 0 80 -0.947958 1
gene 1 17 41 -3.82388 0 81 -3.82388 1
gene 1 17 42 0.115602 0 82 0.115602 1
gene 1 17 43 -0.0415687 0 83 -0.0415687 1
gene 1 17 44 -5 0 84 -5 1
gene 1 17 45 -0.544494 0 85 -0.544494 1
gene 1 18 41 -2.61448 0 86 -2.61448 1
gene 1 18 42 4.32762 0 87 4.32762 1
gene 1 18 43 -1.31739 0 88 -1.31739 1
gene 1 18 44 2.05393 0 89 2.05393 1
gene 1 18 45 -1.10578 0 90 -1.10578 1
gene 1 19 41 -3.21066 0 91 -3.21066 1
gene 1 19 42 1.42873 0 92 1.42873 1
gene 1 19 43 -3.26552 0 93 -3.26552 1
gene 1 19 44 -1.91172 0 94 -1.91172 1
gene 1 19 45 1.10794 0 95 1.10794 1
gene 1 20 41 -0.334096 0 96 -0.334096 1
gene 1 20 42 -1.06341 0 97 -1.06341 1
gene 1 20 43 -1.82485 0 98 -1.82485 1
gene 1 20 44 0.572084 0 99 0.572084 1
gene 1 20 45 0.693969 0 100 0.693969 1
gene 1 21 41 -1.78932 0 101 -1.78932 1
gene 1 21 42 -1.45387 0 102 -1.45387 1
gene 1 21 43 -2.12293 0 103 -2.12293 1
gene 1 21 44 -0.85958 0 104 -0.85958 1
gene 1 21 45 -0.015614 0 105 -0.015614 1
gene 1 22 41 3.24922 0 106 3.24922 1
gene 1 22 42 -2.69084 0 107 -2.69084 1
gene 1 22 43 0.0631452 0 108 0.0631452 1
gene 1 22 44 -2.01588 0 109 -2.01588 1
gene 1 22 45 3.55985 0 110 3.55985 1
gene 1 23 41 2.34482 0 111 2.34482 1
gene 1 23 42 -4.70454 0 112 -4.70454 1
gene 1 23 43 4.21078 0 113 4.21078 1
gene 1 23 44 -4.95246 0 114 -4.95246 1
gene 1 23 45 -3.51999 0 115 -3.51999 1
gene 1 24 41 -4.89203 0 116 -4.89203 1
gene 1 24 42 -1.45066 0 117 -1.45066 1
gene 1 24 43 4.13994 0 118 4.13994 1
gene 1 24 44 0.762685 0 119 0.762685 1
gene 1 24 45 0.539408 0 120 0.539408 1
gene 1 25 41 4.5759 0 121 4.5759 1
gene 1 25 42 -0.462317 0 122 -0.462317 1
gene 1 25 43 1.79784 0 123 1.79784 1
gene 1 25 44 3.40361 0 124 3.40361 1
gene 1 25 45 1.36472 0 125 1.36472 1
gene 1 26 41 3.82538 0 126 3.82538 1
gene 1 26 42 0.625537 0 127 0.625537 1
gene 1 26 43 -0.284114 0 128 -0.284114 1
gene 1 26 44 1.79036 0 129 1.79036 1
gene 1 26 45 1.38284 0 130 1.38284 1
gene 1 27 41 -0.15151 0 131 -0.15151 1
gene 1 27 42 1.35837 0 132 1.35837 1
gene 1 27 43 -0.0836405 0 133 -0.0836405 1
gene 1 27 44 2.83422 0 134 2.83422 1
gene 1 27 45 3.12693 0 135 3.12693 1
gene 1 28 41 1.31445 0 136 1.31445 1
gene 1 28 42 0.100182 0 137 0.100182 1
gene 1 28 43 -0.412365 0 138 -0.412365 1
gene 1 28 44 2.00422 0 139 2.00422 1
gene 1 28 45 2.34178 0 140 2.34178 1
gene 1 29 41 -1.62363 0 141 -1.62363 1
gene 1 29 42 0.260557 0 142 0.260557 1
gene 1 29 43 3.67116 0 143 3.67116 1
gene 1 29 44 -2.74494 0 144 -2.74494 1
gene 1 29 45 1.23763 0 145 1.23763 1
gene 1 30 41 0.0597945 0 146 0.0597945 1
gene 1 30 42 0.771018 0 147 0.771018 1
gene 1 30 43 -1.30118 0 148 -1.30118 1
gene 1 30 44 -0.823939 0 149 -0.823939 1
gene 1 30 45 0.43045 0 150 0.43045 1
gene 1 31 41 0.255846 0 151 0.255846 1
gene 1 31 42 -0.099829 0 152 -0.099829 1
gene 1 31 43 0.271569 0 153 0.271569 1
gene 1 31 44 0.981544 0 154 0.981544 1
gene 1 31 45 1.07964 0 155 1.07964 1
gene 1 32 41 -0.835291 0 156 -0.835291 1
gene 1 32 42 0.853949 0 157 0.853949 1
gene 1 32 43 4.97712 0 158 4.97712 1
gene 1 32 44 0.272524 0 159 0.272524 1
gene 1 32 45 0.425613 0 160 0.425613 1
gene 1 33 41 0.627024 0 161 0.627024 1
gene 1 33 42 -0.198069 0 162 -0.198069 1
gene 1 33 43 -0.238074 0 163 -0.238074 1
gene 1 33 44 -1.09384 0 164 -1.09384 1
gene 1 33 45 4.09557 0 165 4.09557 1
gene 1 34 41 -0.0176414 0 166 -0.0176414 1
gene 1 34 42 -1.70314 0 167 -1.70314 1
gene 1 34 43 -0.00653315 0 168 -0.00653315 1
gene 1 34 44 -0.815989 0 169 -0.815989 1
gene 1 34 45 -1.67429 0 170 -1.67429 1
gene 1 35 41 1.42183 0 171 1.42183 1
gene 1 35 42 1.58634 0 172 1.58634 1
gene 1 35 43 0.613148 0 173 0.613148 1
gene 1 35 44 -0.475984 0 174 -0.475984 1
gene 1 35 45 -0.376482 0 175 -0.376482 1
gene 1 36 41 -0.653916 0 176 -0.653916 1
gene 1 36 42 -0.722695 0 177 -0.722695 1
gene 1 36 43 -0.0503962 0 178 -0.0503962 1
gene 1 36 44 -0.42676 0 179 -0.42676 1
gene 1 36 45 0.684352 0 180 0.684352 1
gene 1 37 41 -0.0467702 0 181 -0.0467702 1
gene 1 37 42 0.986033 0 182 0.986033 1
gene 1 37 43 0.655159 0 183 0.655159 1
gene 1 37 44 -0.473143 0 184 -0.473143 1
gene 1 37 45 -0.566693 0 185 -0.566693 1
gene 1 38 41 0.937767 0 186 0.937767 1
gene 1 38 42 0.87211 0 187 0.87211 1
gene 1 38 43 -1.04763 0 188 -1.04763 1
gene 1 38 44 1.23995 0 189 1.23995 1
gene 1 38 45 0.943266 0 190 0.943266 1
gene 1 39 41 -1.74605 0 191 -1.74605 1
gene 1 39 42 0.779144 0 192 0.779144 1
gene 1 39 43 0.530451 0 193 0.530451 1
gene 1 39 44 -1.09249 0 194 -1.09249 1
gene 1 39 45 -0.414005 0 195 -0.414005 1
gene 1 40 41 0.835388 0 196 0.835388 1
gene 1 40 42 -5 0 197 -5 1
gene 1 40 43 -0.633035 0 198 -0.633035 1
gene 1 40 44 -1.2471 0 199 -1.2471 1
gene 1 40 45 -0.345836 0 200 -0.345836 1
genomeend 11


