/* Organism #1 Fitness: 12671.966000 Time: 0 */
genomestart 1
trait 1 0.000000 0.385993 0.705447 0.627244 0.000000 0.000000 0.000000 0.086304 
node 1 1 1 1
node 2 1 1 1
node 3 1 1 1
node 4 1 1 1
node 5 1 1 1
node 6 1 1 1
node 7 1 1 1
node 8 1 1 1
node 9 1 1 1
node 10 1 1 1
node 11 1 1 1
node 12 1 1 1
node 13 1 1 1
node 14 1 1 1
node 15 1 1 1
node 16 1 1 1
node 17 1 1 1
node 18 1 1 1
node 19 1 1 1
node 20 1 1 1
node 21 1 1 1
node 22 1 1 1
node 23 1 1 1
node 24 1 1 1
node 25 1 1 1
node 26 1 1 3
node 27 1 0 2
node 28 1 0 2
node 29 1 0 2
gene 1 1 27 1.56029 0 1 1.56029 1
gene 1 1 28 0.279637 0 2 0.279637 1
gene 1 1 29 0.93771 0 3 0.93771 1
gene 1 2 27 -0.632397 0 4 -0.632397 1
gene 1 2 28 -1.10071 0 5 -1.10071 1
gene 1 2 29 0.67047 0 6 0.67047 1
gene 1 3 27 0.673574 0 7 0.673574 1
gene 1 3 28 -0.747812 0 8 -0.747812 1
gene 1 3 29 1.13412 0 9 1.13412 1
gene 1 4 27 2.12013 0 10 2.12013 1
gene 1 4 28 -4.09209 0 11 -4.09209 1
gene 1 4 29 -0.0921929 0 12 -0.0921929 1
gene 1 5 27 2.51763 0 13 2.51763 1
gene 1 5 28 -2.26855 0 14 -2.26855 1
gene 1 5 29 3.0181 0 15 3.0181 1
gene 1 6 27 -0.0354937 0 16 -0.0354937 1
gene 1 6 28 0.6963 0 17 0.6963 1
gene 1 6 29 1.02847 0 18 1.02847 1
gene 1 7 27 -1.88465 0 19 -1.88465 1
gene 1 7 28 -2.68435 0 20 -2.68435 1
gene 1 7 29 1.77262 0 21 1.77262 1
gene 1 8 27 0.198726 0 22 0.198726 1
gene 1 8 28 -2.3902 0 23 -2.3902 1
gene 1 8 29 0.054841 0 24 0.054841 1
gene 1 9 27 -2.18973 0 25 -2.18973 1
gene 1 9 28 -2.46433 0 26 -2.46433 1
gene 1 9 29 -0.31343 0 27 -0.31343 1
gene 1 10 27 0.240596 0 28 0.240596 1
gene 1 10 28 2.21111 0 29 2.21111 1
gene 1 10 29 1.60401 0 30 1.60401 1
gene 1 11 27 3.06153 0 27 3.06153 1
gene 1 11 28 -0.087092 0 32 -0.087092 1
gene 1 11 29 -0.701213 0 33 -0.701213 1
gene 1 12 27 -1.87561 0 34 -1.87561 1
gene 1 12 28 0.355795 0 35 0.355795 1
gene 1 12 29 -0.674977 0 36 -0.674977 1
gene 1 13 27 2.47105 0 37 2.47105 1
gene 1 13 28 0.017886 0 38 0.017886 1
gene 1 13 29 -0.594921 0 39 -0.594921 1
gene 1 14 27 4.39138 0 40 4.39138 1
gene 1 14 28 0.311618 0 41 0.311618 1
gene 1 14 29 -0.332907 0 42 -0.332907 1
gene 1 15 27 0.249939 0 43 0.249939 1
gene 1 15 28 4.43166 0 44 4.43166 1
gene 1 15 29 -0.889007 0 45 -0.889007 1
gene 1 16 27 -0.816797 0 46 -0.816797 1
gene 1 16 28 2.92705 0 47 2.92705 1
gene 1 16 29 -0.352861 0 48 -0.352861 1
gene 1 17 27 0.630809 0 49 0.630809 1
gene 1 17 28 4.18036 0 50 4.18036 1
gene 1 17 29 1.27645 0 51 1.27645 1
gene 1 18 27 -0.146401 0 52 -0.146401 1
gene 1 18 28 0.800055 0 53 0.800055 1
gene 1 18 29 0.217454 0 54 0.217454 1
gene 1 19 27 2.31368 0 55 2.31368 1
gene 1 19 28 -1.33894 0 56 -1.33894 1
gene 1 19 29 -0.175357 0 57 -0.175357 1
gene 1 20 27 -2.41446 0 58 -2.41446 1
gene 1 20 28 0.873721 0 59 0.873721 1
gene 1 20 29 0.205686 0 60 0.205686 1
gene 1 21 27 0.0984607 0 61 0.0984607 1
gene 1 21 28 1.76638 0 62 1.76638 1
gene 1 21 29 -2.33864 0 63 -2.33864 1
gene 1 22 27 -1.63141 0 64 -1.63141 1
gene 1 22 28 -1.13808 0 65 -1.13808 1
gene 1 22 29 -1.61262 0 66 -1.61262 1
gene 1 23 27 1.29223 0 67 1.29223 1
gene 1 23 28 -0.989112 0 68 -0.989112 1
gene 1 23 29 -0.911329 0 69 -0.911329 1
gene 1 24 27 0.869619 0 70 0.869619 1
gene 1 24 28 -0.766677 0 71 -0.766677 1
gene 1 24 29 0.774449 0 72 0.774449 1
gene 1 25 27 1.19186 0 73 1.19186 1
gene 1 25 28 0.995441 0 74 0.995441 1
gene 1 25 29 -1.88814 0 75 -1.88814 1
gene 1 26 27 0.5963 0 76 0.5963 1
gene 1 26 28 0.140434 0 77 0.140434 1
gene 1 26 29 -0.641228 0 78 -0.641228 1
genomeend 1


