/* Organism #10 Fitness: 12455.742000 Time: 0 */
genomestart 10
trait 1 0.223463 0.000000 0.878717 1.000000 0.021035 0.679080 0.958318 0.000000 
node 1 1 1 1
node 2 1 1 1
node 3 1 1 1
node 4 1 1 1
node 5 1 1 1
node 6 1 1 1
node 7 1 1 1
node 8 1 1 1
node 9 1 1 1
node 10 1 1 1
node 11 1 1 1
node 12 1 1 1
node 13 1 1 1
node 14 1 1 1
node 15 1 1 1
node 16 1 1 1
node 17 1 1 1
node 18 1 1 1
node 19 1 1 1
node 20 1 1 1
node 21 1 1 1
node 22 1 1 1
node 23 1 1 1
node 24 1 1 1
node 25 1 1 1
node 26 1 1 3
node 27 1 0 2
node 28 1 0 2
node 29 1 0 2
gene 1 1 27 2.05193 0 1 2.05193 1
gene 1 1 28 1.73429 0 2 1.73429 1
gene 1 1 29 0.792862 0 3 0.792862 1
gene 1 2 27 -1.07814 0 4 -1.07814 1
gene 1 2 28 -1.19889 0 5 -1.19889 1
gene 1 2 29 -1.73589 0 6 -1.73589 1
gene 1 3 27 -1.91871 0 7 -1.91871 1
gene 1 3 28 2.88711 0 8 2.88711 1
gene 1 3 29 -2.23554 0 9 -2.23554 1
gene 1 4 27 -0.338373 0 10 -0.338373 1
gene 1 4 28 -0.385017 0 11 -0.385017 1
gene 1 4 29 1.90392 0 12 1.90392 1
gene 1 5 27 1.47067 0 13 1.47067 1
gene 1 5 28 1.62002 0 14 1.62002 1
gene 1 5 29 0.537707 0 15 0.537707 1
gene 1 6 27 -3.36345 0 16 -3.36345 1
gene 1 6 28 0.500706 0 17 0.500706 1
gene 1 6 29 1.61733 0 18 1.61733 1
gene 1 7 27 0.243105 0 19 0.243105 1
gene 1 7 28 -0.453593 0 20 -0.453593 1
gene 1 7 29 -4.25014 0 21 -4.25014 1
gene 1 8 27 3.83098 0 22 3.83098 1
gene 1 8 28 1.54256 0 23 1.54256 1
gene 1 8 29 5 0 24 5 1
gene 1 9 27 -0.00646479 0 25 -0.00646479 1
gene 1 9 28 3.39704 0 26 3.39704 1
gene 1 9 29 0.930281 0 27 0.930281 1
gene 1 10 27 -4.64639 0 28 -4.64639 1
gene 1 10 28 0.709678 0 29 0.709678 1
gene 1 10 29 -0.765009 0 30 -0.765009 1
gene 1 11 27 -2.41185 0 27 -2.41185 1
gene 1 11 28 3.21708 0 32 3.21708 1
gene 1 11 29 -0.193963 0 33 -0.193963 1
gene 1 12 27 -1.0798 0 34 -1.0798 1
gene 1 12 28 2.27858 0 35 2.27858 1
gene 1 12 29 1.5718 0 36 1.5718 1
gene 1 13 27 -1.52112 0 37 -1.52112 1
gene 1 13 28 -0.639679 0 38 -0.639679 1
gene 1 13 29 2.40153 0 39 2.40153 1
gene 1 14 27 -1.80827 0 40 -1.80827 1
gene 1 14 28 -1.56883 0 41 -1.56883 1
gene 1 14 29 0.366392 0 42 0.366392 1
gene 1 15 27 1.14142 0 43 1.14142 1
gene 1 15 28 1.79516 0 44 1.79516 1
gene 1 15 29 -1.36306 0 45 -1.36306 1
gene 1 16 27 -1.88938 0 46 -1.88938 1
gene 1 16 28 -1.56174 0 47 -1.56174 1
gene 1 16 29 2.05393 0 48 2.05393 1
gene 1 17 27 -1.45805 0 49 -1.45805 1
gene 1 17 28 1.47649 0 50 1.47649 1
gene 1 17 29 1.33411 0 51 1.33411 1
gene 1 18 27 4.11127 0 52 4.11127 1
gene 1 18 28 0.327232 0 53 0.327232 1
gene 1 18 29 -3.78444 0 54 -3.78444 1
gene 1 19 27 2.22444 0 55 2.22444 1
gene 1 19 28 -0.212825 0 56 -0.212825 1
gene 1 19 29 2.41905 0 57 2.41905 1
gene 1 20 27 -2.84766 0 58 -2.84766 1
gene 1 20 28 -3.38811 0 59 -3.38811 1
gene 1 20 29 4.81439 0 60 4.81439 1
gene 1 21 27 3.15036 0 61 3.15036 1
gene 1 21 28 2.92523 0 62 2.92523 1
gene 1 21 29 -0.787357 0 63 -0.787357 1
gene 1 22 27 -2.27413 0 64 -2.27413 1
gene 1 22 28 -4.30711 0 65 -4.30711 1
gene 1 22 29 1.1057 0 66 1.1057 1
gene 1 23 27 -3.44654 0 67 -3.44654 1
gene 1 23 28 3.01345 0 68 3.01345 1
gene 1 23 29 0.170265 0 69 0.170265 1
gene 1 24 27 -1.96244 0 70 -1.96244 1
gene 1 24 28 1.30478 0 71 1.30478 1
gene 1 24 29 -0.312356 0 72 -0.312356 1
gene 1 25 27 0.727933 0 73 0.727933 1
gene 1 25 28 0.431255 0 74 0.431255 1
gene 1 25 29 4.06857 0 75 4.06857 1
gene 1 26 27 -0.878723 0 76 -0.878723 1
gene 1 26 28 0.124281 0 77 0.124281 1
gene 1 26 29 -0.0458713 0 78 -0.0458713 1
genomeend 10


