/* Organism #87 Fitness: 12478.032000 Time: 0 */
genomestart 87
trait 1 0.147881 0.000000 1.000000 0.000000 0.856129 0.000000 0.612647 0.000000 
node 1 1 1 1
node 2 1 1 1
node 3 1 1 1
node 4 1 1 1
node 5 1 1 1
node 6 1 1 1
node 7 1 1 1
node 8 1 1 1
node 9 1 1 1
node 10 1 1 1
node 11 1 1 1
node 12 1 1 1
node 13 1 1 1
node 14 1 1 1
node 15 1 1 1
node 16 1 1 1
node 17 1 1 1
node 18 1 1 1
node 19 1 1 1
node 20 1 1 1
node 21 1 1 1
node 22 1 1 1
node 23 1 1 1
node 24 1 1 1
node 25 1 1 1
node 26 1 1 3
node 27 1 0 2
node 28 1 0 2
node 29 1 0 2
gene 1 1 27 -0.116526 0 1 -0.116526 1
gene 1 1 28 1.78299 0 2 1.78299 1
gene 1 1 29 -0.597294 0 3 -0.597294 1
gene 1 2 27 -1.05319 0 4 -1.05319 1
gene 1 2 28 -0.467944 0 5 -0.467944 1
gene 1 2 29 0.321621 0 6 0.321621 1
gene 1 3 27 -0.433453 0 7 -0.433453 1
gene 1 3 28 0.350667 0 8 0.350667 1
gene 1 3 29 2.14304 0 9 2.14304 1
gene 1 4 27 0.933701 0 10 0.933701 1
gene 1 4 28 -0.531238 0 11 -0.531238 1
gene 1 4 29 -0.968393 0 12 -0.968393 1
gene 1 5 27 -2.18434 0 13 -2.18434 1
gene 1 5 28 1.0239 0 14 1.0239 1
gene 1 5 29 0.317358 0 15 0.317358 1
gene 1 6 27 3.14261 0 16 3.14261 1
gene 1 6 28 -1.65002 0 17 -1.65002 1
gene 1 6 29 0.90622 0 18 0.90622 1
gene 1 7 27 0.273334 0 19 0.273334 1
gene 1 7 28 1.24705 0 20 1.24705 1
gene 1 7 29 -2.48473 0 21 -2.48473 1
gene 1 8 27 2.73273 0 22 2.73273 1
gene 1 8 28 4.0464 0 23 4.0464 1
gene 1 8 29 0.980459 0 24 0.980459 1
gene 1 9 27 -2.14137 0 25 -2.14137 1
gene 1 9 28 -1.47018 0 26 -1.47018 1
gene 1 9 29 -1.54901 0 27 -1.54901 1
gene 1 10 27 1.89541 0 28 1.89541 1
gene 1 10 28 -0.224297 0 29 -0.224297 1
gene 1 10 29 -1.21073 0 30 -1.21073 1
gene 1 11 27 -1.06202 0 27 -1.06202 1
gene 1 11 28 -0.0490754 0 32 -0.0490754 1
gene 1 11 29 -0.198126 0 33 -0.198126 1
gene 1 12 27 0.642935 0 34 0.642935 1
gene 1 12 28 1.96105 0 35 1.96105 1
gene 1 12 29 -1.81603 0 36 -1.81603 1
gene 1 13 27 0.978389 0 37 0.978389 1
gene 1 13 28 -0.316048 0 38 -0.316048 1
gene 1 13 29 0.0613529 0 39 0.0613529 1
gene 1 14 27 -0.612609 0 40 -0.612609 1
gene 1 14 28 1.36847 0 41 1.36847 1
gene 1 14 29 0.599368 0 42 0.599368 1
gene 1 15 27 -0.743953 0 43 -0.743953 1
gene 1 15 28 -0.321256 0 44 -0.321256 1
gene 1 15 29 -2.72448 0 45 -2.72448 1
gene 1 16 27 -0.397897 0 46 -0.397897 1
gene 1 16 28 1.28934 0 47 1.28934 1
gene 1 16 29 -1.1625 0 48 -1.1625 1
gene 1 17 27 3.08916 0 49 3.08916 1
gene 1 17 28 1.32368 0 50 1.32368 1
gene 1 17 29 1.17839 0 51 1.17839 1
gene 1 18 27 -1.9365 0 52 -1.9365 1
gene 1 18 28 -1.57869 0 53 -1.57869 1
gene 1 18 29 0.0201038 0 54 0.0201038 1
gene 1 19 27 3.9521 0 55 3.9521 1
gene 1 19 28 -1.11527 0 56 -1.11527 1
gene 1 19 29 0.583534 0 57 0.583534 1
gene 1 20 27 -1.12601 0 58 -1.12601 1
gene 1 20 28 0.301132 0 59 0.301132 1
gene 1 20 29 1.14986 0 60 1.14986 1
gene 1 21 27 -0.809518 0 61 -0.809518 1
gene 1 21 28 2.07245 0 62 2.07245 1
gene 1 21 29 -0.417048 0 63 -0.417048 1
gene 1 22 27 0.955017 0 64 0.955017 1
gene 1 22 28 0.701186 0 65 0.701186 1
gene 1 22 29 0.994786 0 66 0.994786 1
gene 1 23 27 -1.48124 0 67 -1.48124 1
gene 1 23 28 -3.41025 0 68 -3.41025 1
gene 1 23 29 -0.655455 0 69 -0.655455 1
gene 1 24 27 5 0 70 5 1
gene 1 24 28 0.799617 0 71 0.799617 1
gene 1 24 29 0.40516 0 72 0.40516 1
gene 1 25 27 -0.37839 0 73 -0.37839 1
gene 1 25 28 -0.424939 0 74 -0.424939 1
gene 1 25 29 -0.866407 0 75 -0.866407 1
gene 1 26 27 -0.258139 0 76 -0.258139 1
gene 1 26 28 -0.930103 0 77 -0.930103 1
gene 1 26 29 -0.36575 0 78 -0.36575 1
genomeend 87


