/* Organism #7 Fitness: 16234.182000 Time: 0 */
genomestart 7
trait 1 0.000000 0.000000 0.115480 0.618919 1.000000 0.705766 0.000000 0.000000 
node 1 1 1 1
node 2 1 1 1
node 3 1 1 1
node 4 1 1 1
node 5 1 1 1
node 6 1 1 1
node 7 1 1 1
node 8 1 1 1
node 9 1 1 1
node 10 1 1 1
node 11 1 1 1
node 12 1 1 1
node 13 1 1 1
node 14 1 1 1
node 15 1 1 1
node 16 1 1 1
node 17 1 1 1
node 18 1 1 1
node 19 1 1 1
node 20 1 1 1
node 21 1 1 1
node 22 1 1 1
node 23 1 1 1
node 24 1 1 1
node 25 1 1 1
node 26 1 1 1
node 27 1 1 1
node 28 1 1 1
node 29 1 1 1
node 30 1 1 3
node 31 1 0 2
node 32 1 0 2
node 33 1 0 2
gene 1 1 31 0.784005 0 1 0.784005 1
gene 1 1 32 0.708499 0 2 0.708499 1
gene 1 1 33 2.60762 0 3 2.60762 1
gene 1 2 31 -1.02537 0 4 -1.02537 1
gene 1 2 32 0.177148 0 5 0.177148 1
gene 1 2 33 -1.97938 0 6 -1.97938 1
gene 1 3 31 -0.752876 0 7 -0.752876 1
gene 1 3 32 -0.589977 0 8 -0.589977 1
gene 1 3 33 -2.08935 0 9 -2.08935 1
gene 1 4 31 2.64257 0 10 2.64257 1
gene 1 4 32 0.134777 0 11 0.134777 1
gene 1 4 33 1.90707 0 12 1.90707 1
gene 1 5 31 1.29769 0 13 1.29769 1
gene 1 5 32 0.562284 0 14 0.562284 1
gene 1 5 33 1.06968 0 15 1.06968 1
gene 1 6 31 0.271033 0 16 0.271033 1
gene 1 6 32 0.533311 0 17 0.533311 1
gene 1 6 33 0.22196 0 18 0.22196 1
gene 1 7 31 4.39634 0 19 4.39634 1
gene 1 7 32 0.247237 0 20 0.247237 1
gene 1 7 33 -0.927115 0 21 -0.927115 1
gene 1 8 31 -1.6873 0 22 -1.6873 1
gene 1 8 32 -2.58984 0 23 -2.58984 1
gene 1 8 33 1.0075 0 24 1.0075 1
gene 1 9 31 -1.11041 0 25 -1.11041 1
gene 1 9 32 -4.61583 0 26 -4.61583 1
gene 1 9 33 -0.226479 0 27 -0.226479 1
gene 1 10 31 2.72851 0 28 2.72851 1
gene 1 10 32 0.292452 0 29 0.292452 1
gene 1 10 33 1.18596 0 30 1.18596 1
gene 1 11 31 0.495578 0 31 0.495578 1
gene 1 11 32 1.04952 0 32 1.04952 1
gene 1 11 33 0.905994 0 33 0.905994 1
gene 1 12 31 1.02753 0 34 1.02753 1
gene 1 12 32 2.71925 0 35 2.71925 1
gene 1 12 33 -0.0117012 0 36 -0.0117012 1
gene 1 13 31 -0.914369 0 37 -0.914369 1
gene 1 13 32 2.01502 0 38 2.01502 1
gene 1 13 33 1.95567 0 39 1.95567 1
gene 1 14 31 -2.92763 0 40 -2.92763 1
gene 1 14 32 -0.536763 0 41 -0.536763 1
gene 1 14 33 -0.021236 0 42 -0.021236 1
gene 1 15 31 -1.07124 0 43 -1.07124 1
gene 1 15 32 0.628527 0 44 0.628527 1
gene 1 15 33 1.61162 0 45 1.61162 1
gene 1 16 31 -2.69704 0 46 -2.69704 1
gene 1 16 32 0.140879 0 47 0.140879 1
gene 1 16 33 -0.0300709 0 48 -0.0300709 1
gene 1 17 31 -1.1749 0 49 -1.1749 1
gene 1 17 32 -1.0675 0 50 -1.0675 1
gene 1 17 33 -4.58815 0 51 -4.58815 1
gene 1 18 31 0.156922 0 52 0.156922 1
gene 1 18 32 -1.27293 0 53 -1.27293 1
gene 1 18 33 -0.627179 0 54 -0.627179 1
gene 1 19 31 -4.65652 0 55 -4.65652 1
gene 1 19 32 -4.3224 0 56 -4.3224 1
gene 1 19 33 -0.98315 0 57 -0.98315 1
gene 1 20 31 1.08601 0 58 1.08601 1
gene 1 20 32 -0.322025 0 59 -0.322025 1
gene 1 20 33 -1.72896 0 60 -1.72896 1
gene 1 21 31 0.24295 0 61 0.24295 1
gene 1 21 32 -0.24217 0 62 -0.24217 1
gene 1 21 33 1.1065 0 63 1.1065 1
gene 1 22 31 -1.33844 0 64 -1.33844 1
gene 1 22 32 0.51467 0 65 0.51467 1
gene 1 22 33 -1.01734 0 66 -1.01734 1
gene 1 23 31 -4.52423 0 67 -4.52423 1
gene 1 23 32 -3.4306 0 68 -3.4306 1
gene 1 23 33 2.23284 0 69 2.23284 1
gene 1 24 31 -0.653447 0 70 -0.653447 1
gene 1 24 32 2.65314 0 71 2.65314 1
gene 1 24 33 -0.414444 0 72 -0.414444 1
gene 1 25 31 2.14088 0 73 2.14088 1
gene 1 25 32 -0.330573 0 74 -0.330573 1
gene 1 25 33 -0.707549 0 75 -0.707549 1
gene 1 26 31 0.533155 0 76 0.533155 1
gene 1 26 32 -1.69532 0 77 -1.69532 1
gene 1 26 33 0.42832 0 78 0.42832 1
gene 1 27 31 0.211044 0 79 0.211044 1
gene 1 27 32 -1.46765 0 80 -1.46765 1
gene 1 27 33 0.225198 0 81 0.225198 1
gene 1 28 31 -0.0862476 0 82 -0.0862476 1
gene 1 28 32 -0.0162086 0 83 -0.0162086 1
gene 1 28 33 3.35056 0 84 3.35056 1
gene 1 29 31 0.397732 0 85 0.397732 1
gene 1 29 32 -1.29497 0 86 -1.29497 1
gene 1 29 33 -1.42115 0 87 -1.42115 1
gene 1 30 31 0.313879 0 88 0.313879 1
gene 1 30 32 0.256691 0 89 0.256691 1
gene 1 30 33 0.466753 0 90 0.466753 1
genomeend 7


