/* Organism #7 Fitness: 15780.552000 Time: 0 */
genomestart 7
trait 1 0.000000 0.484717 0.131696 1.000000 0.342841 0.303656 0.281865 0.000000 
node 1 1 1 1
node 2 1 1 1
node 3 1 1 1
node 4 1 1 1
node 5 1 1 1
node 6 1 1 1
node 7 1 1 1
node 8 1 1 1
node 9 1 1 1
node 10 1 1 1
node 11 1 1 1
node 12 1 1 1
node 13 1 1 1
node 14 1 1 1
node 15 1 1 1
node 16 1 1 1
node 17 1 1 1
node 18 1 1 1
node 19 1 1 1
node 20 1 1 1
node 21 1 1 1
node 22 1 1 1
node 23 1 1 1
node 24 1 1 1
node 25 1 1 1
node 26 1 1 1
node 27 1 1 1
node 28 1 1 1
node 29 1 1 1
node 30 1 1 3
node 31 1 0 2
node 32 1 0 2
node 33 1 0 2
gene 1 1 31 -1.17996 0 1 -1.17996 1
gene 1 1 32 0.679932 0 2 0.679932 1
gene 1 1 33 0.687934 0 3 0.687934 1
gene 1 2 31 -1.79201 0 4 -1.79201 1
gene 1 2 32 -2.12066 0 5 -2.12066 1
gene 1 2 33 -1.31564 0 6 -1.31564 1
gene 1 3 31 0.204657 0 7 0.204657 1
gene 1 3 32 -0.74572 0 8 -0.74572 1
gene 1 3 33 0.569252 0 9 0.569252 1
gene 1 4 31 3.71127 0 10 3.71127 1
gene 1 4 32 1.80841 0 11 1.80841 1
gene 1 4 33 -0.871829 0 12 -0.871829 1
gene 1 5 31 5 0 13 5 1
gene 1 5 32 0.26479 0 14 0.26479 1
gene 1 5 33 0.676261 0 15 0.676261 1
gene 1 6 31 -0.812789 0 16 -0.812789 1
gene 1 6 32 -0.954041 0 17 -0.954041 1
gene 1 6 33 0.757451 0 18 0.757451 1
gene 1 7 31 4.14634 0 19 4.14634 1
gene 1 7 32 0.925441 0 20 0.925441 1
gene 1 7 33 -0.177946 0 21 -0.177946 1
gene 1 8 31 0.293048 0 22 0.293048 1
gene 1 8 32 -1.05046 0 23 -1.05046 1
gene 1 8 33 0.784761 0 24 0.784761 1
gene 1 9 31 -1.16219 0 25 -1.16219 1
gene 1 9 32 -1.07809 0 26 -1.07809 1
gene 1 9 33 1.04545 0 27 1.04545 1
gene 1 10 31 0.0874998 0 28 0.0874998 1
gene 1 10 32 0.570638 0 29 0.570638 1
gene 1 10 33 -0.610722 0 30 -0.610722 1
gene 1 11 31 1.24903 0 31 1.24903 1
gene 1 11 32 1.33697 0 32 1.33697 1
gene 1 11 33 1.61184 0 33 1.61184 1
gene 1 12 31 5 0 34 5 1
gene 1 12 32 -3.16347 0 35 -3.16347 1
gene 1 12 33 -0.444169 0 36 -0.444169 1
gene 1 13 31 2.20574 0 37 2.20574 1
gene 1 13 32 -5 0 38 -5 1
gene 1 13 33 0.811333 0 39 0.811333 1
gene 1 14 31 -0.105849 0 40 -0.105849 1
gene 1 14 32 1.48572 0 41 1.48572 1
gene 1 14 33 4.29398 0 42 4.29398 1
gene 1 15 31 -5 0 43 -5 1
gene 1 15 32 0.860063 0 44 0.860063 1
gene 1 15 33 -2.29218 0 45 -2.29218 1
gene 1 16 31 -1.2974 0 46 -1.2974 1
gene 1 16 32 1.00225 0 47 1.00225 1
gene 1 16 33 -0.935827 0 48 -0.935827 1
gene 1 17 31 0.582807 0 49 0.582807 1
gene 1 17 32 -2.76454 0 50 -2.76454 1
gene 1 17 33 -0.144114 0 51 -0.144114 1
gene 1 18 31 -1.90073 0 52 -1.90073 1
gene 1 18 32 -2.33298 0 53 -2.33298 1
gene 1 18 33 -0.799151 0 54 -0.799151 1
gene 1 19 31 -2.58479 0 55 -2.58479 1
gene 1 19 32 -1.49828 0 56 -1.49828 1
gene 1 19 33 0.457836 0 57 0.457836 1
gene 1 20 31 0.526748 0 58 0.526748 1
gene 1 20 32 -0.445379 0 59 -0.445379 1
gene 1 20 33 -2.11998 0 60 -2.11998 1
gene 1 21 31 0.0656888 0 61 0.0656888 1
gene 1 21 32 -0.415861 0 62 -0.415861 1
gene 1 21 33 -2.63446 0 63 -2.63446 1
gene 1 22 31 0.247714 0 64 0.247714 1
gene 1 22 32 -1.42692 0 65 -1.42692 1
gene 1 22 33 -0.581875 0 66 -0.581875 1
gene 1 23 31 -1.6103 0 67 -1.6103 1
gene 1 23 32 0.313553 0 68 0.313553 1
gene 1 23 33 -1.32513 0 69 -1.32513 1
gene 1 24 31 2.17563 0 70 2.17563 1
gene 1 24 32 -2.59241 0 71 -2.59241 1
gene 1 24 33 -0.554246 0 72 -0.554246 1
gene 1 25 31 1.07906 0 73 1.07906 1
gene 1 25 32 0.0530421 0 74 0.0530421 1
gene 1 25 33 0.941983 0 75 0.941983 1
gene 1 26 31 -2.44837 0 76 -2.44837 1
gene 1 26 32 0.255423 0 77 0.255423 1
gene 1 26 33 -1.02778 0 78 -1.02778 1
gene 1 27 31 -0.0165763 0 79 -0.0165763 1
gene 1 27 32 0.0496987 0 80 0.0496987 1
gene 1 27 33 -0.0195435 0 81 -0.0195435 1
gene 1 28 31 0.173527 0 82 0.173527 1
gene 1 28 32 -0.0848702 0 83 -0.0848702 1
gene 1 28 33 0.485667 0 84 0.485667 1
gene 1 29 31 -0.373862 0 85 -0.373862 1
gene 1 29 32 -0.225521 0 86 -0.225521 1
gene 1 29 33 -1.79764 0 87 -1.79764 1
gene 1 30 31 -0.335239 0 88 -0.335239 1
gene 1 30 32 -1.46174 0 89 -1.46174 1
gene 1 30 33 -0.670163 0 90 -0.670163 1
genomeend 7


