/* Organism #4 Fitness: 11352.584000 Time: 0 */
genomestart 4
trait 1 0.757729 0.492559 0.715607 0.808015 0.318754 0.000000 0.000000 0.480616 
node 1 1 1 1
node 2 1 1 1
node 3 1 1 1
node 4 1 1 1
node 5 1 1 1
node 6 1 1 1
node 7 1 1 1
node 8 1 1 1
node 9 1 1 1
node 10 1 1 1
node 11 1 1 1
node 12 1 1 1
node 13 1 1 1
node 14 1 1 1
node 15 1 1 1
node 16 1 1 1
node 17 1 1 1
node 18 1 1 1
node 19 1 1 1
node 20 1 1 1
node 21 1 1 1
node 22 1 1 1
node 23 1 1 1
node 24 1 1 1
node 25 1 1 1
node 26 1 1 1
node 27 1 1 1
node 28 1 1 1
node 29 1 1 1
node 30 1 1 3
node 31 1 0 2
node 32 1 0 2
node 33 1 0 2
gene 1 1 31 -3.38487 0 1 -3.38487 1
gene 1 1 32 -3.25544 0 2 -3.25544 1
gene 1 1 33 0.475324 0 3 0.475324 1
gene 1 2 31 -0.376218 0 4 -0.376218 1
gene 1 2 32 2.29929 0 5 2.29929 1
gene 1 2 33 0.150339 0 6 0.150339 1
gene 1 3 31 0.426931 0 7 0.426931 1
gene 1 3 32 0.294563 0 8 0.294563 1
gene 1 3 33 2.53892 0 9 2.53892 1
gene 1 4 31 -1.9727 0 10 -1.9727 1
gene 1 4 32 -1.89686 0 11 -1.89686 1
gene 1 4 33 -0.608186 0 12 -0.608186 1
gene 1 5 31 2.43234 0 13 2.43234 1
gene 1 5 32 -0.632893 0 14 -0.632893 1
gene 1 5 33 3.84201 0 15 3.84201 1
gene 1 6 31 3.0423 0 16 3.0423 1
gene 1 6 32 1.19492 0 17 1.19492 1
gene 1 6 33 2.09644 0 18 2.09644 1
gene 1 7 31 -0.136211 0 19 -0.136211 1
gene 1 7 32 0.984731 0 20 0.984731 1
gene 1 7 33 2.47534 0 21 2.47534 1
gene 1 8 31 -0.867332 0 22 -0.867332 1
gene 1 8 32 -0.610269 0 23 -0.610269 1
gene 1 8 33 1.34622 0 24 1.34622 1
gene 1 9 31 -2.10123 0 25 -2.10123 1
gene 1 9 32 4.24639 0 26 4.24639 1
gene 1 9 33 2.3613 0 27 2.3613 1
gene 1 10 31 0.619676 0 28 0.619676 1
gene 1 10 32 4.14084 0 29 4.14084 1
gene 1 10 33 -0.755635 0 30 -0.755635 1
gene 1 11 31 -3.57416 0 31 -3.57416 1
gene 1 11 32 0.879196 0 32 0.879196 1
gene 1 11 33 -1.00107 0 33 -1.00107 1
gene 1 12 31 -0.220048 0 34 -0.220048 1
gene 1 12 32 -5 0 35 -5 1
gene 1 12 33 4.45713 0 36 4.45713 1
gene 1 13 31 -1.60565 0 37 -1.60565 1
gene 1 13 32 -3.05246 0 38 -3.05246 1
gene 1 13 33 0.495091 0 39 0.495091 1
gene 1 14 31 1.98204 0 40 1.98204 1
gene 1 14 32 -4.92879 0 41 -4.92879 1
gene 1 14 33 -0.383271 0 42 -0.383271 1
gene 1 15 31 5 0 43 5 1
gene 1 15 32 -2.28303 0 44 -2.28303 1
gene 1 15 33 -3.3621 0 45 -3.3621 1
gene 1 16 31 0.158332 0 46 0.158332 1
gene 1 16 32 3.20265 0 47 3.20265 1
gene 1 16 33 3.21604 0 48 3.21604 1
gene 1 17 31 0.236728 0 49 0.236728 1
gene 1 17 32 1.69868 0 50 1.69868 1
gene 1 17 33 -3.71664 0 51 -3.71664 1
gene 1 18 31 3.17624 0 52 3.17624 1
gene 1 18 32 2.13574 0 53 2.13574 1
gene 1 18 33 -3.37832 0 54 -3.37832 1
gene 1 19 31 4.70693 0 55 4.70693 1
gene 1 19 32 2.20664 0 56 2.20664 1
gene 1 19 33 0.489811 0 57 0.489811 1
gene 1 20 31 -2.37644 0 58 -2.37644 1
gene 1 20 32 -0.683791 0 59 -0.683791 1
gene 1 20 33 -3.43218 0 60 -3.43218 1
gene 1 21 31 -3.31351 0 61 -3.31351 1
gene 1 21 32 -4.19243 0 62 -4.19243 1
gene 1 21 33 -1.25506 0 63 -1.25506 1
gene 1 22 31 0.227868 0 64 0.227868 1
gene 1 22 32 -0.510715 0 65 -0.510715 1
gene 1 22 33 2.89687 0 66 2.89687 1
gene 1 23 31 -2.31659 0 67 -2.31659 1
gene 1 23 32 -1.36109 0 68 -1.36109 1
gene 1 23 33 3.12516 0 69 3.12516 1
gene 1 24 31 -1.46158 0 70 -1.46158 1
gene 1 24 32 -0.821797 0 71 -0.821797 1
gene 1 24 33 -1.78114 0 72 -1.78114 1
gene 1 25 31 -2.5478 0 73 -2.5478 1
gene 1 25 32 -0.214932 0 74 -0.214932 1
gene 1 25 33 -0.253368 0 75 -0.253368 1
gene 1 26 31 0.0276128 0 76 0.0276128 1
gene 1 26 32 -1.64037 0 77 -1.64037 1
gene 1 26 33 0.701714 0 78 0.701714 1
gene 1 27 31 -0.212578 0 79 -0.212578 1
gene 1 27 32 -1.02521 0 80 -1.02521 1
gene 1 27 33 1.43247 0 81 1.43247 1
gene 1 28 31 -1.35188 0 82 -1.35188 1
gene 1 28 32 -1.03508 0 83 -1.03508 1
gene 1 28 33 0.266054 0 84 0.266054 1
gene 1 29 31 0.0556086 0 85 0.0556086 1
gene 1 29 32 -0.568692 0 86 -0.568692 1
gene 1 29 33 -0.2818 0 87 -0.2818 1
gene 1 30 31 -0.034553 0 88 -0.034553 1
gene 1 30 32 -0.985444 0 89 -0.985444 1
gene 1 30 33 -2.02357 0 90 -2.02357 1
genomeend 4


