/* Organism #8 Fitness: 14557.458000 Time: 0 */
genomestart 8
trait 1 1.000000 0.000000 1.000000 0.225172 0.800578 1.000000 0.383082 0.000000 
node 1 1 1 1
node 2 1 1 1
node 3 1 1 1
node 4 1 1 1
node 5 1 1 1
node 6 1 1 1
node 7 1 1 1
node 8 1 1 1
node 9 1 1 1
node 10 1 1 1
node 11 1 1 1
node 12 1 1 1
node 13 1 1 1
node 14 1 1 1
node 15 1 1 1
node 16 1 1 1
node 17 1 1 1
node 18 1 1 1
node 19 1 1 1
node 20 1 1 1
node 21 1 1 1
node 22 1 1 1
node 23 1 1 1
node 24 1 1 1
node 25 1 1 1
node 26 1 1 1
node 27 1 1 1
node 28 1 1 1
node 29 1 1 1
node 30 1 1 3
node 31 1 0 2
node 32 1 0 2
node 33 1 0 2
gene 1 1 31 3.25906 0 1 3.25906 1
gene 1 1 32 -4.39548 0 2 -4.39548 1
gene 1 1 33 2.80044 0 3 2.80044 1
gene 1 2 31 0.786097 0 4 0.786097 1
gene 1 2 32 4.71771 0 5 4.71771 1
gene 1 2 33 -1.18503 0 6 -1.18503 1
gene 1 3 31 -2.21188 0 7 -2.21188 1
gene 1 3 32 1.23015 0 8 1.23015 1
gene 1 3 33 -4.06515 0 9 -4.06515 1
gene 1 4 31 -4.60076 0 10 -4.60076 1
gene 1 4 32 1.2234 0 11 1.2234 1
gene 1 4 33 0.388955 0 12 0.388955 1
gene 1 5 31 -3.75223 0 13 -3.75223 1
gene 1 5 32 1.36373 0 14 1.36373 1
gene 1 5 33 -1.82512 0 15 -1.82512 1
gene 1 6 31 0.78185 0 16 0.78185 1
gene 1 6 32 1.55219 0 17 1.55219 1
gene 1 6 33 0.551884 0 18 0.551884 1
gene 1 7 31 -0.761879 0 19 -0.761879 1
gene 1 7 32 -0.540951 0 20 -0.540951 1
gene 1 7 33 -1.31817 0 21 -1.31817 1
gene 1 8 31 -2.41343 0 22 -2.41343 1
gene 1 8 32 -0.52257 0 23 -0.52257 1
gene 1 8 33 2.03483 0 24 2.03483 1
gene 1 9 31 -1.64113 0 25 -1.64113 1
gene 1 9 32 -1.89356 0 26 -1.89356 1
gene 1 9 33 -0.226276 0 27 -0.226276 1
gene 1 10 31 0.450593 0 28 0.450593 1
gene 1 10 32 -0.0391528 0 29 -0.0391528 1
gene 1 10 33 1.04774 0 30 1.04774 1
gene 1 11 31 -2.18161 0 31 -2.18161 1
gene 1 11 32 0.35397 0 32 0.35397 1
gene 1 11 33 -3.15821 0 33 -3.15821 1
gene 1 12 31 -2.27186 0 34 -2.27186 1
gene 1 12 32 -0.924408 0 35 -0.924408 1
gene 1 12 33 -0.346081 0 36 -0.346081 1
gene 1 13 31 3.23379 0 37 3.23379 1
gene 1 13 32 3.37466 0 38 3.37466 1
gene 1 13 33 -0.595573 0 39 -0.595573 1
gene 1 14 31 -0.753544 0 40 -0.753544 1
gene 1 14 32 -0.0940497 0 41 -0.0940497 1
gene 1 14 33 0.897247 0 42 0.897247 1
gene 1 15 31 2.58599 0 43 2.58599 1
gene 1 15 32 0.29324 0 44 0.29324 1
gene 1 15 33 2.84693 0 45 2.84693 1
gene 1 16 31 2.51133 0 46 2.51133 1
gene 1 16 32 -2.45949 0 47 -2.45949 1
gene 1 16 33 -1.75934 0 48 -1.75934 1
gene 1 17 31 -1.48344 0 49 -1.48344 1
gene 1 17 32 0.575684 0 50 0.575684 1
gene 1 17 33 -4.73637 0 51 -4.73637 1
gene 1 18 31 -0.850385 0 52 -0.850385 1
gene 1 18 32 2.71675 0 53 2.71675 1
gene 1 18 33 -1.08015 0 54 -1.08015 1
gene 1 19 31 3.46959 0 55 3.46959 1
gene 1 19 32 3.11665 0 56 3.11665 1
gene 1 19 33 1.30876 0 57 1.30876 1
gene 1 20 31 -2.01397 0 58 -2.01397 1
gene 1 20 32 0.092346 0 59 0.092346 1
gene 1 20 33 -0.83189 0 60 -0.83189 1
gene 1 21 31 1.66694 0 61 1.66694 1
gene 1 21 32 0.770941 0 62 0.770941 1
gene 1 21 33 1.77645 0 63 1.77645 1
gene 1 22 31 -2.21259 0 64 -2.21259 1
gene 1 22 32 -2.28069 0 65 -2.28069 1
gene 1 22 33 4.70277 0 66 4.70277 1
gene 1 23 31 4.69461 0 67 4.69461 1
gene 1 23 32 -1.30216 0 68 -1.30216 1
gene 1 23 33 -2.35167 0 69 -2.35167 1
gene 1 24 31 0.409045 0 70 0.409045 1
gene 1 24 32 -3.39441 0 71 -3.39441 1
gene 1 24 33 1.6744 0 72 1.6744 1
gene 1 25 31 -1.16671 0 73 -1.16671 1
gene 1 25 32 -1.35686 0 74 -1.35686 1
gene 1 25 33 -1.32521 0 75 -1.32521 1
gene 1 26 31 -0.332582 0 76 -0.332582 1
gene 1 26 32 0.129193 0 77 0.129193 1
gene 1 26 33 0.201022 0 78 0.201022 1
gene 1 27 31 -0.450006 0 79 -0.450006 1
gene 1 27 32 -1.21988 0 80 -1.21988 1
gene 1 27 33 -0.245233 0 81 -0.245233 1
gene 1 28 31 1.36471 0 82 1.36471 1
gene 1 28 32 -1.02284 0 83 -1.02284 1
gene 1 28 33 0.392116 0 84 0.392116 1
gene 1 29 31 -0.0646028 0 85 -0.0646028 1
gene 1 29 32 0.76351 0 86 0.76351 1
gene 1 29 33 1.51646 0 87 1.51646 1
gene 1 30 31 -4.41471 0 88 -4.41471 1
gene 1 30 32 -4.96499 0 89 -4.96499 1
gene 1 30 33 -5 0 90 -5 1
genomeend 8


