/* Organism #0 Fitness: 19695.934000 Time: 0 */
genomestart 0
trait 1 0.000000 0.000000 0.000000 0.396498 0.000000 0.869345 0.077210 0.073503 
node 1 1 1 1
node 2 1 1 1
node 3 1 1 1
node 4 1 1 1
node 5 1 1 1
node 6 1 1 1
node 7 1 1 1
node 8 1 1 1
node 9 1 1 1
node 10 1 1 1
node 11 1 1 1
node 12 1 1 1
node 13 1 1 1
node 14 1 1 1
node 15 1 1 1
node 16 1 1 1
node 17 1 1 1
node 18 1 1 1
node 19 1 1 1
node 20 1 1 1
node 21 1 1 1
node 22 1 1 1
node 23 1 1 1
node 24 1 1 1
node 25 1 1 1
node 26 1 1 1
node 27 1 1 1
node 28 1 1 1
node 29 1 1 1
node 30 1 1 1
node 31 1 1 1
node 32 1 1 1
node 33 1 1 1
node 34 1 1 1
node 35 1 1 3
node 36 1 0 2
node 37 1 0 2
node 38 1 0 2
node 39 1 0 2
gene 1 1 36 -1.56428 0 1 -1.56428 1
gene 1 1 37 4.93245 0 2 4.93245 1
gene 1 1 38 -3.34786 0 3 -3.34786 1
gene 1 1 39 1.85232 0 4 1.85232 1
gene 1 2 36 0.0152777 0 5 0.0152777 1
gene 1 2 37 2.24583 0 6 2.24583 1
gene 1 2 38 -2.17197 0 7 -2.17197 1
gene 1 2 39 -1.52199 0 8 -1.52199 1
gene 1 3 36 1.09127 0 9 1.09127 1
gene 1 3 37 5 0 10 5 1
gene 1 3 38 1.27187 0 11 1.27187 1
gene 1 3 39 0.410698 0 12 0.410698 1
gene 1 4 36 2.02353 0 13 2.02353 1
gene 1 4 37 0.70561 0 14 0.70561 1
gene 1 4 38 3.93437 0 15 3.93437 1
gene 1 4 39 -4.44254 0 16 -4.44254 1
gene 1 5 36 -1.68401 0 17 -1.68401 1
gene 1 5 37 -5 0 18 -5 1
gene 1 5 38 -0.799536 0 19 -0.799536 1
gene 1 5 39 0.863167 0 20 0.863167 1
gene 1 6 36 4.46033 0 21 4.46033 1
gene 1 6 37 0.926162 0 22 0.926162 1
gene 1 6 38 -0.993657 0 23 -0.993657 1
gene 1 6 39 -0.67924 0 24 -0.67924 1
gene 1 7 36 4.93773 0 25 4.93773 1
gene 1 7 37 0.811839 0 26 0.811839 1
gene 1 7 38 -0.290595 0 27 -0.290595 1
gene 1 7 39 -0.817094 0 28 -0.817094 1
gene 1 8 36 0.0754249 0 29 0.0754249 1
gene 1 8 37 -0.174784 0 30 -0.174784 1
gene 1 8 38 -4.13478 0 31 -4.13478 1
gene 1 8 39 -1.00337 0 32 -1.00337 1
gene 1 9 36 2.15264 0 33 2.15264 1
gene 1 9 37 1.50554 0 34 1.50554 1
gene 1 9 38 -3.50574 0 35 -3.50574 1
gene 1 9 39 0.587945 0 36 0.587945 1
gene 1 10 36 2.04081 0 37 2.04081 1
gene 1 10 37 -0.627508 0 38 -0.627508 1
gene 1 10 38 -3.68643 0 39 -3.68643 1
gene 1 10 39 -2.46353 0 40 -2.46353 1
gene 1 11 36 -3.51862 0 41 -3.51862 1
gene 1 11 37 3.11933 0 42 3.11933 1
gene 1 11 38 -0.203226 0 43 -0.203226 1
gene 1 11 39 0.943994 0 44 0.943994 1
gene 1 12 36 -3.30508 0 45 -3.30508 1
gene 1 12 37 0.910163 0 46 0.910163 1
gene 1 12 38 -3.26978 0 47 -3.26978 1
gene 1 12 39 3.23402 0 48 3.23402 1
gene 1 13 36 0.496593 0 49 0.496593 1
gene 1 13 37 -0.703204 0 50 -0.703204 1
gene 1 13 38 -2.46364 0 51 -2.46364 1
gene 1 13 39 -0.744277 0 52 -0.744277 1
gene 1 14 36 3.33519 0 53 3.33519 1
gene 1 14 37 -0.498087 0 54 -0.498087 1
gene 1 14 38 -3.02341 0 55 -3.02341 1
gene 1 14 39 -2.962 0 56 -2.962 1
gene 1 15 36 0.77088 0 57 0.77088 1
gene 1 15 37 0.29985 0 58 0.29985 1
gene 1 15 38 -1.41593 0 59 -1.41593 1
gene 1 15 39 -4.30725 0 60 -4.30725 1
gene 1 16 36 0.265865 0 61 0.265865 1
gene 1 16 37 -1.09948 0 62 -1.09948 1
gene 1 16 38 0.440191 0 63 0.440191 1
gene 1 16 39 3.59776 0 64 3.59776 1
gene 1 17 36 1.93781 0 65 1.93781 1
gene 1 17 37 2.14825 0 66 2.14825 1
gene 1 17 38 -4.75001 0 67 -4.75001 1
gene 1 17 39 -0.826975 0 68 -0.826975 1
gene 1 18 36 3.79298 0 69 3.79298 1
gene 1 18 37 -0.933671 0 70 -0.933671 1
gene 1 18 38 0.309808 0 71 0.309808 1
gene 1 18 39 0.10506 0 72 0.10506 1
gene 1 19 36 3.1334 0 73 3.1334 1
gene 1 19 37 -0.750639 0 74 -0.750639 1
gene 1 19 38 1.94738 0 75 1.94738 1
gene 1 19 39 -0.488577 0 76 -0.488577 1
gene 1 20 36 -2.311 0 77 -2.311 1
gene 1 20 37 1.37533 0 78 1.37533 1
gene 1 20 38 1.18605 0 79 1.18605 1
gene 1 20 39 0.399091 0 80 0.399091 1
gene 1 21 36 3.86654 0 81 3.86654 1
gene 1 21 37 3.00027 0 82 3.00027 1
gene 1 21 38 2.09472 0 83 2.09472 1
gene 1 21 39 2.73778 0 84 2.73778 1
gene 1 22 36 -3.86285 0 85 -3.86285 1
gene 1 22 37 3.42204 0 86 3.42204 1
gene 1 22 38 -0.124922 0 87 -0.124922 1
gene 1 22 39 -0.390007 0 88 -0.390007 1
gene 1 23 36 -1.86594 0 89 -1.86594 1
gene 1 23 37 -0.375549 0 90 -0.375549 1
gene 1 23 38 0.908135 0 91 0.908135 1
gene 1 23 39 -5 0 92 -5 1
gene 1 24 36 2.0788 0 93 2.0788 1
gene 1 24 37 1.11701 0 94 1.11701 1
gene 1 24 38 -1.98939 0 95 -1.98939 1
gene 1 24 39 1.32511 0 96 1.32511 1
gene 1 25 36 -3.27686 0 97 -3.27686 1
gene 1 25 37 3.15263 0 98 3.15263 1
gene 1 25 38 -0.817425 0 99 -0.817425 1
gene 1 25 39 0.507884 0 100 0.507884 1
gene 1 26 36 1.56219 0 101 1.56219 1
gene 1 26 37 -0.670654 0 102 -0.670654 1
gene 1 26 38 0.334109 0 103 0.334109 1
gene 1 26 39 -3.82601 0 104 -3.82601 1
gene 1 27 36 0.941006 0 105 0.941006 1
gene 1 27 37 -1.98326 0 106 -1.98326 1
gene 1 27 38 4.09242 0 107 4.09242 1
gene 1 27 39 -2.77968 0 108 -2.77968 1
gene 1 28 36 1.21711 0 109 1.21711 1
gene 1 28 37 0.559998 0 110 0.559998 1
gene 1 28 38 -4.35137 0 111 -4.35137 1
gene 1 28 39 -0.390574 0 112 -0.390574 1
gene 1 29 36 -0.917585 0 113 -0.917585 1
gene 1 29 37 -0.127602 0 114 -0.127602 1
gene 1 29 38 0.804125 0 115 0.804125 1
gene 1 29 39 0.397798 0 116 0.397798 1
gene 1 30 36 -0.224088 0 117 -0.224088 1
gene 1 30 37 0.0731327 0 118 0.0731327 1
gene 1 30 38 -0.731231 0 119 -0.731231 1
gene 1 30 39 0.476613 0 120 0.476613 1
gene 1 31 36 0.531885 0 121 0.531885 1
gene 1 31 37 -0.122928 0 122 -0.122928 1
gene 1 31 38 -0.155618 0 123 -0.155618 1
gene 1 31 39 -0.559841 0 124 -0.559841 1
gene 1 32 36 -1.02564 0 125 -1.02564 1
gene 1 32 37 0.379217 0 126 0.379217 1
gene 1 32 38 -0.183941 0 127 -0.183941 1
gene 1 32 39 -0.897441 0 128 -0.897441 1
gene 1 33 36 1.18158 0 129 1.18158 1
gene 1 33 37 0.198336 0 130 0.198336 1
gene 1 33 38 0.78384 0 131 0.78384 1
gene 1 33 39 0.562387 0 132 0.562387 1
gene 1 34 36 2.04321 0 133 2.04321 1
gene 1 34 37 0.0604515 0 134 0.0604515 1
gene 1 34 38 -2.00597 0 135 -2.00597 1
gene 1 34 39 -1.4252 0 136 -1.4252 1
gene 1 35 36 1.28894 0 137 1.28894 1
gene 1 35 37 0.79167 0 138 0.79167 1
gene 1 35 38 0.558336 0 139 0.558336 1
gene 1 35 39 -0.829324 0 140 -0.829324 1
genomeend 0


