/* Organism #6 Fitness: 20305.326000 Time: 0 */
genomestart 6
trait 1 0.100000 0.000000 0.000000 0.000000 0.000000 0.675084 0.000000 0.000000 
node 1 1 1 1
node 2 1 1 1
node 3 1 1 1
node 4 1 1 1
node 5 1 1 1
node 6 1 1 1
node 7 1 1 1
node 8 1 1 1
node 9 1 1 1
node 10 1 1 1
node 11 1 1 1
node 12 1 1 1
node 13 1 1 1
node 14 1 1 1
node 15 1 1 1
node 16 1 1 1
node 17 1 1 1
node 18 1 1 1
node 19 1 1 1
node 20 1 1 1
node 21 1 1 1
node 22 1 1 1
node 23 1 1 1
node 24 1 1 1
node 25 1 1 1
node 26 1 1 1
node 27 1 1 1
node 28 1 1 1
node 29 1 1 1
node 30 1 1 1
node 31 1 1 1
node 32 1 1 1
node 33 1 1 1
node 34 1 1 1
node 35 1 1 3
node 36 1 0 2
node 37 1 0 2
node 38 1 0 2
node 39 1 0 2
gene 1 1 36 -1.12917 0 1 -1.12917 1
gene 1 1 37 0.833644 0 2 0.833644 1
gene 1 1 38 -1.1788 0 3 -1.1788 1
gene 1 1 39 -2.85796 0 4 -2.85796 1
gene 1 2 36 -3.84515 0 5 -3.84515 1
gene 1 2 37 -3.22626 0 6 -3.22626 1
gene 1 2 38 2.27645 0 7 2.27645 1
gene 1 2 39 1.02177 0 8 1.02177 1
gene 1 3 36 -3.22568 0 9 -3.22568 1
gene 1 3 37 0.186046 0 10 0.186046 1
gene 1 3 38 -2.17838 0 11 -2.17838 1
gene 1 3 39 0.75369 0 12 0.75369 1
gene 1 4 36 0.601681 0 13 0.601681 1
gene 1 4 37 0.219845 0 14 0.219845 1
gene 1 4 38 0.758796 0 15 0.758796 1
gene 1 4 39 -2.13342 0 16 -2.13342 1
gene 1 5 36 1.07909 0 17 1.07909 1
gene 1 5 37 1.50578 0 18 1.50578 1
gene 1 5 38 -0.465666 0 19 -0.465666 1
gene 1 5 39 -3.13516 0 20 -3.13516 1
gene 1 6 36 0.353039 0 21 0.353039 1
gene 1 6 37 -0.597544 0 22 -0.597544 1
gene 1 6 38 -1.86875 0 23 -1.86875 1
gene 1 6 39 -0.583172 0 24 -0.583172 1
gene 1 7 36 -3.28709 0 25 -3.28709 1
gene 1 7 37 1.33543 0 26 1.33543 1
gene 1 7 38 -2.014 0 27 -2.014 1
gene 1 7 39 -2.71338 0 28 -2.71338 1
gene 1 8 36 -0.308976 0 29 -0.308976 1
gene 1 8 37 -1.03037 0 30 -1.03037 1
gene 1 8 38 1.08146 0 31 1.08146 1
gene 1 8 39 -2.38072 0 32 -2.38072 1
gene 1 9 36 -1.5834 0 33 -1.5834 1
gene 1 9 37 0.226083 0 34 0.226083 1
gene 1 9 38 1.90703 0 35 1.90703 1
gene 1 9 39 2.45981 0 36 2.45981 1
gene 1 10 36 0.819785 0 37 0.819785 1
gene 1 10 37 -1.30648 0 38 -1.30648 1
gene 1 10 38 0.496507 0 39 0.496507 1
gene 1 10 39 3.04643 0 40 3.04643 1
gene 1 11 36 3.55817 0 41 3.55817 1
gene 1 11 37 1.04423 0 42 1.04423 1
gene 1 11 38 -2.49368 0 43 -2.49368 1
gene 1 11 39 -0.188787 0 44 -0.188787 1
gene 1 12 36 1.64354 0 45 1.64354 1
gene 1 12 37 -0.475735 0 46 -0.475735 1
gene 1 12 38 1.66314 0 47 1.66314 1
gene 1 12 39 -1.23904 0 48 -1.23904 1
gene 1 13 36 2.05989 0 49 2.05989 1
gene 1 13 37 -0.428356 0 50 -0.428356 1
gene 1 13 38 3.98967 0 51 3.98967 1
gene 1 13 39 0.404886 0 52 0.404886 1
gene 1 14 36 1.9994 0 53 1.9994 1
gene 1 14 37 2.71776 0 54 2.71776 1
gene 1 14 38 -1.39516 0 55 -1.39516 1
gene 1 14 39 3.81819 0 56 3.81819 1
gene 1 15 36 -4.05752 0 57 -4.05752 1
gene 1 15 37 -0.976272 0 58 -0.976272 1
gene 1 15 38 0.242384 0 59 0.242384 1
gene 1 15 39 0.175756 0 60 0.175756 1
gene 1 16 36 1.66104 0 61 1.66104 1
gene 1 16 37 0.818285 0 62 0.818285 1
gene 1 16 38 -0.418628 0 63 -0.418628 1
gene 1 16 39 1.35282 0 64 1.35282 1
gene 1 17 36 0.650247 0 65 0.650247 1
gene 1 17 37 -4.79894 0 66 -4.79894 1
gene 1 17 38 0.727951 0 67 0.727951 1
gene 1 17 39 0.202323 0 68 0.202323 1
gene 1 18 36 -5 0 69 -5 1
gene 1 18 37 -0.515424 0 70 -0.515424 1
gene 1 18 38 -2.71818 0 71 -2.71818 1
gene 1 18 39 -0.385057 0 72 -0.385057 1
gene 1 19 36 -3.50785 0 73 -3.50785 1
gene 1 19 37 -1.29504 0 74 -1.29504 1
gene 1 19 38 -1.23493 0 75 -1.23493 1
gene 1 19 39 0.0431109 0 76 0.0431109 1
gene 1 20 36 -1.05335 0 77 -1.05335 1
gene 1 20 37 -0.727339 0 78 -0.727339 1
gene 1 20 38 -3.65973 0 79 -3.65973 1
gene 1 20 39 4.99403 0 80 4.99403 1
gene 1 21 36 2.45015 0 81 2.45015 1
gene 1 21 37 1.50229 0 82 1.50229 1
gene 1 21 38 -0.29484 0 83 -0.29484 1
gene 1 21 39 -1.72357 0 84 -1.72357 1
gene 1 22 36 0.269914 0 85 0.269914 1
gene 1 22 37 -4.00615 0 86 -4.00615 1
gene 1 22 38 0.0940726 0 87 0.0940726 1
gene 1 22 39 0.266151 0 88 0.266151 1
gene 1 23 36 1.51591 0 89 1.51591 1
gene 1 23 37 -0.333535 0 90 -0.333535 1
gene 1 23 38 0.402122 0 91 0.402122 1
gene 1 23 39 -0.457063 0 92 -0.457063 1
gene 1 24 36 0.0171248 0 93 0.0171248 1
gene 1 24 37 1.7348 0 94 1.7348 1
gene 1 24 38 0.0891099 0 95 0.0891099 1
gene 1 24 39 -2.47427 0 96 -2.47427 1
gene 1 25 36 2.60814 0 97 2.60814 1
gene 1 25 37 -1.49115 0 98 -1.49115 1
gene 1 25 38 1.67989 0 99 1.67989 1
gene 1 25 39 -1.12519 0 100 -1.12519 1
gene 1 26 36 -5 0 101 -5 1
gene 1 26 37 1.51733 0 102 1.51733 1
gene 1 26 38 4.85757 0 103 4.85757 1
gene 1 26 39 2.71061 0 104 2.71061 1
gene 1 27 36 -2.44656 0 105 -2.44656 1
gene 1 27 37 1.0406 0 106 1.0406 1
gene 1 27 38 -0.0802798 0 107 -0.0802798 1
gene 1 27 39 -2.99828 0 108 -2.99828 1
gene 1 28 36 -0.228627 0 109 -0.228627 1
gene 1 28 37 -2.09433 0 110 -2.09433 1
gene 1 28 38 -2.03605 0 111 -2.03605 1
gene 1 28 39 3.0001 0 112 3.0001 1
gene 1 29 36 -0.350075 0 113 -0.350075 1
gene 1 29 37 0.780015 0 114 0.780015 1
gene 1 29 38 0.308945 0 115 0.308945 1
gene 1 29 39 -0.878037 0 116 -0.878037 1
gene 1 30 36 5 0 117 5 1
gene 1 30 37 0.79731 0 118 0.79731 1
gene 1 30 38 0.973413 0 119 0.973413 1
gene 1 30 39 1.12703 0 120 1.12703 1
gene 1 31 36 0.903654 0 121 0.903654 1
gene 1 31 37 -0.917491 0 122 -0.917491 1
gene 1 31 38 -0.994319 0 123 -0.994319 1
gene 1 31 39 -1.99893 0 124 -1.99893 1
gene 1 32 36 1.17266 0 125 1.17266 1
gene 1 32 37 -0.823802 0 126 -0.823802 1
gene 1 32 38 0.351902 0 127 0.351902 1
gene 1 32 39 -0.561772 0 128 -0.561772 1
gene 1 33 36 0.764627 0 129 0.764627 1
gene 1 33 37 0.775968 0 130 0.775968 1
gene 1 33 38 -1.9735 0 131 -1.9735 1
gene 1 33 39 0.0551428 0 132 0.0551428 1
gene 1 34 36 2.03206 0 133 2.03206 1
gene 1 34 37 1.35817 0 134 1.35817 1
gene 1 34 38 2.13661 0 135 2.13661 1
gene 1 34 39 -0.0450318 0 136 -0.0450318 1
gene 1 35 36 -3.03158 0 137 -3.03158 1
gene 1 35 37 -2.06162 0 138 -2.06162 1
gene 1 35 38 -1.25165 0 139 -1.25165 1
gene 1 35 39 -2.19077 0 140 -2.19077 1
genomeend 6


