/* Organism #2 Fitness: 20654.058000 Time: 0 */
genomestart 2
trait 1 0.873770 0.000000 0.000000 0.045407 0.000000 0.000000 0.000000 0.000000 
node 1 1 1 1
node 2 1 1 1
node 3 1 1 1
node 4 1 1 1
node 5 1 1 1
node 6 1 1 1
node 7 1 1 1
node 8 1 1 1
node 9 1 1 1
node 10 1 1 1
node 11 1 1 1
node 12 1 1 1
node 13 1 1 1
node 14 1 1 1
node 15 1 1 1
node 16 1 1 1
node 17 1 1 1
node 18 1 1 1
node 19 1 1 1
node 20 1 1 1
node 21 1 1 1
node 22 1 1 1
node 23 1 1 1
node 24 1 1 1
node 25 1 1 1
node 26 1 1 1
node 27 1 1 1
node 28 1 1 1
node 29 1 1 1
node 30 1 1 1
node 31 1 1 1
node 32 1 1 1
node 33 1 1 1
node 34 1 1 1
node 35 1 1 3
node 36 1 0 2
node 37 1 0 2
node 38 1 0 2
node 39 1 0 2
gene 1 1 36 4.35973 0 1 4.35973 1
gene 1 1 37 -1.05304 0 2 -1.05304 1
gene 1 1 38 -4.37516 0 3 -4.37516 1
gene 1 1 39 1.11601 0 4 1.11601 1
gene 1 2 36 -0.120518 0 5 -0.120518 1
gene 1 2 37 0.166815 0 6 0.166815 1
gene 1 2 38 -4.51406 0 7 -4.51406 1
gene 1 2 39 0.0582893 0 8 0.0582893 1
gene 1 3 36 -2.73744 0 9 -2.73744 1
gene 1 3 37 3.24287 0 10 3.24287 1
gene 1 3 38 -2.48051 0 11 -2.48051 1
gene 1 3 39 0.705711 0 12 0.705711 1
gene 1 4 36 -3.07092 0 13 -3.07092 1
gene 1 4 37 0.10076 0 14 0.10076 1
gene 1 4 38 -1.08366 0 15 -1.08366 1
gene 1 4 39 -2.99054 0 16 -2.99054 1
gene 1 5 36 -0.170044 0 17 -0.170044 1
gene 1 5 37 3.44039 0 18 3.44039 1
gene 1 5 38 0.996714 0 19 0.996714 1
gene 1 5 39 -0.00869283 0 20 -0.00869283 1
gene 1 6 36 1.85998 0 21 1.85998 1
gene 1 6 37 4.51639 0 22 4.51639 1
gene 1 6 38 -0.789481 0 23 -0.789481 1
gene 1 6 39 2.09464 0 24 2.09464 1
gene 1 7 36 -0.943547 0 25 -0.943547 1
gene 1 7 37 -0.194012 0 26 -0.194012 1
gene 1 7 38 -1.23231 0 27 -1.23231 1
gene 1 7 39 -3.99253 0 28 -3.99253 1
gene 1 8 36 3.35045 0 29 3.35045 1
gene 1 8 37 -0.133094 0 30 -0.133094 1
gene 1 8 38 -4.40517 0 31 -4.40517 1
gene 1 8 39 -1.59592 0 32 -1.59592 1
gene 1 9 36 -0.186089 0 33 -0.186089 1
gene 1 9 37 2.46892 0 34 2.46892 1
gene 1 9 38 1.14288 0 35 1.14288 1
gene 1 9 39 -0.321879 0 36 -0.321879 1
gene 1 10 36 -1.91595 0 37 -1.91595 1
gene 1 10 37 -2.66945 0 38 -2.66945 1
gene 1 10 38 -3.29564 0 39 -3.29564 1
gene 1 10 39 -2.96468 0 40 -2.96468 1
gene 1 11 36 -0.81145 0 41 -0.81145 1
gene 1 11 37 -0.465966 0 42 -0.465966 1
gene 1 11 38 -1.74273 0 43 -1.74273 1
gene 1 11 39 -1.33341 0 44 -1.33341 1
gene 1 12 36 5 0 45 5 1
gene 1 12 37 -0.928223 0 46 -0.928223 1
gene 1 12 38 -0.930721 0 47 -0.930721 1
gene 1 12 39 3.15745 0 48 3.15745 1
gene 1 13 36 -3.26425 0 49 -3.26425 1
gene 1 13 37 0.220896 0 50 0.220896 1
gene 1 13 38 3.14803 0 51 3.14803 1
gene 1 13 39 -3.48004 0 52 -3.48004 1
gene 1 14 36 -0.703223 0 53 -0.703223 1
gene 1 14 37 -0.452701 0 54 -0.452701 1
gene 1 14 38 0.00922872 0 55 0.00922872 1
gene 1 14 39 1.80342 0 56 1.80342 1
gene 1 15 36 -1.32613 0 57 -1.32613 1
gene 1 15 37 -0.837501 0 58 -0.837501 1
gene 1 15 38 3.73156 0 59 3.73156 1
gene 1 15 39 -2.56446 0 60 -2.56446 1
gene 1 16 36 1.77266 0 61 1.77266 1
gene 1 16 37 -1.46653 0 62 -1.46653 1
gene 1 16 38 2.94605 0 63 2.94605 1
gene 1 16 39 0.188965 0 64 0.188965 1
gene 1 17 36 4.10695 0 65 4.10695 1
gene 1 17 37 -0.388669 0 66 -0.388669 1
gene 1 17 38 -1.34772 0 67 -1.34772 1
gene 1 17 39 0.272098 0 68 0.272098 1
gene 1 18 36 5 0 69 5 1
gene 1 18 37 -1.91543 0 70 -1.91543 1
gene 1 18 38 1.10542 0 71 1.10542 1
gene 1 18 39 0.666971 0 72 0.666971 1
gene 1 19 36 5 0 73 5 1
gene 1 19 37 1.28739 0 74 1.28739 1
gene 1 19 38 1.40758 0 75 1.40758 1
gene 1 19 39 -1.51696 0 76 -1.51696 1
gene 1 20 36 0.520992 0 77 0.520992 1
gene 1 20 37 1.6576 0 78 1.6576 1
gene 1 20 38 2.25175 0 79 2.25175 1
gene 1 20 39 1.759 0 80 1.759 1
gene 1 21 36 0.0769599 0 81 0.0769599 1
gene 1 21 37 -1.7748 0 82 -1.7748 1
gene 1 21 38 -1.75342 0 83 -1.75342 1
gene 1 21 39 -1.2657 0 84 -1.2657 1
gene 1 22 36 5 0 85 5 1
gene 1 22 37 4.3369 0 86 4.3369 1
gene 1 22 38 -1.29843 0 87 -1.29843 1
gene 1 22 39 2.1129 0 88 2.1129 1
gene 1 23 36 -1.27022 0 89 -1.27022 1
gene 1 23 37 -0.0720264 0 90 -0.0720264 1
gene 1 23 38 -3.26444 0 91 -3.26444 1
gene 1 23 39 1.77106 0 92 1.77106 1
gene 1 24 36 -0.835418 0 93 -0.835418 1
gene 1 24 37 -0.242434 0 94 -0.242434 1
gene 1 24 38 -0.761472 0 95 -0.761472 1
gene 1 24 39 2.76365 0 96 2.76365 1
gene 1 25 36 -2.27923 0 97 -2.27923 1
gene 1 25 37 -4.01345 0 98 -4.01345 1
gene 1 25 38 0.834549 0 99 0.834549 1
gene 1 25 39 -3.87647 0 100 -3.87647 1
gene 1 26 36 -2.53866 0 101 -2.53866 1
gene 1 26 37 -4.09436 0 102 -4.09436 1
gene 1 26 38 1.4979 0 103 1.4979 1
gene 1 26 39 -0.445483 0 104 -0.445483 1
gene 1 27 36 4.37015 0 105 4.37015 1
gene 1 27 37 5 0 106 5 1
gene 1 27 38 -1.03486 0 107 -1.03486 1
gene 1 27 39 0.957995 0 108 0.957995 1
gene 1 28 36 0.186176 0 109 0.186176 1
gene 1 28 37 -1.27784 0 110 -1.27784 1
gene 1 28 38 -1.43231 0 111 -1.43231 1
gene 1 28 39 3.11829 0 112 3.11829 1
gene 1 29 36 0.652464 0 113 0.652464 1
gene 1 29 37 -0.0325232 0 114 -0.0325232 1
gene 1 29 38 0.710258 0 115 0.710258 1
gene 1 29 39 -0.288324 0 116 -0.288324 1
gene 1 30 36 0.516622 0 117 0.516622 1
gene 1 30 37 0.0786436 0 118 0.0786436 1
gene 1 30 38 -0.20084 0 119 -0.20084 1
gene 1 30 39 -0.577995 0 120 -0.577995 1
gene 1 31 36 -0.629306 0 121 -0.629306 1
gene 1 31 37 1.19662 0 122 1.19662 1
gene 1 31 38 -0.5713 0 123 -0.5713 1
gene 1 31 39 -0.778891 0 124 -0.778891 1
gene 1 32 36 0.672009 0 125 0.672009 1
gene 1 32 37 0.788684 0 126 0.788684 1
gene 1 32 38 -0.774255 0 127 -0.774255 1
gene 1 32 39 0.165128 0 128 0.165128 1
gene 1 33 36 0.584598 0 129 0.584598 1
gene 1 33 37 -1.87748 0 130 -1.87748 1
gene 1 33 38 0.0290284 0 131 0.0290284 1
gene 1 33 39 0.474423 0 132 0.474423 1
gene 1 34 36 -0.978264 0 133 -0.978264 1
gene 1 34 37 -1.11652 0 134 -1.11652 1
gene 1 34 38 -0.225865 0 135 -0.225865 1
gene 1 34 39 0.516675 0 136 0.516675 1
gene 1 35 36 0.184384 0 137 0.184384 1
gene 1 35 37 3.99425 0 138 3.99425 1
gene 1 35 38 -0.0141208 0 139 -0.0141208 1
gene 1 35 39 -0.517301 0 140 -0.517301 1
genomeend 2


