/* Organism #2 Fitness: 20332.634000 Time: 0 */
genomestart 2
trait 1 0.000000 0.303925 0.173416 0.024597 0.000000 0.474135 0.000000 0.581780 
node 1 1 1 1
node 2 1 1 1
node 3 1 1 1
node 4 1 1 1
node 5 1 1 1
node 6 1 1 1
node 7 1 1 1
node 8 1 1 1
node 9 1 1 1
node 10 1 1 1
node 11 1 1 1
node 12 1 1 1
node 13 1 1 1
node 14 1 1 1
node 15 1 1 1
node 16 1 1 1
node 17 1 1 1
node 18 1 1 1
node 19 1 1 1
node 20 1 1 1
node 21 1 1 1
node 22 1 1 1
node 23 1 1 1
node 24 1 1 1
node 25 1 1 1
node 26 1 1 1
node 27 1 1 1
node 28 1 1 1
node 29 1 1 1
node 30 1 1 1
node 31 1 1 1
node 32 1 1 1
node 33 1 1 1
node 34 1 1 1
node 35 1 1 3
node 36 1 0 2
node 37 1 0 2
node 38 1 0 2
node 39 1 0 2
gene 1 1 36 -1.30724 0 1 -1.30724 1
gene 1 1 37 0.488251 0 2 0.488251 1
gene 1 1 38 -2.09895 0 3 -2.09895 1
gene 1 1 39 -3.09218 0 4 -3.09218 1
gene 1 2 36 2.47224 0 5 2.47224 1
gene 1 2 37 0.635166 0 6 0.635166 1
gene 1 2 38 -1.95518 0 7 -1.95518 1
gene 1 2 39 -2.2258 0 8 -2.2258 1
gene 1 3 36 -1.09148 0 9 -1.09148 1
gene 1 3 37 3.2469 0 10 3.2469 1
gene 1 3 38 -4.89399 0 11 -4.89399 1
gene 1 3 39 2.68897 0 12 2.68897 1
gene 1 4 36 0.588867 0 13 0.588867 1
gene 1 4 37 -0.174241 0 14 -0.174241 1
gene 1 4 38 3.97714 0 15 3.97714 1
gene 1 4 39 1.80758 0 16 1.80758 1
gene 1 5 36 1.42516 0 17 1.42516 1
gene 1 5 37 1.17921 0 18 1.17921 1
gene 1 5 38 -2.52056 0 19 -2.52056 1
gene 1 5 39 0.65143 0 20 0.65143 1
gene 1 6 36 4.99021 0 21 4.99021 1
gene 1 6 37 -0.169629 0 22 -0.169629 1
gene 1 6 38 -3.80887 0 23 -3.80887 1
gene 1 6 39 0.180887 0 24 0.180887 1
gene 1 7 36 2.11548 0 25 2.11548 1
gene 1 7 37 0.0163356 0 26 0.0163356 1
gene 1 7 38 -1.40468 0 27 -1.40468 1
gene 1 7 39 -3.78175 0 28 -3.78175 1
gene 1 8 36 -1.8539 0 29 -1.8539 1
gene 1 8 37 -0.409134 0 30 -0.409134 1
gene 1 8 38 -3.33261 0 31 -3.33261 1
gene 1 8 39 1.04841 0 32 1.04841 1
gene 1 9 36 0.312521 0 33 0.312521 1
gene 1 9 37 -3.22379 0 34 -3.22379 1
gene 1 9 38 3.15608 0 35 3.15608 1
gene 1 9 39 0.116561 0 36 0.116561 1
gene 1 10 36 -1.47252 0 37 -1.47252 1
gene 1 10 37 -2.85617 0 38 -2.85617 1
gene 1 10 38 -1.5686 0 39 -1.5686 1
gene 1 10 39 0.62213 0 40 0.62213 1
gene 1 11 36 0.757668 0 41 0.757668 1
gene 1 11 37 -1.14206 0 42 -1.14206 1
gene 1 11 38 -4.66781 0 43 -4.66781 1
gene 1 11 39 0.337181 0 44 0.337181 1
gene 1 12 36 1.59084 0 45 1.59084 1
gene 1 12 37 1.45912 0 46 1.45912 1
gene 1 12 38 -0.0838718 0 47 -0.0838718 1
gene 1 12 39 -1.82151 0 48 -1.82151 1
gene 1 13 36 0.148867 0 49 0.148867 1
gene 1 13 37 1.07975 0 50 1.07975 1
gene 1 13 38 1.0467 0 51 1.0467 1
gene 1 13 39 2.63949 0 52 2.63949 1
gene 1 14 36 4.14116 0 53 4.14116 1
gene 1 14 37 -0.42714 0 54 -0.42714 1
gene 1 14 38 2.3405 0 55 2.3405 1
gene 1 14 39 1.92528 0 56 1.92528 1
gene 1 15 36 -2.97191 0 57 -2.97191 1
gene 1 15 37 -0.498912 0 58 -0.498912 1
gene 1 15 38 -1.23471 0 59 -1.23471 1
gene 1 15 39 -0.29488 0 60 -0.29488 1
gene 1 16 36 -0.447045 0 61 -0.447045 1
gene 1 16 37 -0.952876 0 62 -0.952876 1
gene 1 16 38 2.58727 0 63 2.58727 1
gene 1 16 39 1.07711 0 64 1.07711 1
gene 1 17 36 -0.914657 0 65 -0.914657 1
gene 1 17 37 3.76616 0 66 3.76616 1
gene 1 17 38 0.571309 0 67 0.571309 1
gene 1 17 39 -0.383408 0 68 -0.383408 1
gene 1 18 36 4.64771 0 69 4.64771 1
gene 1 18 37 0.824885 0 70 0.824885 1
gene 1 18 38 -3.16785 0 71 -3.16785 1
gene 1 18 39 -0.262239 0 72 -0.262239 1
gene 1 19 36 2.21895 0 73 2.21895 1
gene 1 19 37 0.135139 0 74 0.135139 1
gene 1 19 38 0.71619 0 75 0.71619 1
gene 1 19 39 1.71421 0 76 1.71421 1
gene 1 20 36 -0.0873703 0 77 -0.0873703 1
gene 1 20 37 -1.11857 0 78 -1.11857 1
gene 1 20 38 4.54956 0 79 4.54956 1
gene 1 20 39 -0.670016 0 80 -0.670016 1
gene 1 21 36 1.31388 0 81 1.31388 1
gene 1 21 37 1.2578 0 82 1.2578 1
gene 1 21 38 -0.0698637 0 83 -0.0698637 1
gene 1 21 39 1.3431 0 84 1.3431 1
gene 1 22 36 -2.17186 0 85 -2.17186 1
gene 1 22 37 -3.17149 0 86 -3.17149 1
gene 1 22 38 1.66817 0 87 1.66817 1
gene 1 22 39 -4.47134 0 88 -4.47134 1
gene 1 23 36 0.105679 0 89 0.105679 1
gene 1 23 37 -1.83407 0 90 -1.83407 1
gene 1 23 38 -1.62162 0 91 -1.62162 1
gene 1 23 39 -1.28717 0 92 -1.28717 1
gene 1 24 36 -2.82408 0 93 -2.82408 1
gene 1 24 37 3.83211 0 94 3.83211 1
gene 1 24 38 2.7734 0 95 2.7734 1
gene 1 24 39 1.82309 0 96 1.82309 1
gene 1 25 36 -2.20278 0 97 -2.20278 1
gene 1 25 37 3.13726 0 98 3.13726 1
gene 1 25 38 -1.39847 0 99 -1.39847 1
gene 1 25 39 -2.69878 0 100 -2.69878 1
gene 1 26 36 -3.28611 0 101 -3.28611 1
gene 1 26 37 -0.636927 0 102 -0.636927 1
gene 1 26 38 0.552615 0 103 0.552615 1
gene 1 26 39 2.08509 0 104 2.08509 1
gene 1 27 36 0.0802407 0 105 0.0802407 1
gene 1 27 37 -1.99166 0 106 -1.99166 1
gene 1 27 38 -0.74471 0 107 -0.74471 1
gene 1 27 39 0.93222 0 108 0.93222 1
gene 1 28 36 -3.22012 0 109 -3.22012 1
gene 1 28 37 0.155734 0 110 0.155734 1
gene 1 28 38 -0.716501 0 111 -0.716501 1
gene 1 28 39 0.0498413 0 112 0.0498413 1
gene 1 29 36 1.6679 0 113 1.6679 1
gene 1 29 37 -0.143033 0 114 -0.143033 1
gene 1 29 38 1.40691 0 115 1.40691 1
gene 1 29 39 0.890018 0 116 0.890018 1
gene 1 30 36 -0.240356 0 117 -0.240356 1
gene 1 30 37 -0.311381 0 118 -0.311381 1
gene 1 30 38 0.467969 0 119 0.467969 1
gene 1 30 39 0.625802 0 120 0.625802 1
gene 1 31 36 0.260685 0 121 0.260685 1
gene 1 31 37 -0.321457 0 122 -0.321457 1
gene 1 31 38 1.60025 0 123 1.60025 1
gene 1 31 39 0.102015 0 124 0.102015 1
gene 1 32 36 1.29254 0 125 1.29254 1
gene 1 32 37 0.910329 0 126 0.910329 1
gene 1 32 38 0.645812 0 127 0.645812 1
gene 1 32 39 -0.902737 0 128 -0.902737 1
gene 1 33 36 0.760997 0 129 0.760997 1
gene 1 33 37 -0.229597 0 130 -0.229597 1
gene 1 33 38 0.908553 0 131 0.908553 1
gene 1 33 39 0.143764 0 132 0.143764 1
gene 1 34 36 -3.34725 0 133 -3.34725 1
gene 1 34 37 1.67514 0 134 1.67514 1
gene 1 34 38 -0.253196 0 135 -0.253196 1
gene 1 34 39 4.75326 0 136 4.75326 1
gene 1 35 36 1.11385 0 137 1.11385 1
gene 1 35 37 0.542334 0 138 0.542334 1
gene 1 35 38 -0.719389 0 139 -0.719389 1
gene 1 35 39 3.62399 0 140 3.62399 1
genomeend 2


