/* Organism #3 Fitness: 19721.272000 Time: 0 */
genomestart 3
trait 1 0.322642 0.000000 0.000000 0.000000 0.000000 0.901147 0.756039 0.000000 
node 1 1 1 1
node 2 1 1 1
node 3 1 1 1
node 4 1 1 1
node 5 1 1 1
node 6 1 1 1
node 7 1 1 1
node 8 1 1 1
node 9 1 1 1
node 10 1 1 1
node 11 1 1 1
node 12 1 1 1
node 13 1 1 1
node 14 1 1 1
node 15 1 1 1
node 16 1 1 1
node 17 1 1 1
node 18 1 1 1
node 19 1 1 1
node 20 1 1 1
node 21 1 1 1
node 22 1 1 1
node 23 1 1 1
node 24 1 1 1
node 25 1 1 1
node 26 1 1 1
node 27 1 1 1
node 28 1 1 1
node 29 1 1 1
node 30 1 1 1
node 31 1 1 1
node 32 1 1 1
node 33 1 1 1
node 34 1 1 1
node 35 1 1 3
node 36 1 0 2
node 37 1 0 2
node 38 1 0 2
node 39 1 0 2
gene 1 1 36 3.00498 0 1 3.00498 1
gene 1 1 37 -0.7044 0 2 -0.7044 1
gene 1 1 38 2.28436 0 3 2.28436 1
gene 1 1 39 0.0852976 0 4 0.0852976 1
gene 1 2 36 3.88092 0 5 3.88092 1
gene 1 2 37 -0.122839 0 6 -0.122839 1
gene 1 2 38 -5 0 7 -5 1
gene 1 2 39 0.461505 0 8 0.461505 1
gene 1 3 36 -2.835 0 9 -2.835 1
gene 1 3 37 4.19165 0 10 4.19165 1
gene 1 3 38 -0.712836 0 11 -0.712836 1
gene 1 3 39 -5 0 12 -5 1
gene 1 4 36 -3.05269 0 13 -3.05269 1
gene 1 4 37 1.00412 0 14 1.00412 1
gene 1 4 38 -0.299318 0 15 -0.299318 1
gene 1 4 39 2.73306 0 16 2.73306 1
gene 1 5 36 5 0 17 5 1
gene 1 5 37 1.95216 0 18 1.95216 1
gene 1 5 38 -0.738154 0 19 -0.738154 1
gene 1 5 39 2.08838 0 20 2.08838 1
gene 1 6 36 2.37623 0 21 2.37623 1
gene 1 6 37 3.54794 0 22 3.54794 1
gene 1 6 38 0.67064 0 23 0.67064 1
gene 1 6 39 -2.25414 0 24 -2.25414 1
gene 1 7 36 0.0601457 0 25 0.0601457 1
gene 1 7 37 -1.88348 0 26 -1.88348 1
gene 1 7 38 5 0 27 5 1
gene 1 7 39 -0.715092 0 28 -0.715092 1
gene 1 8 36 -3.22539 0 29 -3.22539 1
gene 1 8 37 -1.19051 0 30 -1.19051 1
gene 1 8 38 -2.4125 0 31 -2.4125 1
gene 1 8 39 -1.48457 0 32 -1.48457 1
gene 1 9 36 2.14557 0 33 2.14557 1
gene 1 9 37 -0.466601 0 34 -0.466601 1
gene 1 9 38 -1.48403 0 35 -1.48403 1
gene 1 9 39 2.19147 0 36 2.19147 1
gene 1 10 36 -0.857466 0 37 -0.857466 1
gene 1 10 37 -0.991456 0 38 -0.991456 1
gene 1 10 38 -1.22452 0 39 -1.22452 1
gene 1 10 39 1.27212 0 40 1.27212 1
gene 1 11 36 2.79637 0 41 2.79637 1
gene 1 11 37 0.804523 0 42 0.804523 1
gene 1 11 38 2.95791 0 43 2.95791 1
gene 1 11 39 -0.187399 0 44 -0.187399 1
gene 1 12 36 -0.683016 0 45 -0.683016 1
gene 1 12 37 2.09569 0 46 2.09569 1
gene 1 12 38 -2.45528 0 47 -2.45528 1
gene 1 12 39 2.47413 0 48 2.47413 1
gene 1 13 36 -5 0 49 -5 1
gene 1 13 37 -2.20406 0 50 -2.20406 1
gene 1 13 38 0.694034 0 51 0.694034 1
gene 1 13 39 0.657415 0 52 0.657415 1
gene 1 14 36 4.63285 0 53 4.63285 1
gene 1 14 37 -0.694628 0 54 -0.694628 1
gene 1 14 38 -1.20291 0 55 -1.20291 1
gene 1 14 39 -4.04289 0 56 -4.04289 1
gene 1 15 36 -2.51763 0 57 -2.51763 1
gene 1 15 37 3.32087 0 58 3.32087 1
gene 1 15 38 -2.04021 0 59 -2.04021 1
gene 1 15 39 -0.805846 0 60 -0.805846 1
gene 1 16 36 -1.15226 0 61 -1.15226 1
gene 1 16 37 2.00994 0 62 2.00994 1
gene 1 16 38 1.26112 0 63 1.26112 1
gene 1 16 39 -1.08093 0 64 -1.08093 1
gene 1 17 36 0.511656 0 65 0.511656 1
gene 1 17 37 -1.26389 0 66 -1.26389 1
gene 1 17 38 0.194426 0 67 0.194426 1
gene 1 17 39 4.10896 0 68 4.10896 1
gene 1 18 36 0.554421 0 69 0.554421 1
gene 1 18 37 -2.29849 0 70 -2.29849 1
gene 1 18 38 2.1383 0 71 2.1383 1
gene 1 18 39 4.27949 0 72 4.27949 1
gene 1 19 36 1.48522 0 73 1.48522 1
gene 1 19 37 0.329868 0 74 0.329868 1
gene 1 19 38 3.11153 0 75 3.11153 1
gene 1 19 39 2.73691 0 76 2.73691 1
gene 1 20 36 3.57084 0 77 3.57084 1
gene 1 20 37 0.444752 0 78 0.444752 1
gene 1 20 38 -1.83703 0 79 -1.83703 1
gene 1 20 39 4.74431 0 80 4.74431 1
gene 1 21 36 0.0266228 0 81 0.0266228 1
gene 1 21 37 0.805444 0 82 0.805444 1
gene 1 21 38 -5 0 83 -5 1
gene 1 21 39 4.03396 0 84 4.03396 1
gene 1 22 36 1.15736 0 85 1.15736 1
gene 1 22 37 -1.5404 0 86 -1.5404 1
gene 1 22 38 -1.50265 0 87 -1.50265 1
gene 1 22 39 0.652375 0 88 0.652375 1
gene 1 23 36 -3.47344 0 89 -3.47344 1
gene 1 23 37 -1.54246 0 90 -1.54246 1
gene 1 23 38 2.22119 0 91 2.22119 1
gene 1 23 39 -0.274956 0 92 -0.274956 1
gene 1 24 36 1.678 0 93 1.678 1
gene 1 24 37 -1.1663 0 94 -1.1663 1
gene 1 24 38 -1.4469 0 95 -1.4469 1
gene 1 24 39 -0.0481877 0 96 -0.0481877 1
gene 1 25 36 0.588848 0 97 0.588848 1
gene 1 25 37 -0.0271195 0 98 -0.0271195 1
gene 1 25 38 0.569113 0 99 0.569113 1
gene 1 25 39 -2.22609 0 100 -2.22609 1
gene 1 26 36 -0.847248 0 101 -0.847248 1
gene 1 26 37 -4.32137 0 102 -4.32137 1
gene 1 26 38 -2.31816 0 103 -2.31816 1
gene 1 26 39 -0.582748 0 104 -0.582748 1
gene 1 27 36 -0.872307 0 105 -0.872307 1
gene 1 27 37 0.584391 0 106 0.584391 1
gene 1 27 38 1.23904 0 107 1.23904 1
gene 1 27 39 -2.14846 0 108 -2.14846 1
gene 1 28 36 2.23678 0 109 2.23678 1
gene 1 28 37 -1.37214 0 110 -1.37214 1
gene 1 28 38 0.898659 0 111 0.898659 1
gene 1 28 39 -1.26825 0 112 -1.26825 1
gene 1 29 36 -3.64772 0 113 -3.64772 1
gene 1 29 37 -1.57553 0 114 -1.57553 1
gene 1 29 38 -0.327146 0 115 -0.327146 1
gene 1 29 39 0.498419 0 116 0.498419 1
gene 1 30 36 0.257341 0 117 0.257341 1
gene 1 30 37 -0.389584 0 118 -0.389584 1
gene 1 30 38 -0.39487 0 119 -0.39487 1
gene 1 30 39 0.919615 0 120 0.919615 1
gene 1 31 36 -0.403255 0 121 -0.403255 1
gene 1 31 37 0.674654 0 122 0.674654 1
gene 1 31 38 0.948531 0 123 0.948531 1
gene 1 31 39 1.65737 0 124 1.65737 1
gene 1 32 36 1.35221 0 125 1.35221 1
gene 1 32 37 0.0745618 0 126 0.0745618 1
gene 1 32 38 -0.994588 0 127 -0.994588 1
gene 1 32 39 -3.84381 0 128 -3.84381 1
gene 1 33 36 -1.25029 0 129 -1.25029 1
gene 1 33 37 -1.09841 0 130 -1.09841 1
gene 1 33 38 1.03823 0 131 1.03823 1
gene 1 33 39 0.344517 0 132 0.344517 1
gene 1 34 36 -0.365191 0 133 -0.365191 1
gene 1 34 37 0.0625337 0 134 0.0625337 1
gene 1 34 38 -0.464024 0 135 -0.464024 1
gene 1 34 39 1.24956 0 136 1.24956 1
gene 1 35 36 -0.064279 0 137 -0.064279 1
gene 1 35 37 2.64895 0 138 2.64895 1
gene 1 35 38 -2.57866 0 139 -2.57866 1
gene 1 35 39 -2.63741 0 140 -2.63741 1
genomeend 3


