/* Organism #12 Fitness: 20030.658000 Time: 0 */
genomestart 12
trait 1 0.000000 0.600205 0.000000 0.000000 0.000000 0.807092 0.000000 0.000000 
node 1 1 1 1
node 2 1 1 1
node 3 1 1 1
node 4 1 1 1
node 5 1 1 1
node 6 1 1 1
node 7 1 1 1
node 8 1 1 1
node 9 1 1 1
node 10 1 1 1
node 11 1 1 1
node 12 1 1 1
node 13 1 1 1
node 14 1 1 1
node 15 1 1 1
node 16 1 1 1
node 17 1 1 1
node 18 1 1 1
node 19 1 1 1
node 20 1 1 1
node 21 1 1 1
node 22 1 1 1
node 23 1 1 1
node 24 1 1 1
node 25 1 1 1
node 26 1 1 1
node 27 1 1 1
node 28 1 1 1
node 29 1 1 1
node 30 1 1 1
node 31 1 1 1
node 32 1 1 1
node 33 1 1 1
node 34 1 1 1
node 35 1 1 3
node 36 1 0 2
node 37 1 0 2
node 38 1 0 2
node 39 1 0 2
gene 1 1 36 -1.67636 0 1 -1.67636 1
gene 1 1 37 3.5011 0 2 3.5011 1
gene 1 1 38 3.29385 0 3 3.29385 1
gene 1 1 39 0.309147 0 4 0.309147 1
gene 1 2 36 1.54154 0 5 1.54154 1
gene 1 2 37 0.509898 0 6 0.509898 1
gene 1 2 38 0.463869 0 7 0.463869 1
gene 1 2 39 -4.13469 0 8 -4.13469 1
gene 1 3 36 0.451189 0 9 0.451189 1
gene 1 3 37 -0.895957 0 10 -0.895957 1
gene 1 3 38 -1.40021 0 11 -1.40021 1
gene 1 3 39 -0.826007 0 12 -0.826007 1
gene 1 4 36 -0.93671 0 13 -0.93671 1
gene 1 4 37 1.43127 0 14 1.43127 1
gene 1 4 38 0.106481 0 15 0.106481 1
gene 1 4 39 2.62129 0 16 2.62129 1
gene 1 5 36 1.31507 0 17 1.31507 1
gene 1 5 37 -2.36077 0 18 -2.36077 1
gene 1 5 38 4.04419 0 19 4.04419 1
gene 1 5 39 -1.01947 0 20 -1.01947 1
gene 1 6 36 -1.259 0 21 -1.259 1
gene 1 6 37 0.968995 0 22 0.968995 1
gene 1 6 38 0.62822 0 23 0.62822 1
gene 1 6 39 0.220369 0 24 0.220369 1
gene 1 7 36 4.30447 0 25 4.30447 1
gene 1 7 37 -0.9741 0 26 -0.9741 1
gene 1 7 38 -0.206094 0 27 -0.206094 1
gene 1 7 39 -3.43638 0 28 -3.43638 1
gene 1 8 36 -1.08105 0 29 -1.08105 1
gene 1 8 37 0.258875 0 30 0.258875 1
gene 1 8 38 0.0762258 0 31 0.0762258 1
gene 1 8 39 0.592637 0 32 0.592637 1
gene 1 9 36 -0.81841 0 33 -0.81841 1
gene 1 9 37 -0.868873 0 34 -0.868873 1
gene 1 9 38 3.95225 0 35 3.95225 1
gene 1 9 39 -4.81493 0 36 -4.81493 1
gene 1 10 36 0.374669 0 37 0.374669 1
gene 1 10 37 2.26232 0 38 2.26232 1
gene 1 10 38 0.244809 0 39 0.244809 1
gene 1 10 39 -1.74323 0 40 -1.74323 1
gene 1 11 36 3.65069 0 41 3.65069 1
gene 1 11 37 -0.667025 0 42 -0.667025 1
gene 1 11 38 -1.18791 0 43 -1.18791 1
gene 1 11 39 -0.796768 0 44 -0.796768 1
gene 1 12 36 0.522993 0 45 0.522993 1
gene 1 12 37 -0.473629 0 46 -0.473629 1
gene 1 12 38 2.86511 0 47 2.86511 1
gene 1 12 39 -0.794591 0 48 -0.794591 1
gene 1 13 36 0.124788 0 49 0.124788 1
gene 1 13 37 -2.56923 0 50 -2.56923 1
gene 1 13 38 0.327891 0 51 0.327891 1
gene 1 13 39 -3.71511 0 52 -3.71511 1
gene 1 14 36 1.4534 0 53 1.4534 1
gene 1 14 37 -0.622704 0 54 -0.622704 1
gene 1 14 38 -4.91605 0 55 -4.91605 1
gene 1 14 39 -2.12953 0 56 -2.12953 1
gene 1 15 36 0.146295 0 57 0.146295 1
gene 1 15 37 1.09484 0 58 1.09484 1
gene 1 15 38 -3.76112 0 59 -3.76112 1
gene 1 15 39 1.94034 0 60 1.94034 1
gene 1 16 36 -0.778325 0 61 -0.778325 1
gene 1 16 37 0.566332 0 62 0.566332 1
gene 1 16 38 -1.08972 0 63 -1.08972 1
gene 1 16 39 -0.0284848 0 64 -0.0284848 1
gene 1 17 36 1.73029 0 65 1.73029 1
gene 1 17 37 4.23939 0 66 4.23939 1
gene 1 17 38 0.840785 0 67 0.840785 1
gene 1 17 39 0.83828 0 68 0.83828 1
gene 1 18 36 -1.79316 0 69 -1.79316 1
gene 1 18 37 0.839972 0 70 0.839972 1
gene 1 18 38 -1.63988 0 71 -1.63988 1
gene 1 18 39 -0.0641919 0 72 -0.0641919 1
gene 1 19 36 0.195434 0 73 0.195434 1
gene 1 19 37 0.332413 0 74 0.332413 1
gene 1 19 38 0.135898 0 75 0.135898 1
gene 1 19 39 -1.20344 0 76 -1.20344 1
gene 1 20 36 -3.19211 0 77 -3.19211 1
gene 1 20 37 -0.568046 0 78 -0.568046 1
gene 1 20 38 -5 0 79 -5 1
gene 1 20 39 0.882012 0 80 0.882012 1
gene 1 21 36 -1.59985 0 81 -1.59985 1
gene 1 21 37 -4.37677 0 82 -4.37677 1
gene 1 21 38 0.844724 0 83 0.844724 1
gene 1 21 39 1.45472 0 84 1.45472 1
gene 1 22 36 -1.42067 0 85 -1.42067 1
gene 1 22 37 1.98308 0 86 1.98308 1
gene 1 22 38 0.925567 0 87 0.925567 1
gene 1 22 39 0.860441 0 88 0.860441 1
gene 1 23 36 2.7853 0 89 2.7853 1
gene 1 23 37 1.58706 0 90 1.58706 1
gene 1 23 38 -0.0845326 0 91 -0.0845326 1
gene 1 23 39 0.112335 0 92 0.112335 1
gene 1 24 36 -0.000449507 0 93 -0.000449507 1
gene 1 24 37 -4.51364 0 94 -4.51364 1
gene 1 24 38 1.79868 0 95 1.79868 1
gene 1 24 39 -3.23435 0 96 -3.23435 1
gene 1 25 36 0.825408 0 97 0.825408 1
gene 1 25 37 -0.913732 0 98 -0.913732 1
gene 1 25 38 1.46182 0 99 1.46182 1
gene 1 25 39 -2.40869 0 100 -2.40869 1
gene 1 26 36 1.35201 0 101 1.35201 1
gene 1 26 37 2.78999 0 102 2.78999 1
gene 1 26 38 0.934925 0 103 0.934925 1
gene 1 26 39 1.07113 0 104 1.07113 1
gene 1 27 36 0.11487 0 105 0.11487 1
gene 1 27 37 -0.211671 0 106 -0.211671 1
gene 1 27 38 4.96379 0 107 4.96379 1
gene 1 27 39 -1.51918 0 108 -1.51918 1
gene 1 28 36 2.71201 0 109 2.71201 1
gene 1 28 37 3.1726 0 110 3.1726 1
gene 1 28 38 -1.40037 0 111 -1.40037 1
gene 1 28 39 4.87839 0 112 4.87839 1
gene 1 29 36 -0.368709 0 113 -0.368709 1
gene 1 29 37 0.324228 0 114 0.324228 1
gene 1 29 38 -0.0642601 0 115 -0.0642601 1
gene 1 29 39 -0.934048 0 116 -0.934048 1
gene 1 30 36 -2.22127 0 117 -2.22127 1
gene 1 30 37 -0.75333 0 118 -0.75333 1
gene 1 30 38 -3.24845 0 119 -3.24845 1
gene 1 30 39 0.729098 0 120 0.729098 1
gene 1 31 36 0.340296 0 121 0.340296 1
gene 1 31 37 -2.32639 0 122 -2.32639 1
gene 1 31 38 -0.3061 0 123 -0.3061 1
gene 1 31 39 -0.208264 0 124 -0.208264 1
gene 1 32 36 -0.0575699 0 125 -0.0575699 1
gene 1 32 37 -1.44964 0 126 -1.44964 1
gene 1 32 38 -1.82022 0 127 -1.82022 1
gene 1 32 39 0.364687 0 128 0.364687 1
gene 1 33 36 -0.612196 0 129 -0.612196 1
gene 1 33 37 0.209615 0 130 0.209615 1
gene 1 33 38 -0.365708 0 131 -0.365708 1
gene 1 33 39 -1.8434 0 132 -1.8434 1
gene 1 34 36 -0.340897 0 133 -0.340897 1
gene 1 34 37 -1.49982 0 134 -1.49982 1
gene 1 34 38 0.879803 0 135 0.879803 1
gene 1 34 39 0.544932 0 136 0.544932 1
gene 1 35 36 4.09163 0 137 4.09163 1
gene 1 35 37 2.69429 0 138 2.69429 1
gene 1 35 38 -0.781985 0 139 -0.781985 1
gene 1 35 39 0.229361 0 140 0.229361 1
genomeend 12


