/* Organism #82 Fitness: 20415.812000 Time: 0 */
genomestart 82
trait 1 0.000000 0.000000 0.000000 0.000000 0.321437 0.000000 0.000000 1.000000 
node 1 1 1 1
node 2 1 1 1
node 3 1 1 1
node 4 1 1 1
node 5 1 1 1
node 6 1 1 1
node 7 1 1 1
node 8 1 1 1
node 9 1 1 1
node 10 1 1 1
node 11 1 1 1
node 12 1 1 1
node 13 1 1 1
node 14 1 1 1
node 15 1 1 1
node 16 1 1 1
node 17 1 1 1
node 18 1 1 1
node 19 1 1 1
node 20 1 1 1
node 21 1 1 1
node 22 1 1 1
node 23 1 1 1
node 24 1 1 1
node 25 1 1 1
node 26 1 1 1
node 27 1 1 1
node 28 1 1 1
node 29 1 1 1
node 30 1 1 1
node 31 1 1 1
node 32 1 1 1
node 33 1 1 1
node 34 1 1 1
node 35 1 1 3
node 36 1 0 2
node 37 1 0 2
node 38 1 0 2
node 39 1 0 2
gene 1 1 36 -2.33436 0 1 -2.33436 1
gene 1 1 37 -1.90752 0 2 -1.90752 1
gene 1 1 38 0.933221 0 3 0.933221 1
gene 1 1 39 2.06591 0 4 2.06591 1
gene 1 2 36 -2.22325 0 5 -2.22325 1
gene 1 2 37 -0.365749 0 6 -0.365749 1
gene 1 2 38 -0.339044 0 7 -0.339044 1
gene 1 2 39 -3.31689 0 8 -3.31689 1
gene 1 3 36 -1.73935 0 9 -1.73935 1
gene 1 3 37 -1.64011 0 10 -1.64011 1
gene 1 3 38 -1.49717 0 11 -1.49717 1
gene 1 3 39 0.205701 0 12 0.205701 1
gene 1 4 36 0.438914 0 13 0.438914 1
gene 1 4 37 -4.91228 0 14 -4.91228 1
gene 1 4 38 -4.18263 0 15 -4.18263 1
gene 1 4 39 0.912914 0 16 0.912914 1
gene 1 5 36 0.927875 0 17 0.927875 1
gene 1 5 37 -3.98324 0 18 -3.98324 1
gene 1 5 38 -1.98914 0 19 -1.98914 1
gene 1 5 39 0.969687 0 20 0.969687 1
gene 1 6 36 -0.228286 0 21 -0.228286 1
gene 1 6 37 -0.350856 0 22 -0.350856 1
gene 1 6 38 -0.810306 0 23 -0.810306 1
gene 1 6 39 0.0953182 0 24 0.0953182 1
gene 1 7 36 -2.76542 0 25 -2.76542 1
gene 1 7 37 -0.16396 0 26 -0.16396 1
gene 1 7 38 0.896651 0 27 0.896651 1
gene 1 7 39 3.38058 0 28 3.38058 1
gene 1 8 36 -1.92944 0 29 -1.92944 1
gene 1 8 37 0.109948 0 30 0.109948 1
gene 1 8 38 -1.83717 0 31 -1.83717 1
gene 1 8 39 0.587963 0 32 0.587963 1
gene 1 9 36 -5 0 33 -5 1
gene 1 9 37 -1.11942 0 34 -1.11942 1
gene 1 9 38 -3.03984 0 35 -3.03984 1
gene 1 9 39 2.07198 0 36 2.07198 1
gene 1 10 36 0.457045 0 37 0.457045 1
gene 1 10 37 1.77584 0 38 1.77584 1
gene 1 10 38 -0.0512682 0 39 -0.0512682 1
gene 1 10 39 1.25011 0 40 1.25011 1
gene 1 11 36 -1.34957 0 41 -1.34957 1
gene 1 11 37 -0.61999 0 42 -0.61999 1
gene 1 11 38 -0.998948 0 43 -0.998948 1
gene 1 11 39 -1.61265 0 44 -1.61265 1
gene 1 12 36 -1.43136 0 45 -1.43136 1
gene 1 12 37 -0.0353708 0 46 -0.0353708 1
gene 1 12 38 4.61883 0 47 4.61883 1
gene 1 12 39 -4.00911 0 48 -4.00911 1
gene 1 13 36 0.341965 0 49 0.341965 1
gene 1 13 37 -2.63285 0 50 -2.63285 1
gene 1 13 38 -3.62593 0 51 -3.62593 1
gene 1 13 39 3.50763 0 52 3.50763 1
gene 1 14 36 0.875887 0 53 0.875887 1
gene 1 14 37 -0.503508 0 54 -0.503508 1
gene 1 14 38 -0.471579 0 55 -0.471579 1
gene 1 14 39 1.18741 0 56 1.18741 1
gene 1 15 36 0.626213 0 57 0.626213 1
gene 1 15 37 -2.01344 0 58 -2.01344 1
gene 1 15 38 1.3649 0 59 1.3649 1
gene 1 15 39 -2.56608 0 60 -2.56608 1
gene 1 16 36 -1.18099 0 61 -1.18099 1
gene 1 16 37 -0.306225 0 62 -0.306225 1
gene 1 16 38 2.97221 0 63 2.97221 1
gene 1 16 39 4.16492 0 64 4.16492 1
gene 1 17 36 -1.6851 0 65 -1.6851 1
gene 1 17 37 0.338105 0 66 0.338105 1
gene 1 17 38 0.287471 0 67 0.287471 1
gene 1 17 39 1.17881 0 68 1.17881 1
gene 1 18 36 -2.62505 0 69 -2.62505 1
gene 1 18 37 -0.196242 0 70 -0.196242 1
gene 1 18 38 -3.33638 0 71 -3.33638 1
gene 1 18 39 -2.52971 0 72 -2.52971 1
gene 1 19 36 -4.66978 0 73 -4.66978 1
gene 1 19 37 -4.25872 0 74 -4.25872 1
gene 1 19 38 1.27737 0 75 1.27737 1
gene 1 19 39 1.5171 0 76 1.5171 1
gene 1 20 36 0.362566 0 77 0.362566 1
gene 1 20 37 0.770816 0 78 0.770816 1
gene 1 20 38 1.02516 0 79 1.02516 1
gene 1 20 39 1.38863 0 80 1.38863 1
gene 1 21 36 -0.0408582 0 81 -0.0408582 1
gene 1 21 37 -4.2736 0 82 -4.2736 1
gene 1 21 38 -1.63396 0 83 -1.63396 1
gene 1 21 39 0.787997 0 84 0.787997 1
gene 1 22 36 1.29288 0 85 1.29288 1
gene 1 22 37 0.972526 0 86 0.972526 1
gene 1 22 38 1.39235 0 87 1.39235 1
gene 1 22 39 1.93697 0 88 1.93697 1
gene 1 23 36 2.07203 0 89 2.07203 1
gene 1 23 37 3.30048 0 90 3.30048 1
gene 1 23 38 -0.328048 0 91 -0.328048 1
gene 1 23 39 -4.54132 0 92 -4.54132 1
gene 1 24 36 -1.39374 0 93 -1.39374 1
gene 1 24 37 -1.00468 0 94 -1.00468 1
gene 1 24 38 -0.0783379 0 95 -0.0783379 1
gene 1 24 39 -0.727521 0 96 -0.727521 1
gene 1 25 36 3.78678 0 97 3.78678 1
gene 1 25 37 -3.68981 0 98 -3.68981 1
gene 1 25 38 0.740335 0 99 0.740335 1
gene 1 25 39 1.62324 0 100 1.62324 1
gene 1 26 36 0.264726 0 101 0.264726 1
gene 1 26 37 -2.46231 0 102 -2.46231 1
gene 1 26 38 -0.370765 0 103 -0.370765 1
gene 1 26 39 2.0415 0 104 2.0415 1
gene 1 27 36 -2.16579 0 105 -2.16579 1
gene 1 27 37 -0.243172 0 106 -0.243172 1
gene 1 27 38 -0.13476 0 107 -0.13476 1
gene 1 27 39 -2.76876 0 108 -2.76876 1
gene 1 28 36 0.7487 0 109 0.7487 1
gene 1 28 37 0.433227 0 110 0.433227 1
gene 1 28 38 -1.12963 0 111 -1.12963 1
gene 1 28 39 -1.13797 0 112 -1.13797 1
gene 1 29 36 -0.906883 0 113 -0.906883 1
gene 1 29 37 0.143464 0 114 0.143464 1
gene 1 29 38 -0.364432 0 115 -0.364432 1
gene 1 29 39 -1.69504 0 116 -1.69504 1
gene 1 30 36 -0.519954 0 117 -0.519954 1
gene 1 30 37 -0.276477 0 118 -0.276477 1
gene 1 30 38 0.656042 0 119 0.656042 1
gene 1 30 39 -0.818148 0 120 -0.818148 1
gene 1 31 36 -0.203323 0 121 -0.203323 1
gene 1 31 37 -0.495575 0 122 -0.495575 1
gene 1 31 38 0.438656 0 123 0.438656 1
gene 1 31 39 1.53739 0 124 1.53739 1
gene 1 32 36 -0.537353 0 125 -0.537353 1
gene 1 32 37 0.448113 0 126 0.448113 1
gene 1 32 38 -0.12755 0 127 -0.12755 1
gene 1 32 39 -1.44869 0 128 -1.44869 1
gene 1 33 36 -1.23198 0 129 -1.23198 1
gene 1 33 37 -0.256855 0 130 -0.256855 1
gene 1 33 38 -0.523765 0 131 -0.523765 1
gene 1 33 39 0.469157 0 132 0.469157 1
gene 1 34 36 0.919967 0 133 0.919967 1
gene 1 34 37 0.841894 0 134 0.841894 1
gene 1 34 38 -1.69218 0 135 -1.69218 1
gene 1 34 39 -1.1517 0 136 -1.1517 1
gene 1 35 36 -0.539929 0 137 -0.539929 1
gene 1 35 37 -1.37059 0 138 -1.37059 1
gene 1 35 38 -0.783226 0 139 -0.783226 1
gene 1 35 39 -2.73436 0 140 -2.73436 1
genomeend 82


