/* Organism #83 Fitness: 20297.492000 Time: 0 */
genomestart 83
trait 1 0.100000 0.000000 0.000000 0.282443 0.000000 0.000000 0.930488 0.000000 
node 1 1 1 1
node 2 1 1 1
node 3 1 1 1
node 4 1 1 1
node 5 1 1 1
node 6 1 1 1
node 7 1 1 1
node 8 1 1 1
node 9 1 1 1
node 10 1 1 1
node 11 1 1 1
node 12 1 1 1
node 13 1 1 1
node 14 1 1 1
node 15 1 1 1
node 16 1 1 1
node 17 1 1 1
node 18 1 1 1
node 19 1 1 1
node 20 1 1 1
node 21 1 1 1
node 22 1 1 1
node 23 1 1 1
node 24 1 1 1
node 25 1 1 1
node 26 1 1 1
node 27 1 1 1
node 28 1 1 1
node 29 1 1 1
node 30 1 1 1
node 31 1 1 1
node 32 1 1 1
node 33 1 1 1
node 34 1 1 1
node 35 1 1 3
node 36 1 0 2
node 37 1 0 2
node 38 1 0 2
node 39 1 0 2
gene 1 1 36 -2.25147 0 1 -2.25147 1
gene 1 1 37 -0.356844 0 2 -0.356844 1
gene 1 1 38 -5 0 3 -5 1
gene 1 1 39 0.841925 0 4 0.841925 1
gene 1 2 36 0.175064 0 5 0.175064 1
gene 1 2 37 1.34531 0 6 1.34531 1
gene 1 2 38 -3.70614 0 7 -3.70614 1
gene 1 2 39 -4.1004 0 8 -4.1004 1
gene 1 3 36 -0.0486959 0 9 -0.0486959 1
gene 1 3 37 0.302001 0 10 0.302001 1
gene 1 3 38 1.49122 0 11 1.49122 1
gene 1 3 39 3.52255 0 12 3.52255 1
gene 1 4 36 -1.67654 0 13 -1.67654 1
gene 1 4 37 -0.305859 0 14 -0.305859 1
gene 1 4 38 -0.701911 0 15 -0.701911 1
gene 1 4 39 -0.324904 0 16 -0.324904 1
gene 1 5 36 -0.509565 0 17 -0.509565 1
gene 1 5 37 -2.78806 0 18 -2.78806 1
gene 1 5 38 2.00158 0 19 2.00158 1
gene 1 5 39 0.903034 0 20 0.903034 1
gene 1 6 36 2.13529 0 21 2.13529 1
gene 1 6 37 1.60166 0 22 1.60166 1
gene 1 6 38 -2.63806 0 23 -2.63806 1
gene 1 6 39 -0.98508 0 24 -0.98508 1
gene 1 7 36 4.7344 0 25 4.7344 1
gene 1 7 37 0.621527 0 26 0.621527 1
gene 1 7 38 -0.735199 0 27 -0.735199 1
gene 1 7 39 -2.03953 0 28 -2.03953 1
gene 1 8 36 0.0772382 0 29 0.0772382 1
gene 1 8 37 4.94635 0 30 4.94635 1
gene 1 8 38 -2.5592 0 31 -2.5592 1
gene 1 8 39 -3.78754 0 32 -3.78754 1
gene 1 9 36 -3.1153 0 33 -3.1153 1
gene 1 9 37 -0.139665 0 34 -0.139665 1
gene 1 9 38 0.937729 0 35 0.937729 1
gene 1 9 39 3.26775 0 36 3.26775 1
gene 1 10 36 -0.599665 0 37 -0.599665 1
gene 1 10 37 1.17206 0 38 1.17206 1
gene 1 10 38 4.65079 0 39 4.65079 1
gene 1 10 39 -2.62433 0 40 -2.62433 1
gene 1 11 36 1.52316 0 41 1.52316 1
gene 1 11 37 -3.72184 0 42 -3.72184 1
gene 1 11 38 0.321155 0 43 0.321155 1
gene 1 11 39 2.36936 0 44 2.36936 1
gene 1 12 36 0.651039 0 45 0.651039 1
gene 1 12 37 1.27636 0 46 1.27636 1
gene 1 12 38 -1.88731 0 47 -1.88731 1
gene 1 12 39 4.05365 0 48 4.05365 1
gene 1 13 36 0.729138 0 49 0.729138 1
gene 1 13 37 -0.88205 0 50 -0.88205 1
gene 1 13 38 -0.869033 0 51 -0.869033 1
gene 1 13 39 -0.530745 0 52 -0.530745 1
gene 1 14 36 -0.934702 0 53 -0.934702 1
gene 1 14 37 -0.389955 0 54 -0.389955 1
gene 1 14 38 -1.48093 0 55 -1.48093 1
gene 1 14 39 -1.75397 0 56 -1.75397 1
gene 1 15 36 0.727882 0 57 0.727882 1
gene 1 15 37 -3.91152 0 58 -3.91152 1
gene 1 15 38 2.16913 0 59 2.16913 1
gene 1 15 39 0.932172 0 60 0.932172 1
gene 1 16 36 0.319715 0 61 0.319715 1
gene 1 16 37 1.76703 0 62 1.76703 1
gene 1 16 38 -3.56337 0 63 -3.56337 1
gene 1 16 39 0.478426 0 64 0.478426 1
gene 1 17 36 0.207109 0 65 0.207109 1
gene 1 17 37 -0.93215 0 66 -0.93215 1
gene 1 17 38 -1.09637 0 67 -1.09637 1
gene 1 17 39 -0.0336013 0 68 -0.0336013 1
gene 1 18 36 5 0 69 5 1
gene 1 18 37 0.289695 0 70 0.289695 1
gene 1 18 38 -0.502006 0 71 -0.502006 1
gene 1 18 39 -0.74968 0 72 -0.74968 1
gene 1 19 36 4.09552 0 73 4.09552 1
gene 1 19 37 -0.830423 0 74 -0.830423 1
gene 1 19 38 -5 0 75 -5 1
gene 1 19 39 -3.79006 0 76 -3.79006 1
gene 1 20 36 -1.34434 0 77 -1.34434 1
gene 1 20 37 -0.720943 0 78 -0.720943 1
gene 1 20 38 4.03468 0 79 4.03468 1
gene 1 20 39 1.75208 0 80 1.75208 1
gene 1 21 36 -2.12817 0 81 -2.12817 1
gene 1 21 37 -2.84263 0 82 -2.84263 1
gene 1 21 38 -2.41208 0 83 -2.41208 1
gene 1 21 39 -1.83328 0 84 -1.83328 1
gene 1 22 36 -3.47245 0 85 -3.47245 1
gene 1 22 37 4.42599 0 86 4.42599 1
gene 1 22 38 0.364422 0 87 0.364422 1
gene 1 22 39 1.95023 0 88 1.95023 1
gene 1 23 36 -1.29054 0 89 -1.29054 1
gene 1 23 37 -0.481364 0 90 -0.481364 1
gene 1 23 38 -1.47907 0 91 -1.47907 1
gene 1 23 39 0.482695 0 92 0.482695 1
gene 1 24 36 -1.76584 0 93 -1.76584 1
gene 1 24 37 -0.195576 0 94 -0.195576 1
gene 1 24 38 -0.763998 0 95 -0.763998 1
gene 1 24 39 0.284912 0 96 0.284912 1
gene 1 25 36 -2.82771 0 97 -2.82771 1
gene 1 25 37 1.24906 0 98 1.24906 1
gene 1 25 38 1.30043 0 99 1.30043 1
gene 1 25 39 3.11641 0 100 3.11641 1
gene 1 26 36 -4.12985 0 101 -4.12985 1
gene 1 26 37 -2.90025 0 102 -2.90025 1
gene 1 26 38 -0.753949 0 103 -0.753949 1
gene 1 26 39 -1.1062 0 104 -1.1062 1
gene 1 27 36 0.342434 0 105 0.342434 1
gene 1 27 37 2.26273 0 106 2.26273 1
gene 1 27 38 -3.35277 0 107 -3.35277 1
gene 1 27 39 0.449325 0 108 0.449325 1
gene 1 28 36 -0.447152 0 109 -0.447152 1
gene 1 28 37 -0.106237 0 110 -0.106237 1
gene 1 28 38 -0.374622 0 111 -0.374622 1
gene 1 28 39 -0.536994 0 112 -0.536994 1
gene 1 29 36 -0.463142 0 113 -0.463142 1
gene 1 29 37 -0.026664 0 114 -0.026664 1
gene 1 29 38 -1.27592 0 115 -1.27592 1
gene 1 29 39 0.418847 0 116 0.418847 1
gene 1 30 36 -0.904102 0 117 -0.904102 1
gene 1 30 37 0.190469 0 118 0.190469 1
gene 1 30 38 0.935232 0 119 0.935232 1
gene 1 30 39 -0.982197 0 120 -0.982197 1
gene 1 31 36 -0.0177494 0 121 -0.0177494 1
gene 1 31 37 0.670098 0 122 0.670098 1
gene 1 31 38 -2.26214 0 123 -2.26214 1
gene 1 31 39 -0.819811 0 124 -0.819811 1
gene 1 32 36 0.38509 0 125 0.38509 1
gene 1 32 37 -1.31931 0 126 -1.31931 1
gene 1 32 38 1.83066 0 127 1.83066 1
gene 1 32 39 -0.203546 0 128 -0.203546 1
gene 1 33 36 0.255555 0 129 0.255555 1
gene 1 33 37 -0.422991 0 130 -0.422991 1
gene 1 33 38 -0.462014 0 131 -0.462014 1
gene 1 33 39 -0.300809 0 132 -0.300809 1
gene 1 34 36 -1.15209 0 133 -1.15209 1
gene 1 34 37 -2.41964 0 134 -2.41964 1
gene 1 34 38 0.491808 0 135 0.491808 1
gene 1 34 39 -1.62756 0 136 -1.62756 1
gene 1 35 36 1.90585 0 137 1.90585 1
gene 1 35 37 1.86283 0 138 1.86283 1
gene 1 35 38 -0.36603 0 139 -0.36603 1
gene 1 35 39 2.68943 0 140 2.68943 1
genomeend 83


