/* Organism #0 Fitness: 20004.616000 Time: 0 */
genomestart 0
trait 1 0.000000 0.000000 0.407864 0.000000 0.000000 0.491985 0.726241 0.000000 
node 1 1 1 1
node 2 1 1 1
node 3 1 1 1
node 4 1 1 1
node 5 1 1 1
node 6 1 1 1
node 7 1 1 1
node 8 1 1 1
node 9 1 1 1
node 10 1 1 1
node 11 1 1 1
node 12 1 1 1
node 13 1 1 1
node 14 1 1 1
node 15 1 1 1
node 16 1 1 1
node 17 1 1 1
node 18 1 1 1
node 19 1 1 1
node 20 1 1 1
node 21 1 1 1
node 22 1 1 1
node 23 1 1 1
node 24 1 1 1
node 25 1 1 1
node 26 1 1 1
node 27 1 1 1
node 28 1 1 1
node 29 1 1 1
node 30 1 1 1
node 31 1 1 1
node 32 1 1 1
node 33 1 1 1
node 34 1 1 1
node 35 1 1 3
node 36 1 0 2
node 37 1 0 2
node 38 1 0 2
node 39 1 0 2
gene 1 1 36 -1.33596 0 1 -1.33596 1
gene 1 1 37 2.88331 0 2 2.88331 1
gene 1 1 38 -0.0703368 0 3 -0.0703368 1
gene 1 1 39 2.08684 0 4 2.08684 1
gene 1 2 36 4.86361 0 5 4.86361 1
gene 1 2 37 2.67308 0 6 2.67308 1
gene 1 2 38 -1.17901 0 7 -1.17901 1
gene 1 2 39 4.51359 0 8 4.51359 1
gene 1 3 36 0.101189 0 9 0.101189 1
gene 1 3 37 -0.260779 0 10 -0.260779 1
gene 1 3 38 -2.71675 0 11 -2.71675 1
gene 1 3 39 1.25803 0 12 1.25803 1
gene 1 4 36 5 0 13 5 1
gene 1 4 37 2.42356 0 14 2.42356 1
gene 1 4 38 5 0 15 5 1
gene 1 4 39 -4.69382 0 16 -4.69382 1
gene 1 5 36 1.37913 0 17 1.37913 1
gene 1 5 37 3.95518 0 18 3.95518 1
gene 1 5 38 -1.66362 0 19 -1.66362 1
gene 1 5 39 3.59769 0 20 3.59769 1
gene 1 6 36 3.99932 0 21 3.99932 1
gene 1 6 37 -4.50572 0 22 -4.50572 1
gene 1 6 38 -3.72828 0 23 -3.72828 1
gene 1 6 39 -0.851823 0 24 -0.851823 1
gene 1 7 36 2.96013 0 25 2.96013 1
gene 1 7 37 -0.289962 0 26 -0.289962 1
gene 1 7 38 -4.30583 0 27 -4.30583 1
gene 1 7 39 0.0645205 0 28 0.0645205 1
gene 1 8 36 -4.39274 0 29 -4.39274 1
gene 1 8 37 0.20615 0 30 0.20615 1
gene 1 8 38 -3.90939 0 31 -3.90939 1
gene 1 8 39 -1.1469 0 32 -1.1469 1
gene 1 9 36 -0.543559 0 33 -0.543559 1
gene 1 9 37 0.473609 0 34 0.473609 1
gene 1 9 38 -1.34596 0 35 -1.34596 1
gene 1 9 39 -0.653093 0 36 -0.653093 1
gene 1 10 36 -2.24634 0 37 -2.24634 1
gene 1 10 37 0.577685 0 38 0.577685 1
gene 1 10 38 0.345737 0 39 0.345737 1
gene 1 10 39 3.02003 0 40 3.02003 1
gene 1 11 36 0.0287201 0 41 0.0287201 1
gene 1 11 37 0.532801 0 42 0.532801 1
gene 1 11 38 0.0274213 0 43 0.0274213 1
gene 1 11 39 -4.54192 0 44 -4.54192 1
gene 1 12 36 0.149419 0 45 0.149419 1
gene 1 12 37 -0.602525 0 46 -0.602525 1
gene 1 12 38 0.11423 0 47 0.11423 1
gene 1 12 39 4.95315 0 48 4.95315 1
gene 1 13 36 -0.45098 0 49 -0.45098 1
gene 1 13 37 1.01851 0 50 1.01851 1
gene 1 13 38 1.60171 0 51 1.60171 1
gene 1 13 39 2.27879 0 52 2.27879 1
gene 1 14 36 4.48812 0 53 4.48812 1
gene 1 14 37 1.99646 0 54 1.99646 1
gene 1 14 38 2.03862 0 55 2.03862 1
gene 1 14 39 0.709101 0 56 0.709101 1
gene 1 15 36 -0.356851 0 57 -0.356851 1
gene 1 15 37 -4.05006 0 58 -4.05006 1
gene 1 15 38 0.529208 0 59 0.529208 1
gene 1 15 39 1.94171 0 60 1.94171 1
gene 1 16 36 2.85669 0 61 2.85669 1
gene 1 16 37 0.607832 0 62 0.607832 1
gene 1 16 38 -1.68278 0 63 -1.68278 1
gene 1 16 39 -2.73397 0 64 -2.73397 1
gene 1 17 36 2.1381 0 65 2.1381 1
gene 1 17 37 0.869781 0 66 0.869781 1
gene 1 17 38 -5 0 67 -5 1
gene 1 17 39 0.45771 0 68 0.45771 1
gene 1 18 36 3.04003 0 69 3.04003 1
gene 1 18 37 -0.192885 0 70 -0.192885 1
gene 1 18 38 0.191381 0 71 0.191381 1
gene 1 18 39 2.22337 0 72 2.22337 1
gene 1 19 36 3.7187 0 73 3.7187 1
gene 1 19 37 5 0 74 5 1
gene 1 19 38 1.77682 0 75 1.77682 1
gene 1 19 39 -0.24894 0 76 -0.24894 1
gene 1 20 36 -0.284231 0 77 -0.284231 1
gene 1 20 37 -0.356468 0 78 -0.356468 1
gene 1 20 38 -0.368646 0 79 -0.368646 1
gene 1 20 39 1.70706 0 80 1.70706 1
gene 1 21 36 -0.308007 0 81 -0.308007 1
gene 1 21 37 -2.30051 0 82 -2.30051 1
gene 1 21 38 0.184013 0 83 0.184013 1
gene 1 21 39 3.84133 0 84 3.84133 1
gene 1 22 36 -2.29167 0 85 -2.29167 1
gene 1 22 37 -0.626642 0 86 -0.626642 1
gene 1 22 38 2.41039 0 87 2.41039 1
gene 1 22 39 0.47748 0 88 0.47748 1
gene 1 23 36 -3.26284 0 89 -3.26284 1
gene 1 23 37 -4.0611 0 90 -4.0611 1
gene 1 23 38 -3.9994 0 91 -3.9994 1
gene 1 23 39 1.59122 0 92 1.59122 1
gene 1 24 36 0.858698 0 93 0.858698 1
gene 1 24 37 0.209437 0 94 0.209437 1
gene 1 24 38 -1.20548 0 95 -1.20548 1
gene 1 24 39 0.496909 0 96 0.496909 1
gene 1 25 36 -2.57237 0 97 -2.57237 1
gene 1 25 37 1.46564 0 98 1.46564 1
gene 1 25 38 4.18219 0 99 4.18219 1
gene 1 25 39 1.63073 0 100 1.63073 1
gene 1 26 36 2.87406 0 101 2.87406 1
gene 1 26 37 -1.3453 0 102 -1.3453 1
gene 1 26 38 1.74659 0 103 1.74659 1
gene 1 26 39 2.4322 0 104 2.4322 1
gene 1 27 36 0.394059 0 105 0.394059 1
gene 1 27 37 0.882192 0 106 0.882192 1
gene 1 27 38 0.69135 0 107 0.69135 1
gene 1 27 39 4.36241 0 108 4.36241 1
gene 1 28 36 0.359051 0 109 0.359051 1
gene 1 28 37 -0.192299 0 110 -0.192299 1
gene 1 28 38 -3.11908 0 111 -3.11908 1
gene 1 28 39 -1.60654 0 112 -1.60654 1
gene 1 29 36 -3.32128 0 113 -3.32128 1
gene 1 29 37 -1.64427 0 114 -1.64427 1
gene 1 29 38 0.563527 0 115 0.563527 1
gene 1 29 39 0.939567 0 116 0.939567 1
gene 1 30 36 -0.272403 0 117 -0.272403 1
gene 1 30 37 1.95059 0 118 1.95059 1
gene 1 30 38 0.123243 0 119 0.123243 1
gene 1 30 39 0.828147 0 120 0.828147 1
gene 1 31 36 0.0621957 0 121 0.0621957 1
gene 1 31 37 -1.01003 0 122 -1.01003 1
gene 1 31 38 -1.79882 0 123 -1.79882 1
gene 1 31 39 4.34983 0 124 4.34983 1
gene 1 32 36 0.902639 0 125 0.902639 1
gene 1 32 37 -1.34478 0 126 -1.34478 1
gene 1 32 38 -0.802838 0 127 -0.802838 1
gene 1 32 39 0.419407 0 128 0.419407 1
gene 1 33 36 0.251243 0 129 0.251243 1
gene 1 33 37 1.63437 0 130 1.63437 1
gene 1 33 38 -0.184066 0 131 -0.184066 1
gene 1 33 39 0.679513 0 132 0.679513 1
gene 1 34 36 2.02243 0 133 2.02243 1
gene 1 34 37 0.449453 0 134 0.449453 1
gene 1 34 38 2.5622 0 135 2.5622 1
gene 1 34 39 -0.383814 0 136 -0.383814 1
gene 1 35 36 0.575392 0 137 0.575392 1
gene 1 35 37 -0.942484 0 138 -0.942484 1
gene 1 35 38 0.638885 0 139 0.638885 1
gene 1 35 39 0.912214 0 140 0.912214 1
genomeend 0


