/* Organism #6 Fitness: 20434.728000 Time: 0 */
genomestart 6
trait 1 0.786415 0.000000 0.000000 0.151566 0.955932 0.000000 0.733981 0.000000 
node 1 1 1 1
node 2 1 1 1
node 3 1 1 1
node 4 1 1 1
node 5 1 1 1
node 6 1 1 1
node 7 1 1 1
node 8 1 1 1
node 9 1 1 1
node 10 1 1 1
node 11 1 1 1
node 12 1 1 1
node 13 1 1 1
node 14 1 1 1
node 15 1 1 1
node 16 1 1 1
node 17 1 1 1
node 18 1 1 1
node 19 1 1 1
node 20 1 1 1
node 21 1 1 1
node 22 1 1 1
node 23 1 1 1
node 24 1 1 1
node 25 1 1 1
node 26 1 1 1
node 27 1 1 1
node 28 1 1 1
node 29 1 1 1
node 30 1 1 1
node 31 1 1 1
node 32 1 1 1
node 33 1 1 1
node 34 1 1 1
node 35 1 1 3
node 36 1 0 2
node 37 1 0 2
node 38 1 0 2
node 39 1 0 2
gene 1 1 36 0.624052 0 1 0.624052 1
gene 1 1 37 -1.39427 0 2 -1.39427 1
gene 1 1 38 -2.02595 0 3 -2.02595 1
gene 1 1 39 0.0931575 0 4 0.0931575 1
gene 1 2 36 -0.759126 0 5 -0.759126 1
gene 1 2 37 -2.68523 0 6 -2.68523 1
gene 1 2 38 0.212955 0 7 0.212955 1
gene 1 2 39 -0.797925 0 8 -0.797925 1
gene 1 3 36 -2.3114 0 9 -2.3114 1
gene 1 3 37 -3.99342 0 10 -3.99342 1
gene 1 3 38 -1.19224 0 11 -1.19224 1
gene 1 3 39 -5 0 12 -5 1
gene 1 4 36 0.427639 0 13 0.427639 1
gene 1 4 37 0.165303 0 14 0.165303 1
gene 1 4 38 -5 0 15 -5 1
gene 1 4 39 -1.19434 0 16 -1.19434 1
gene 1 5 36 1.3264 0 17 1.3264 1
gene 1 5 37 0.638433 0 18 0.638433 1
gene 1 5 38 1.1636 0 19 1.1636 1
gene 1 5 39 -1.18652 0 20 -1.18652 1
gene 1 6 36 -0.123733 0 21 -0.123733 1
gene 1 6 37 -2.62716 0 22 -2.62716 1
gene 1 6 38 -4.40167 0 23 -4.40167 1
gene 1 6 39 -4.89995 0 24 -4.89995 1
gene 1 7 36 -4.70785 0 25 -4.70785 1
gene 1 7 37 2.16055 0 26 2.16055 1
gene 1 7 38 2.43896 0 27 2.43896 1
gene 1 7 39 -1.24565 0 28 -1.24565 1
gene 1 8 36 -2.96731 0 29 -2.96731 1
gene 1 8 37 1.61598 0 30 1.61598 1
gene 1 8 38 1.02936 0 31 1.02936 1
gene 1 8 39 -2.14732 0 32 -2.14732 1
gene 1 9 36 4.12589 0 33 4.12589 1
gene 1 9 37 3.37745 0 34 3.37745 1
gene 1 9 38 4.30556 0 35 4.30556 1
gene 1 9 39 -0.611783 0 36 -0.611783 1
gene 1 10 36 -1.56863 0 37 -1.56863 1
gene 1 10 37 5 0 38 5 1
gene 1 10 38 -3.81982 0 39 -3.81982 1
gene 1 10 39 2.7721 0 40 2.7721 1
gene 1 11 36 -0.90201 0 41 -0.90201 1
gene 1 11 37 1.14462 0 42 1.14462 1
gene 1 11 38 2.03201 0 43 2.03201 1
gene 1 11 39 -0.351914 0 44 -0.351914 1
gene 1 12 36 -0.779006 0 45 -0.779006 1
gene 1 12 37 0.781651 0 46 0.781651 1
gene 1 12 38 0.220655 0 47 0.220655 1
gene 1 12 39 3.19399 0 48 3.19399 1
gene 1 13 36 -1.80168 0 49 -1.80168 1
gene 1 13 37 -2.58361 0 50 -2.58361 1
gene 1 13 38 -0.793339 0 51 -0.793339 1
gene 1 13 39 1.09412 0 52 1.09412 1
gene 1 14 36 -3.93052 0 53 -3.93052 1
gene 1 14 37 -2.2066 0 54 -2.2066 1
gene 1 14 38 1.72832 0 55 1.72832 1
gene 1 14 39 -4.13419 0 56 -4.13419 1
gene 1 15 36 -4.88726 0 57 -4.88726 1
gene 1 15 37 0.451388 0 58 0.451388 1
gene 1 15 38 -4.39434 0 59 -4.39434 1
gene 1 15 39 -0.0537475 0 60 -0.0537475 1
gene 1 16 36 0.592752 0 61 0.592752 1
gene 1 16 37 -0.24406 0 62 -0.24406 1
gene 1 16 38 2.95305 0 63 2.95305 1
gene 1 16 39 0.404761 0 64 0.404761 1
gene 1 17 36 -0.613144 0 65 -0.613144 1
gene 1 17 37 -4.31396 0 66 -4.31396 1
gene 1 17 38 0.200448 0 67 0.200448 1
gene 1 17 39 -4.03951 0 68 -4.03951 1
gene 1 18 36 -5 0 69 -5 1
gene 1 18 37 -1.23978 0 70 -1.23978 1
gene 1 18 38 0.00132363 0 71 0.00132363 1
gene 1 18 39 -1.03844 0 72 -1.03844 1
gene 1 19 36 0.1968 0 73 0.1968 1
gene 1 19 37 -3.30806 0 74 -3.30806 1
gene 1 19 38 -0.850343 0 75 -0.850343 1
gene 1 19 39 0.729033 0 76 0.729033 1
gene 1 20 36 4.84791 0 77 4.84791 1
gene 1 20 37 1.39757 0 78 1.39757 1
gene 1 20 38 1.28193 0 79 1.28193 1
gene 1 20 39 1.93264 0 80 1.93264 1
gene 1 21 36 -1.42842 0 81 -1.42842 1
gene 1 21 37 0.948048 0 82 0.948048 1
gene 1 21 38 1.30981 0 83 1.30981 1
gene 1 21 39 2.30636 0 84 2.30636 1
gene 1 22 36 -3.10643 0 85 -3.10643 1
gene 1 22 37 -3.23393 0 86 -3.23393 1
gene 1 22 38 -0.125491 0 87 -0.125491 1
gene 1 22 39 2.22013 0 88 2.22013 1
gene 1 23 36 0.791344 0 89 0.791344 1
gene 1 23 37 -0.40981 0 90 -0.40981 1
gene 1 23 38 1.45458 0 91 1.45458 1
gene 1 23 39 -1.2727 0 92 -1.2727 1
gene 1 24 36 -4.06393 0 93 -4.06393 1
gene 1 24 37 -1.23497 0 94 -1.23497 1
gene 1 24 38 -5 0 95 -5 1
gene 1 24 39 0.964862 0 96 0.964862 1
gene 1 25 36 0.429039 0 97 0.429039 1
gene 1 25 37 -1.51295 0 98 -1.51295 1
gene 1 25 38 -0.994857 0 99 -0.994857 1
gene 1 25 39 4.23127 0 100 4.23127 1
gene 1 26 36 2.41807 0 101 2.41807 1
gene 1 26 37 -0.606424 0 102 -0.606424 1
gene 1 26 38 0.390489 0 103 0.390489 1
gene 1 26 39 2.10953 0 104 2.10953 1
gene 1 27 36 -3.52112 0 105 -3.52112 1
gene 1 27 37 -0.0242831 0 106 -0.0242831 1
gene 1 27 38 -1.90115 0 107 -1.90115 1
gene 1 27 39 1.79576 0 108 1.79576 1
gene 1 28 36 3.32716 0 109 3.32716 1
gene 1 28 37 5 0 110 5 1
gene 1 28 38 2.95931 0 111 2.95931 1
gene 1 28 39 -2.24849 0 112 -2.24849 1
gene 1 29 36 -1.78677 0 113 -1.78677 1
gene 1 29 37 -3.35736 0 114 -3.35736 1
gene 1 29 38 -0.0453669 0 115 -0.0453669 1
gene 1 29 39 -0.871361 0 116 -0.871361 1
gene 1 30 36 3.24701 0 117 3.24701 1
gene 1 30 37 0.20351 0 118 0.20351 1
gene 1 30 38 1.5744 0 119 1.5744 1
gene 1 30 39 0.343884 0 120 0.343884 1
gene 1 31 36 0.37843 0 121 0.37843 1
gene 1 31 37 -1.31932 0 122 -1.31932 1
gene 1 31 38 0.645638 0 123 0.645638 1
gene 1 31 39 -0.88664 0 124 -0.88664 1
gene 1 32 36 -0.737984 0 125 -0.737984 1
gene 1 32 37 -2.256 0 126 -2.256 1
gene 1 32 38 -0.495628 0 127 -0.495628 1
gene 1 32 39 -0.370448 0 128 -0.370448 1
gene 1 33 36 -0.899616 0 129 -0.899616 1
gene 1 33 37 -0.285462 0 130 -0.285462 1
gene 1 33 38 0.14493 0 131 0.14493 1
gene 1 33 39 0.754505 0 132 0.754505 1
gene 1 34 36 0.451044 0 133 0.451044 1
gene 1 34 37 -0.246419 0 134 -0.246419 1
gene 1 34 38 0.941025 0 135 0.941025 1
gene 1 34 39 -0.778873 0 136 -0.778873 1
gene 1 35 36 -5 0 137 -5 1
gene 1 35 37 -0.37519 0 138 -0.37519 1
gene 1 35 38 -1.23756 0 139 -1.23756 1
gene 1 35 39 1.94517 0 140 1.94517 1
genomeend 6


