/* Organism #0 Fitness: 19979.476000 Time: 0 */
genomestart 0
trait 1 0.192928 0.000000 0.067618 0.000000 0.998301 0.000000 0.000000 0.000000 
node 1 1 1 1
node 2 1 1 1
node 3 1 1 1
node 4 1 1 1
node 5 1 1 1
node 6 1 1 1
node 7 1 1 1
node 8 1 1 1
node 9 1 1 1
node 10 1 1 1
node 11 1 1 1
node 12 1 1 1
node 13 1 1 1
node 14 1 1 1
node 15 1 1 1
node 16 1 1 1
node 17 1 1 1
node 18 1 1 1
node 19 1 1 1
node 20 1 1 1
node 21 1 1 1
node 22 1 1 1
node 23 1 1 1
node 24 1 1 1
node 25 1 1 1
node 26 1 1 1
node 27 1 1 1
node 28 1 1 1
node 29 1 1 1
node 30 1 1 1
node 31 1 1 1
node 32 1 1 1
node 33 1 1 1
node 34 1 1 1
node 35 1 1 3
node 36 1 0 2
node 37 1 0 2
node 38 1 0 2
node 39 1 0 2
gene 1 1 36 -1.15278 0 1 -1.15278 1
gene 1 1 37 0.559071 0 2 0.559071 1
gene 1 1 38 -0.332402 0 3 -0.332402 1
gene 1 1 39 -0.96565 0 4 -0.96565 1
gene 1 2 36 2.54658 0 5 2.54658 1
gene 1 2 37 0.808609 0 6 0.808609 1
gene 1 2 38 -4.18424 0 7 -4.18424 1
gene 1 2 39 5 0 8 5 1
gene 1 3 36 3.36138 0 9 3.36138 1
gene 1 3 37 0.90388 0 10 0.90388 1
gene 1 3 38 -0.600624 0 11 -0.600624 1
gene 1 3 39 0.932153 0 12 0.932153 1
gene 1 4 36 -0.843181 0 13 -0.843181 1
gene 1 4 37 -0.997654 0 14 -0.997654 1
gene 1 4 38 2.44228 0 15 2.44228 1
gene 1 4 39 -1.82002 0 16 -1.82002 1
gene 1 5 36 0.626356 0 17 0.626356 1
gene 1 5 37 1.32368 0 18 1.32368 1
gene 1 5 38 0.0539996 0 19 0.0539996 1
gene 1 5 39 2.88947 0 20 2.88947 1
gene 1 6 36 5 0 21 5 1
gene 1 6 37 -3.13003 0 22 -3.13003 1
gene 1 6 38 2.29906 0 23 2.29906 1
gene 1 6 39 0.226359 0 24 0.226359 1
gene 1 7 36 1.4141 0 25 1.4141 1
gene 1 7 37 -1.96805 0 26 -1.96805 1
gene 1 7 38 -0.825478 0 27 -0.825478 1
gene 1 7 39 0.666671 0 28 0.666671 1
gene 1 8 36 -1.72019 0 29 -1.72019 1
gene 1 8 37 5 0 30 5 1
gene 1 8 38 -3.13873 0 31 -3.13873 1
gene 1 8 39 -2.91827 0 32 -2.91827 1
gene 1 9 36 -2.93403 0 33 -2.93403 1
gene 1 9 37 -1.8002 0 34 -1.8002 1
gene 1 9 38 -1.4838 0 35 -1.4838 1
gene 1 9 39 4.41902 0 36 4.41902 1
gene 1 10 36 0.018797 0 37 0.018797 1
gene 1 10 37 1.29305 0 38 1.29305 1
gene 1 10 38 -0.711543 0 39 -0.711543 1
gene 1 10 39 -0.771209 0 40 -0.771209 1
gene 1 11 36 1.98058 0 41 1.98058 1
gene 1 11 37 0.662397 0 42 0.662397 1
gene 1 11 38 1.24271 0 43 1.24271 1
gene 1 11 39 -0.691773 0 44 -0.691773 1
gene 1 12 36 -0.915719 0 45 -0.915719 1
gene 1 12 37 2.00856 0 46 2.00856 1
gene 1 12 38 0.77907 0 47 0.77907 1
gene 1 12 39 0.57536 0 48 0.57536 1
gene 1 13 36 0.0470583 0 49 0.0470583 1
gene 1 13 37 3.28781 0 50 3.28781 1
gene 1 13 38 1.39359 0 51 1.39359 1
gene 1 13 39 -1.8757 0 52 -1.8757 1
gene 1 14 36 -0.907694 0 53 -0.907694 1
gene 1 14 37 -0.39886 0 54 -0.39886 1
gene 1 14 38 -1.37156 0 55 -1.37156 1
gene 1 14 39 2.42317 0 56 2.42317 1
gene 1 15 36 -3.3709 0 57 -3.3709 1
gene 1 15 37 3.69433 0 58 3.69433 1
gene 1 15 38 0.399152 0 59 0.399152 1
gene 1 15 39 -3.29686 0 60 -3.29686 1
gene 1 16 36 0.343834 0 61 0.343834 1
gene 1 16 37 0.406086 0 62 0.406086 1
gene 1 16 38 -2.03913 0 63 -2.03913 1
gene 1 16 39 1.54039 0 64 1.54039 1
gene 1 17 36 1.06062 0 65 1.06062 1
gene 1 17 37 -0.0788193 0 66 -0.0788193 1
gene 1 17 38 3.50197 0 67 3.50197 1
gene 1 17 39 -2.28732 0 68 -2.28732 1
gene 1 18 36 -2.19204 0 69 -2.19204 1
gene 1 18 37 -0.453257 0 70 -0.453257 1
gene 1 18 38 0.375527 0 71 0.375527 1
gene 1 18 39 4.36612 0 72 4.36612 1
gene 1 19 36 0.221483 0 73 0.221483 1
gene 1 19 37 -0.36544 0 74 -0.36544 1
gene 1 19 38 1.84664 0 75 1.84664 1
gene 1 19 39 4.97329 0 76 4.97329 1
gene 1 20 36 -3.13908 0 77 -3.13908 1
gene 1 20 37 3.3783 0 78 3.3783 1
gene 1 20 38 -3.82452 0 79 -3.82452 1
gene 1 20 39 0.576733 0 80 0.576733 1
gene 1 21 36 4.09818 0 81 4.09818 1
gene 1 21 37 -2.02978 0 82 -2.02978 1
gene 1 21 38 0.530799 0 83 0.530799 1
gene 1 21 39 -2.04121 0 84 -2.04121 1
gene 1 22 36 -0.926741 0 85 -0.926741 1
gene 1 22 37 2.81221 0 86 2.81221 1
gene 1 22 38 -2.58737 0 87 -2.58737 1
gene 1 22 39 -1.82688 0 88 -1.82688 1
gene 1 23 36 -1.66414 0 89 -1.66414 1
gene 1 23 37 0.311024 0 90 0.311024 1
gene 1 23 38 -0.787714 0 91 -0.787714 1
gene 1 23 39 -2.94757 0 92 -2.94757 1
gene 1 24 36 1.29307 0 93 1.29307 1
gene 1 24 37 -1.36463 0 94 -1.36463 1
gene 1 24 38 2.9408 0 95 2.9408 1
gene 1 24 39 2.23959 0 96 2.23959 1
gene 1 25 36 -1.0734 0 97 -1.0734 1
gene 1 25 37 1.98053 0 98 1.98053 1
gene 1 25 38 -0.141223 0 99 -0.141223 1
gene 1 25 39 0.45944 0 100 0.45944 1
gene 1 26 36 -0.8055 0 101 -0.8055 1
gene 1 26 37 -0.316428 0 102 -0.316428 1
gene 1 26 38 3.72472 0 103 3.72472 1
gene 1 26 39 1.71318 0 104 1.71318 1
gene 1 27 36 2.29292 0 105 2.29292 1
gene 1 27 37 -1.0734 0 106 -1.0734 1
gene 1 27 38 -1.91465 0 107 -1.91465 1
gene 1 27 39 2.95963 0 108 2.95963 1
gene 1 28 36 1.22202 0 109 1.22202 1
gene 1 28 37 3.05691 0 110 3.05691 1
gene 1 28 38 1.44296 0 111 1.44296 1
gene 1 28 39 1.21446 0 112 1.21446 1
gene 1 29 36 2.64728 0 113 2.64728 1
gene 1 29 37 -0.32933 0 114 -0.32933 1
gene 1 29 38 1.73746 0 115 1.73746 1
gene 1 29 39 -0.0559406 0 116 -0.0559406 1
gene 1 30 36 0.611272 0 117 0.611272 1
gene 1 30 37 -0.229035 0 118 -0.229035 1
gene 1 30 38 1.54831 0 119 1.54831 1
gene 1 30 39 0.187654 0 120 0.187654 1
gene 1 31 36 0.840863 0 121 0.840863 1
gene 1 31 37 0.0293264 0 122 0.0293264 1
gene 1 31 38 -0.0560885 0 123 -0.0560885 1
gene 1 31 39 -1.33091 0 124 -1.33091 1
gene 1 32 36 0.083622 0 125 0.083622 1
gene 1 32 37 -0.0946167 0 126 -0.0946167 1
gene 1 32 38 -0.631725 0 127 -0.631725 1
gene 1 32 39 -0.93727 0 128 -0.93727 1
gene 1 33 36 -0.93174 0 129 -0.93174 1
gene 1 33 37 0.148848 0 130 0.148848 1
gene 1 33 38 -0.972602 0 131 -0.972602 1
gene 1 33 39 -0.700924 0 132 -0.700924 1
gene 1 34 36 -0.589983 0 133 -0.589983 1
gene 1 34 37 -0.969528 0 134 -0.969528 1
gene 1 34 38 0.974796 0 135 0.974796 1
gene 1 34 39 0.562999 0 136 0.562999 1
gene 1 35 36 2.9262 0 137 2.9262 1
gene 1 35 37 1.84904 0 138 1.84904 1
gene 1 35 38 -1.77567 0 139 -1.77567 1
gene 1 35 39 0.676148 0 140 0.676148 1
genomeend 0


