/* Organism #2 Fitness: 36254.264000 Time: 0 */
genomestart 2
trait 1 0.510056 0.225805 0.000000 0.000000 0.000000 0.887685 0.000000 0.000000 
node 1 1 1 1
node 2 1 1 1
node 3 1 1 1
node 4 1 1 1
node 5 1 1 1
node 6 1 1 1
node 7 1 1 1
node 8 1 1 1
node 9 1 1 1
node 10 1 1 1
node 11 1 1 1
node 12 1 1 1
node 13 1 1 1
node 14 1 1 1
node 15 1 1 1
node 16 1 1 1
node 17 1 1 1
node 18 1 1 1
node 19 1 1 1
node 20 1 1 1
node 21 1 1 1
node 22 1 1 1
node 23 1 1 1
node 24 1 1 1
node 25 1 1 1
node 26 1 1 1
node 27 1 1 1
node 28 1 1 1
node 29 1 1 1
node 30 1 1 3
node 31 1 0 2
node 32 1 0 2
node 33 1 0 2
gene 1 1 31 0.22636 0 1 0.22636 1
gene 1 1 32 -0.215987 0 2 -0.215987 1
gene 1 1 33 -1.3244 0 3 -1.3244 1
gene 1 2 31 -0.545704 0 4 -0.545704 1
gene 1 2 32 -1.51678 0 5 -1.51678 1
gene 1 2 33 2.62509 0 6 2.62509 1
gene 1 3 31 -0.25711 0 7 -0.25711 1
gene 1 3 32 -2.47135 0 8 -2.47135 1
gene 1 3 33 -0.189022 0 9 -0.189022 1
gene 1 4 31 -0.367904 0 10 -0.367904 1
gene 1 4 32 0.145944 0 11 0.145944 1
gene 1 4 33 2.10911 0 12 2.10911 1
gene 1 5 31 1.98137 0 13 1.98137 1
gene 1 5 32 -2.53565 0 14 -2.53565 1
gene 1 5 33 0.854143 0 15 0.854143 1
gene 1 6 31 -1.46691 0 16 -1.46691 1
gene 1 6 32 4.82171 0 17 4.82171 1
gene 1 6 33 -3.40675 0 18 -3.40675 1
gene 1 7 31 3.56782 0 19 3.56782 1
gene 1 7 32 -1.48073 0 20 -1.48073 1
gene 1 7 33 5 0 21 5 1
gene 1 8 31 4.78795 0 22 4.78795 1
gene 1 8 32 3.05867 0 23 3.05867 1
gene 1 8 33 4.47185 0 24 4.47185 1
gene 1 9 31 -0.683905 0 25 -0.683905 1
gene 1 9 32 2.97924 0 26 2.97924 1
gene 1 9 33 2.65199 0 27 2.65199 1
gene 1 10 31 -3.53901 0 28 -3.53901 1
gene 1 10 32 -4.88557 0 29 -4.88557 1
gene 1 10 33 4.85869 0 30 4.85869 1
gene 1 11 31 3.16789 0 31 3.16789 1
gene 1 11 32 1.24614 0 32 1.24614 1
gene 1 11 33 -1.0151 0 33 -1.0151 1
gene 1 12 31 -0.149214 0 34 -0.149214 1
gene 1 12 32 -1.79871 0 35 -1.79871 1
gene 1 12 33 2.18387 0 36 2.18387 1
gene 1 13 31 -2.05731 0 37 -2.05731 1
gene 1 13 32 1.69461 0 38 1.69461 1
gene 1 13 33 2.2826 0 39 2.2826 1
gene 1 14 31 -0.63568 0 40 -0.63568 1
gene 1 14 32 -3.73036 0 41 -3.73036 1
gene 1 14 33 2.50434 0 42 2.50434 1
gene 1 15 31 0.696524 0 43 0.696524 1
gene 1 15 32 -4.39274 0 44 -4.39274 1
gene 1 15 33 -2.12943 0 45 -2.12943 1
gene 1 16 31 -1.62334 0 46 -1.62334 1
gene 1 16 32 0.340731 0 47 0.340731 1
gene 1 16 33 -1.54408 0 48 -1.54408 1
gene 1 17 31 0.0522325 0 49 0.0522325 1
gene 1 17 32 -1.09414 0 50 -1.09414 1
gene 1 17 33 2.74028 0 51 2.74028 1
gene 1 18 31 1.39313 0 52 1.39313 1
gene 1 18 32 -1.11913 0 53 -1.11913 1
gene 1 18 33 1.47208 0 54 1.47208 1
gene 1 19 31 0.787737 0 55 0.787737 1
gene 1 19 32 -0.895239 0 56 -0.895239 1
gene 1 19 33 -3.27393 0 57 -3.27393 1
gene 1 20 31 -0.513839 0 58 -0.513839 1
gene 1 20 32 -0.345105 0 59 -0.345105 1
gene 1 20 33 -1.07606 0 60 -1.07606 1
gene 1 21 31 0.907394 0 61 0.907394 1
gene 1 21 32 4.22706 0 62 4.22706 1
gene 1 21 33 3.89661 0 63 3.89661 1
gene 1 22 31 -0.327878 0 64 -0.327878 1
gene 1 22 32 3.67019 0 65 3.67019 1
gene 1 22 33 1.09011 0 66 1.09011 1
gene 1 23 31 4.55575 0 67 4.55575 1
gene 1 23 32 -2.50521 0 68 -2.50521 1
gene 1 23 33 0.272463 0 69 0.272463 1
gene 1 24 31 0.276575 0 70 0.276575 1
gene 1 24 32 -4.53776 0 71 -4.53776 1
gene 1 24 33 1.42949 0 72 1.42949 1
gene 1 25 31 -0.0906948 0 73 -0.0906948 1
gene 1 25 32 -1.53489 0 74 -1.53489 1
gene 1 25 33 -0.315148 0 75 -0.315148 1
gene 1 26 31 -0.858293 0 76 -0.858293 1
gene 1 26 32 -1.16288 0 77 -1.16288 1
gene 1 26 33 0.497654 0 78 0.497654 1
gene 1 27 31 2.33493 0 79 2.33493 1
gene 1 27 32 -0.28149 0 80 -0.28149 1
gene 1 27 33 1.20279 0 81 1.20279 1
gene 1 28 31 0.326668 0 82 0.326668 1
gene 1 28 32 -3.87214 0 83 -3.87214 1
gene 1 28 33 2.42314 0 84 2.42314 1
gene 1 29 31 0.301503 0 85 0.301503 1
gene 1 29 32 -0.863195 0 86 -0.863195 1
gene 1 29 33 0.672284 0 87 0.672284 1
gene 1 30 31 -1.66817 0 88 -1.66817 1
gene 1 30 32 -0.511873 0 89 -0.511873 1
gene 1 30 33 0.837758 0 90 0.837758 1
genomeend 2


